%
%
% Run:2017  Table:COMPGRID          SWAN version:41.10A
%
%       Xp            Yp            Depth         Hsig          Tm_10         TPsmoo        Tm01          Tm02          Dir           Dspr          Steepn        Dissip        Ssurf         Sfric         Swcap         Redist        Snl3          Snl4          Genera        Swind    
%       [m]           [m]           [m]           [m]           [sec]         [sec]         [sec]         [sec]         [degr]        [degr]        [ ]           [m2/s]        [m2/s]        [m2/s]        [m2/s]        [m2/s]        [m2/s]        [m2/s]        [m2/s]        [m2/s]   
%
           0.            0.       20.0000       1.01244        9.0114       10.0168        8.2229        7.3600         0.049       33.8066     0.0134587     0.0000001     0.0000000     0.0000001     0.0000000     0.0000000     0.0000000     0.0000000     0.0000000     0.0000000 
           0.            0.       20.0000       1.01243        9.0114       10.0168        8.2229        7.3600         0.049       33.8066     0.0134586     0.0000053     0.0000000     0.0000052     0.0000000     0.0000000     0.0000000     0.0000000     0.0000000     0.0000000 
           1.            0.       20.0000       1.01243        9.0114       10.0168        8.2229        7.3600         0.049       33.8066     0.0134586     0.0000053     0.0000000     0.0000052     0.0000000     0.0000000     0.0000000     0.0000000     0.0000000     0.0000000 
           2.            0.       20.0000       1.01243        9.0114       10.0168        8.2229        7.3600         0.049       33.8065     0.0134586     0.0000053     0.0000000     0.0000052     0.0000000     0.0000000     0.0000000     0.0000000     0.0000000     0.0000000 
           2.            0.       20.0000       1.01242        9.0114       10.0168        8.2229        7.3600         0.049       33.8065     0.0134585     0.0000053     0.0000000     0.0000052     0.0000000     0.0000000     0.0000000     0.0000000     0.0000000     0.0000000 
           2.            0.       20.0000       1.01242        9.0114       10.0168        8.2229        7.3600         0.049       33.8064     0.0134585     0.0000053     0.0000000     0.0000052     0.0000000     0.0000000     0.0000000     0.0000000     0.0000000     0.0000000 
           3.            0.       20.0000       1.01242        9.0114       10.0168        8.2229        7.3600         0.049       33.8064     0.0134585     0.0000053     0.0000000     0.0000052     0.0000000     0.0000000     0.0000000     0.0000000     0.0000000     0.0000000 
           4.            0.       20.0000       1.01242        9.0114       10.0168        8.2229        7.3600         0.048       33.8063     0.0134584     0.0000053     0.0000000     0.0000052     0.0000000     0.0000000     0.0000000     0.0000000     0.0000000     0.0000000 
           4.            0.       20.0000       1.01241        9.0114       10.0168        8.2229        7.3600         0.048       33.8063     0.0134584     0.0000053     0.0000000     0.0000052     0.0000000     0.0000000     0.0000000     0.0000000     0.0000000     0.0000000 
           4.            0.       20.0000       1.01241        9.0114       10.0168        8.2229        7.3600         0.048       33.8063     0.0134584     0.0000053     0.0000000     0.0000052     0.0000000     0.0000000     0.0000000     0.0000000     0.0000000     0.0000000 
           5.            0.       20.0000       1.01241        9.0114       10.0168        8.2229        7.3600         0.048       33.8062     0.0134583     0.0000053     0.0000000     0.0000052     0.0000000     0.0000000     0.0000000     0.0000000     0.0000000     0.0000000 
           6.            0.       20.0000       1.01240        9.0114       10.0168        8.2229        7.3600         0.048       33.8062     0.0134583     0.0000053     0.0000000     0.0000052     0.0000000     0.0000000     0.0000000     0.0000000     0.0000000     0.0000000 
           6.            0.       20.0000       1.01240        9.0114       10.0168        8.2229        7.3600         0.048       33.8062     0.0134583     0.0000053     0.0000000     0.0000052     0.0000000     0.0000000     0.0000000     0.0000000     0.0000000     0.0000000 
           6.            0.       20.0000       1.01240        9.0114       10.0168        8.2229        7.3600         0.048       33.8061     0.0134582     0.0000053     0.0000000     0.0000052     0.0000000     0.0000000     0.0000000     0.0000000     0.0000000     0.0000000 
           7.            0.       20.0000       1.01239        9.0114       10.0168        8.2229        7.3600         0.048       33.8061     0.0134582     0.0000053     0.0000000     0.0000052     0.0000000     0.0000000     0.0000000     0.0000000     0.0000000     0.0000000 
           8.            0.       20.0000       1.01239        9.0114       10.0168        8.2229        7.3600         0.048       33.8061     0.0134582     0.0000053     0.0000000     0.0000052     0.0000000     0.0000000     0.0000000     0.0000000     0.0000000     0.0000000 
           8.            0.       20.0000       1.01239        9.0114       10.0168        8.2229        7.3600         0.048       33.8060     0.0134581     0.0000053     0.0000000     0.0000052     0.0000000     0.0000000     0.0000000     0.0000000     0.0000000     0.0000000 
           8.            0.       20.0000       1.01239        9.0114       10.0168        8.2229        7.3600         0.048       33.8060     0.0134581     0.0000053     0.0000000     0.0000052     0.0000000     0.0000000     0.0000000     0.0000000     0.0000000     0.0000000 
           9.            0.       20.0000       1.01238        9.0114       10.0168        8.2229        7.3600         0.047       33.8062     0.0134581     0.0000053     0.0000000     0.0000052     0.0000000     0.0000000     0.0000000     0.0000000     0.0000000     0.0000000 
          10.            0.       20.0000       1.01238        9.0114       10.0168        8.2229        7.3600         0.047       33.8066     0.0134580     0.0000053     0.0000000     0.0000052     0.0000000     0.0000000     0.0000000     0.0000000     0.0000000     0.0000000 
          10.            0.       20.0000       1.01238        9.0114       10.0168        8.2229        7.3600         0.047       33.8081     0.0134580     0.0000053     0.0000000     0.0000052     0.0000000     0.0000000     0.0000000     0.0000000     0.0000000     0.0000000 
          10.            0.       20.0000       1.01240        9.0114       10.0168        8.2229        7.3600         0.047       33.8125     0.0134581     0.0000053     0.0000000     0.0000052     0.0000000     0.0000000     0.0000000     0.0000000     0.0000000     0.0000000 
          11.            0.       20.0000       1.01104        9.0094       10.0166        8.2199        7.3563         0.050       33.5935     0.0134516     0.0000052     0.0000000     0.0000052     0.0000000     0.0000000     0.0000000     0.0000000     0.0000000     0.0000000 
          12.            0.       19.0000       1.00900        9.0170       10.0190        8.2252        7.3577         0.057       33.1304     0.0135565     0.0000058     0.0000000     0.0000057     0.0000000     0.0000000     0.0000000     0.0000000     0.0000000     0.0000000 
          12.            0.       18.0000       1.00715        9.0258       10.0215        8.2320        7.3606         0.064       32.6147     0.0136746     0.0000063     0.0000000     0.0000063     0.0000000     0.0000000     0.0000000     0.0000000     0.0000000     0.0000000 
          12.            0.       17.0000       1.00591        9.0365       10.0241        8.2412        7.3661         0.071       32.0921     0.0138102     0.0000070     0.0000000     0.0000070     0.0000000     0.0000000     0.0000000     0.0000000     0.0000000     0.0000000 
          13.            0.       16.0000       1.00545        9.0493       10.0268        8.2534        7.3750         0.078       31.5813     0.0139674     0.0000078     0.0000000     0.0000077     0.0000000     0.0000000     0.0000000     0.0000000     0.0000000     0.0000000 
          14.            0.       15.0000       1.00592        9.0642       10.0296        8.2688        7.3876         0.085       31.0854     0.0141507     0.0000087     0.0000000     0.0000087     0.0000000     0.0000000     0.0000000     0.0000000     0.0000000     0.0000000 
          14.            0.       14.0000       1.00744        9.0814       10.0325        8.2877        7.4046         0.093       30.6034     0.0143657     0.0000097     0.0000000     0.0000097     0.0000000     0.0000000     0.0000000     0.0000000     0.0000000     0.0000000 
          14.            0.       13.0000       1.01018        9.1009       10.0355        8.3104        7.4266         0.102       30.1345     0.0146195     0.0000110     0.0000000     0.0000110     0.0000000     0.0000000     0.0000000     0.0000000     0.0000000     0.0000000 
          15.            0.       12.0000       1.01436        9.1229       10.0385        8.3376        7.4546         0.112       29.6789     0.0149215     0.0000126     0.0000000     0.0000126     0.0000000     0.0000000     0.0000000     0.0000000     0.0000000     0.0000000 
          16.            0.       11.0000       1.02027        9.1475       10.0416        8.3697        7.4899         0.123       29.2373     0.0152844     0.0000146     0.0000000     0.0000145     0.0000000     0.0000000     0.0000000     0.0000000     0.0000000     0.0000000 
          16.            0.       10.0000       1.02829        9.1747       10.0447        8.4074        7.5341         0.135       28.8099     0.0157258     0.0000170     0.0000000     0.0000170     0.0000000     0.0000000     0.0000000     0.0000000     0.0000000     0.0000000 
          16.            0.        9.0000       1.03893        9.2048       10.0478        8.4515        7.5894         0.150       28.3949     0.0162718     0.0000202     0.0000000     0.0000201     0.0000000     0.0000000     0.0000000     0.0000000     0.0000000     0.0000000 
          17.            0.        8.0000       1.05286        9.2375       10.0509        8.5026        7.6576         0.166       27.9844     0.0169625     0.0000243     0.0000000     0.0000243     0.0000000     0.0000000     0.0000000     0.0000000     0.0000000     0.0000000 
          18.            0.        7.0000       1.07107        9.2727       10.0540        8.5608        7.7402         0.183       27.5594     0.0178636     0.0000300     0.0000000     0.0000300     0.0000000     0.0000000     0.0000000     0.0000000     0.0000000     0.0000000 
          18.            0.        6.0000       1.09495        9.3097       10.0570        8.6252        7.8367         0.200       27.0836     0.0190865     0.0000382     0.0000000     0.0000382     0.0000001     0.0000000     0.0000000     0.0000000     0.0000000     0.0000000 
          18.            0.        5.0000       1.12677        9.3475       10.0600        8.6934        7.9439         0.215       26.4879     0.0208267     0.0000507     0.0000000     0.0000506     0.0000001     0.0000000     0.0000000     0.0000000     0.0000000     0.0000000 
          19.            0.        4.0000       1.17047        9.3850       10.0628        8.7628        8.0566         0.218       25.6704     0.0234485     0.0000721     0.0000009     0.0000710     0.0000002     0.0000000     0.0000000     0.0000000     0.0000000     0.0000000 
          20.            0.        3.0000       1.23404        9.4216       10.0657        8.8312        8.1706         0.197       24.5162     0.0277317     0.0003576     0.0002477     0.0001094     0.0000005     0.0000000     0.0000000     0.0000000     0.0000000     0.0000000 
          20.            0.        2.0000       1.33718        9.4563       10.0684        8.8960        8.2804         0.163       23.4476     0.0358436     0.0074895     0.0072878     0.0002002     0.0000015     0.0000000     0.0000000     0.0000000     0.0000000     0.0000000 
          20.            0.        2.0000       1.33007        9.4576       10.0685        8.8984        8.2843         0.142       23.0737     0.0356375     0.0072575     0.0070580     0.0001980     0.0000015     0.0000000     0.0000000     0.0000000     0.0000000     0.0000000 
          21.            0.        2.0000       1.32474        9.4585       10.0686        8.9001        8.2874         0.138       23.1112     0.0354826     0.0070864     0.0068885     0.0001965     0.0000015     0.0000000     0.0000000     0.0000000     0.0000000     0.0000000 
          22.            0.        2.0000       1.31974        9.4592       10.0687        8.9016        8.2899         0.138       23.2123     0.0353385     0.0069283     0.0067318     0.0001950     0.0000014     0.0000000     0.0000000     0.0000000     0.0000000     0.0000000 
          22.            0.        2.0000       1.31490        9.4600       10.0687        8.9029        8.2923         0.139       23.3322     0.0351999     0.0067778     0.0065828     0.0001936     0.0000014     0.0000000     0.0000000     0.0000000     0.0000000     0.0000000 
          22.            0.        2.0000       1.31019        9.4606       10.0688        8.9042        8.2946         0.140       23.4580     0.0350647     0.0066330     0.0064394     0.0001922     0.0000014     0.0000000     0.0000000     0.0000000     0.0000000     0.0000000 
          23.            0.        2.0000       1.30557        9.4613       10.0688        8.9055        8.2968         0.141       23.5852     0.0349325     0.0064932     0.0063010     0.0001909     0.0000013     0.0000000     0.0000000     0.0000000     0.0000000     0.0000000 
          24.            0.        2.0000       1.30104        9.4620       10.0689        8.9068        8.2990         0.142       23.7127     0.0348029     0.0063580     0.0061672     0.0001895     0.0000013     0.0000000     0.0000000     0.0000000     0.0000000     0.0000000 
          24.            0.        2.0000       1.29660        9.4626       10.0689        8.9080        8.3011         0.143       23.8399     0.0346757     0.0062271     0.0060376     0.0001883     0.0000013     0.0000000     0.0000000     0.0000000     0.0000000     0.0000000 
          24.            0.        2.0000       1.29224        9.4633       10.0690        8.9092        8.3032         0.144       23.9666     0.0345510     0.0061004     0.0059122     0.0001870     0.0000012     0.0000000     0.0000000     0.0000000     0.0000000     0.0000000 
          25.            0.        2.0000       1.28796        9.4639       10.0690        8.9104        8.3053         0.146       24.0928     0.0344285     0.0059776     0.0057907     0.0001858     0.0000012     0.0000000     0.0000000     0.0000000     0.0000000     0.0000000 
          26.            0.        2.0000       1.28375        9.4645       10.0691        8.9116        8.3074         0.147       24.2185     0.0343083     0.0058587     0.0056729     0.0001846     0.0000012     0.0000000     0.0000000     0.0000000     0.0000000     0.0000000 
          26.            0.        2.0000       1.27962        9.4651       10.0691        8.9128        8.3094         0.148       24.3437     0.0341902     0.0057434     0.0055588     0.0001834     0.0000012     0.0000000     0.0000000     0.0000000     0.0000000     0.0000000 
          26.            0.        2.0000       1.27557        9.4657       10.0692        8.9139        8.3114         0.150       24.4683     0.0340742     0.0056315     0.0054482     0.0001822     0.0000012     0.0000000     0.0000000     0.0000000     0.0000000     0.0000000 
          27.            0.        2.0000       1.27158        9.4663       10.0692        8.9151        8.3134         0.151       24.5924     0.0339604     0.0055231     0.0053408     0.0001811     0.0000011     0.0000000     0.0000000     0.0000000     0.0000000     0.0000000 
          28.            0.        2.0000       1.26767        9.4669       10.0693        8.9162        8.3154         0.153       24.7160     0.0338485     0.0054178     0.0052367     0.0001800     0.0000011     0.0000000     0.0000000     0.0000000     0.0000000     0.0000000 
          28.            0.        2.0000       1.26382        9.4675       10.0693        8.9173        8.3173         0.154       24.8389     0.0337385     0.0053157     0.0051357     0.0001789     0.0000011     0.0000000     0.0000000     0.0000000     0.0000000     0.0000000 
          28.            0.        2.0000       1.26004        9.4681       10.0694        8.9184        8.3192         0.156       24.9614     0.0336305     0.0052166     0.0050377     0.0001778     0.0000011     0.0000000     0.0000000     0.0000000     0.0000000     0.0000000 
          29.            0.        2.0000       1.25632        9.4686       10.0694        8.9195        8.3211         0.157       25.0833     0.0335243     0.0051203     0.0049425     0.0001768     0.0000010     0.0000000     0.0000000     0.0000000     0.0000000     0.0000000 
          30.            0.        2.0000       1.25266        9.4692       10.0694        8.9205        8.3229         0.159       25.2046     0.0334199     0.0050268     0.0048500     0.0001758     0.0000010     0.0000000     0.0000000     0.0000000     0.0000000     0.0000000 
          30.            0.        2.0000       1.24907        9.4697       10.0695        8.9216        8.3247         0.160       25.3254     0.0333172     0.0049359     0.0047602     0.0001748     0.0000010     0.0000000     0.0000000     0.0000000     0.0000000     0.0000000 
          30.            0.        2.0000       1.24553        9.4703       10.0695        8.9226        8.3265         0.162       25.4456     0.0332163     0.0048477     0.0046729     0.0001738     0.0000010     0.0000000     0.0000000     0.0000000     0.0000000     0.0000000 
          31.            0.        2.0000       1.24205        9.4708       10.0696        8.9236        8.3283         0.163       25.5653     0.0331170     0.0047618     0.0045880     0.0001728     0.0000010     0.0000000     0.0000000     0.0000000     0.0000000     0.0000000 
          32.            0.        2.0000       1.23863        9.4714       10.0696        8.9247        8.3301         0.165       25.6844     0.0330194     0.0046784     0.0045056     0.0001719     0.0000010     0.0000000     0.0000000     0.0000000     0.0000000     0.0000000 
          32.            0.        2.0000       1.23526        9.4719       10.0697        8.9256        8.3318         0.167       25.8030     0.0329233     0.0045972     0.0044253     0.0001709     0.0000009     0.0000000     0.0000000     0.0000000     0.0000000     0.0000000 
          32.            0.        2.0000       1.23194        9.4724       10.0697        8.9266        8.3335         0.168       25.9210     0.0328288     0.0045183     0.0043473     0.0001700     0.0000009     0.0000000     0.0000000     0.0000000     0.0000000     0.0000000 
          33.            0.        2.0000       1.22868        9.4729       10.0697        8.9276        8.3352         0.170       26.0384     0.0327357     0.0044415     0.0042714     0.0001691     0.0000009     0.0000000     0.0000000     0.0000000     0.0000000     0.0000000 
          34.            0.        2.0000       1.22547        9.4734       10.0698        8.9286        8.3369         0.171       26.1554     0.0326442     0.0043667     0.0041975     0.0001683     0.0000009     0.0000000     0.0000000     0.0000000     0.0000000     0.0000000 
          34.            0.        2.0000       1.22231        9.4739       10.0698        8.9295        8.3385         0.173       26.2717     0.0325540     0.0042939     0.0041256     0.0001674     0.0000009     0.0000000     0.0000000     0.0000000     0.0000000     0.0000000 
          34.            0.        2.0000       1.21920        9.4744       10.0699        8.9304        8.3401         0.175       26.3875     0.0324653     0.0042230     0.0040556     0.0001666     0.0000009     0.0000000     0.0000000     0.0000000     0.0000000     0.0000000 
          35.            0.        2.0000       1.21613        9.4749       10.0699        8.9314        8.3417         0.176       26.5028     0.0323780     0.0041540     0.0039874     0.0001657     0.0000009     0.0000000     0.0000000     0.0000000     0.0000000     0.0000000 
          36.            0.        2.0000       1.21311        9.4754       10.0699        8.9323        8.3433         0.178       26.6174     0.0322919     0.0040868     0.0039210     0.0001649     0.0000008     0.0000000     0.0000000     0.0000000     0.0000000     0.0000000 
          36.            0.        2.0000       1.21013        9.4758       10.0700        8.9332        8.3449         0.180       26.7316     0.0322071     0.0040212     0.0038563     0.0001641     0.0000008     0.0000000     0.0000000     0.0000000     0.0000000     0.0000000 
          36.            0.        2.0000       1.20720        9.4763       10.0700        8.9341        8.3464         0.182       26.8452     0.0321237     0.0039574     0.0037933     0.0001633     0.0000008     0.0000000     0.0000000     0.0000000     0.0000000     0.0000000 
          37.            0.        2.0000       1.20431        9.4768       10.0700        8.9349        8.3480         0.183       26.9583     0.0320415     0.0038951     0.0037318     0.0001625     0.0000008     0.0000000     0.0000000     0.0000000     0.0000000     0.0000000 
          38.            0.        2.0000       1.20147        9.4772       10.0701        8.9358        8.3495         0.185       27.0708     0.0319604     0.0038344     0.0036719     0.0001618     0.0000008     0.0000000     0.0000000     0.0000000     0.0000000     0.0000000 
          38.            0.        2.0000       1.19866        9.4777       10.0701        8.9367        8.3510         0.187       27.1828     0.0318806     0.0037752     0.0036134     0.0001610     0.0000008     0.0000000     0.0000000     0.0000000     0.0000000     0.0000000 
          38.            0.        2.0000       1.19590        9.4781       10.0702        8.9375        8.3524         0.188       27.2943     0.0318019     0.0037175     0.0035565     0.0001603     0.0000008     0.0000000     0.0000000     0.0000000     0.0000000     0.0000000 
          39.            0.        2.0000       1.19317        9.4786       10.0702        8.9384        8.3539         0.190       27.4052     0.0317243     0.0036612     0.0035009     0.0001596     0.0000008     0.0000000     0.0000000     0.0000000     0.0000000     0.0000000 
          40.            0.        2.0000       1.19049        9.4790       10.0702        8.9392        8.3553         0.192       27.5155     0.0316479     0.0036062     0.0034466     0.0001588     0.0000008     0.0000000     0.0000000     0.0000000     0.0000000     0.0000000 
          40.            0.        2.0000       1.18784        9.4795       10.0703        8.9400        8.3568         0.194       27.6254     0.0315725     0.0035526     0.0033937     0.0001581     0.0000007     0.0000000     0.0000000     0.0000000     0.0000000     0.0000000 
          40.            0.        2.0000       1.18523        9.4799       10.0703        8.9408        8.3582         0.195       27.7347     0.0314982     0.0035002     0.0033420     0.0001574     0.0000007     0.0000000     0.0000000     0.0000000     0.0000000     0.0000000 
          41.            0.        2.0000       1.18265        9.4803       10.0703        8.9416        8.3596         0.197       27.8435     0.0314249     0.0034490     0.0032916     0.0001568     0.0000007     0.0000000     0.0000000     0.0000000     0.0000000     0.0000000 
          42.            0.        2.0000       1.18011        9.4807       10.0704        8.9424        8.3610         0.199       27.9518     0.0313526     0.0033991     0.0032423     0.0001561     0.0000007     0.0000000     0.0000000     0.0000000     0.0000000     0.0000000 
          42.            0.        2.0000       1.17760        9.4812       10.0704        8.9432        8.3623         0.201       28.0595     0.0312813     0.0033503     0.0031942     0.0001554     0.0000007     0.0000000     0.0000000     0.0000000     0.0000000     0.0000000 
          42.            0.        2.0000       1.17513        9.4816       10.0704        8.9440        8.3637         0.202       28.1667     0.0312110     0.0033027     0.0031472     0.0001548     0.0000007     0.0000000     0.0000000     0.0000000     0.0000000     0.0000000 
          43.            0.        2.0000       1.17269        9.4820       10.0705        8.9447        8.3650         0.204       28.2735     0.0311416     0.0032561     0.0031013     0.0001542     0.0000007     0.0000000     0.0000000     0.0000000     0.0000000     0.0000000 
          44.            0.        2.0000       1.17028        9.4824       10.0705        8.9455        8.3663         0.206       28.3797     0.0310732     0.0032106     0.0030564     0.0001535     0.0000007     0.0000000     0.0000000     0.0000000     0.0000000     0.0000000 
          44.            0.        2.0000       1.16790        9.4828       10.0705        8.9463        8.3677         0.208       28.4854     0.0310056     0.0031661     0.0030126     0.0001529     0.0000007     0.0000000     0.0000000     0.0000000     0.0000000     0.0000000 
          44.            0.        2.0000       1.16556        9.4832       10.0706        8.9470        8.3689         0.209       28.5906     0.0309390     0.0031227     0.0029697     0.0001523     0.0000007     0.0000000     0.0000000     0.0000000     0.0000000     0.0000000 
          45.            0.        2.0000       1.16324        9.4836       10.0706        8.9477        8.3702         0.211       28.6952     0.0308732     0.0030801     0.0029278     0.0001517     0.0000007     0.0000000     0.0000000     0.0000000     0.0000000     0.0000000 
          46.            0.        2.0000       1.16096        9.4839       10.0706        8.9485        8.3715         0.213       28.7994     0.0308083     0.0030385     0.0028868     0.0001511     0.0000006     0.0000000     0.0000000     0.0000000     0.0000000     0.0000000 
          46.            0.        2.0000       1.15870        9.4843       10.0707        8.9492        8.3727         0.215       28.9032     0.0307442     0.0029979     0.0028467     0.0001505     0.0000006     0.0000000     0.0000000     0.0000000     0.0000000     0.0000000 
          46.            0.        2.0000       1.15647        9.4847       10.0707        8.9499        8.3740         0.216       29.0064     0.0306809     0.0029581     0.0028075     0.0001499     0.0000006     0.0000000     0.0000000     0.0000000     0.0000000     0.0000000 
          47.            0.        2.0000       1.15427        9.4851       10.0707        8.9506        8.3752         0.218       29.1091     0.0306185     0.0029192     0.0027692     0.0001494     0.0000006     0.0000000     0.0000000     0.0000000     0.0000000     0.0000000 
          48.            0.        2.0000       1.15210        9.4855       10.0708        8.9513        8.3764         0.220       29.2113     0.0305568     0.0028811     0.0027316     0.0001488     0.0000006     0.0000000     0.0000000     0.0000000     0.0000000     0.0000000 
          48.            0.        2.0000       1.14996        9.4858       10.0708        8.9520        8.3776         0.222       29.3131     0.0304959     0.0028438     0.0026949     0.0001483     0.0000006     0.0000000     0.0000000     0.0000000     0.0000000     0.0000000 
          48.            0.        2.0000       1.14784        9.4862       10.0708        8.9527        8.3788         0.223       29.4144     0.0304357     0.0028073     0.0026589     0.0001477     0.0000006     0.0000000     0.0000000     0.0000000     0.0000000     0.0000000 
          49.            0.        2.0000       1.14574        9.4866       10.0709        8.9534        8.3800         0.225       29.5152     0.0303763     0.0027715     0.0026237     0.0001472     0.0000006     0.0000000     0.0000000     0.0000000     0.0000000     0.0000000 
          50.            0.        2.0000       1.14368        9.4869       10.0709        8.9540        8.3812         0.227       29.6155     0.0303176     0.0027365     0.0025893     0.0001467     0.0000006     0.0000000     0.0000000     0.0000000     0.0000000     0.0000000 
          50.            0.        2.0000       1.14163        9.4873       10.0709        8.9547        8.3823         0.228       29.7154     0.0302597     0.0027023     0.0025555     0.0001461     0.0000006     0.0000000     0.0000000     0.0000000     0.0000000     0.0000000 
          50.            0.        2.0000       1.13962        9.4876       10.0709        8.9554        8.3835         0.230       29.8148     0.0302024     0.0026687     0.0025225     0.0001456     0.0000006     0.0000000     0.0000000     0.0000000     0.0000000     0.0000000 
          51.            0.        2.0000       1.13762        9.4880       10.0710        8.9560        8.3846         0.232       29.9137     0.0301458     0.0026358     0.0024901     0.0001451     0.0000006     0.0000000     0.0000000     0.0000000     0.0000000     0.0000000 
          52.            0.        2.0000       1.13565        9.4883       10.0710        8.9567        8.3857         0.234       30.0122     0.0300899     0.0026036     0.0024584     0.0001446     0.0000006     0.0000000     0.0000000     0.0000000     0.0000000     0.0000000 
          52.            0.        2.0000       1.13370        9.4886       10.0710        8.9573        8.3868         0.235       30.1102     0.0300347     0.0025720     0.0024273     0.0001441     0.0000006     0.0000000     0.0000000     0.0000000     0.0000000     0.0000000 
          52.            0.        2.0000       1.13178        9.4890       10.0711        8.9579        8.3879         0.237       30.2078     0.0299801     0.0025410     0.0023969     0.0001436     0.0000006     0.0000000     0.0000000     0.0000000     0.0000000     0.0000000 
          53.            0.        2.0000       1.12987        9.4893       10.0711        8.9586        8.3890         0.239       30.3049     0.0299261     0.0025107     0.0023670     0.0001432     0.0000005     0.0000000     0.0000000     0.0000000     0.0000000     0.0000000 
          54.            0.        2.0000       1.12799        9.4896       10.0711        8.9592        8.3901         0.240       30.4016     0.0298728     0.0024810     0.0023378     0.0001427     0.0000005     0.0000000     0.0000000     0.0000000     0.0000000     0.0000000 
          54.            0.        2.0000       1.12613        9.4900       10.0711        8.9598        8.3912         0.242       30.4978     0.0298200     0.0024518     0.0023091     0.0001422     0.0000005     0.0000000     0.0000000     0.0000000     0.0000000     0.0000000 
          54.            0.        2.0000       1.12429        9.4903       10.0712        8.9604        8.3922         0.243       30.5936     0.0297679     0.0024232     0.0022809     0.0001418     0.0000005     0.0000000     0.0000000     0.0000000     0.0000000     0.0000000 
          55.            0.        2.0000       1.12247        9.4906       10.0712        8.9610        8.3933         0.245       30.6890     0.0297164     0.0023952     0.0022534     0.0001413     0.0000005     0.0000000     0.0000000     0.0000000     0.0000000     0.0000000 
          56.            0.        2.0000       1.12068        9.4909       10.0712        8.9616        8.3943         0.247       30.7839     0.0296654     0.0023677     0.0022263     0.0001408     0.0000005     0.0000000     0.0000000     0.0000000     0.0000000     0.0000000 
          56.            0.        2.0000       1.11890        9.4913       10.0713        8.9622        8.3953         0.248       30.8784     0.0296151     0.0023407     0.0021998     0.0001404     0.0000005     0.0000000     0.0000000     0.0000000     0.0000000     0.0000000 
          56.            0.        2.0000       1.11714        9.4916       10.0713        8.9628        8.3964         0.250       30.9725     0.0295652     0.0023142     0.0021738     0.0001400     0.0000005     0.0000000     0.0000000     0.0000000     0.0000000     0.0000000 
          57.            0.        2.0000       1.11540        9.4919       10.0713        8.9634        8.3974         0.252       31.0662     0.0295160     0.0022882     0.0021482     0.0001395     0.0000005     0.0000000     0.0000000     0.0000000     0.0000000     0.0000000 
          58.            0.        2.0000       1.11368        9.4922       10.0713        8.9639        8.3984         0.253       31.1594     0.0294673     0.0022628     0.0021232     0.0001391     0.0000005     0.0000000     0.0000000     0.0000000     0.0000000     0.0000000 
          58.            0.        2.0000       1.11198        9.4925       10.0714        8.9645        8.3993         0.255       31.2523     0.0294191     0.0022377     0.0020986     0.0001387     0.0000005     0.0000000     0.0000000     0.0000000     0.0000000     0.0000000 
          58.            0.        2.0000       1.11029        9.4928       10.0714        8.9651        8.4003         0.256       31.3447     0.0293714     0.0022132     0.0020744     0.0001383     0.0000005     0.0000000     0.0000000     0.0000000     0.0000000     0.0000000 
          59.            0.        2.0000       1.10863        9.4931       10.0714        8.9656        8.4013         0.258       31.4367     0.0293242     0.0021891     0.0020507     0.0001378     0.0000005     0.0000000     0.0000000     0.0000000     0.0000000     0.0000000 
          60.            0.        2.0000       1.10698        9.4934       10.0714        8.9662        8.4022         0.259       31.5283     0.0292776     0.0021654     0.0020275     0.0001374     0.0000005     0.0000000     0.0000000     0.0000000     0.0000000     0.0000000 
          60.            0.        2.0000       1.10535        9.4937       10.0715        8.9667        8.4032         0.261       31.6195     0.0292314     0.0021422     0.0020046     0.0001370     0.0000005     0.0000000     0.0000000     0.0000000     0.0000000     0.0000000 
          60.            0.        2.0000       1.10374        9.4940       10.0715        8.9673        8.4041         0.262       31.7102     0.0291858     0.0021193     0.0019822     0.0001366     0.0000005     0.0000000     0.0000000     0.0000000     0.0000000     0.0000000 
          61.            0.        2.0000       1.10214        9.4943       10.0715        8.9678        8.4051         0.264       31.8006     0.0291406     0.0020969     0.0019602     0.0001362     0.0000005     0.0000000     0.0000000     0.0000000     0.0000000     0.0000000 
          62.            0.        2.0000       1.10056        9.4946       10.0715        8.9683        8.4060         0.265       31.8906     0.0290959     0.0020749     0.0019386     0.0001359     0.0000005     0.0000000     0.0000000     0.0000000     0.0000000     0.0000000 
          62.            0.        2.0000       1.09899        9.4948       10.0716        8.9689        8.4069         0.267       31.9803     0.0290517     0.0020532     0.0019173     0.0001355     0.0000005     0.0000000     0.0000000     0.0000000     0.0000000     0.0000000 
          62.            0.        2.0000       1.09745        9.4951       10.0716        8.9694        8.4078         0.268       32.0695     0.0290079     0.0020320     0.0018964     0.0001351     0.0000005     0.0000000     0.0000000     0.0000000     0.0000000     0.0000000 
          63.            0.        2.0000       1.09591        9.4954       10.0716        8.9699        8.4087         0.270       32.1583     0.0289645     0.0020111     0.0018759     0.0001347     0.0000005     0.0000000     0.0000000     0.0000000     0.0000000     0.0000000 
          64.            0.        2.0000       1.09440        9.4957       10.0716        8.9704        8.4096         0.271       32.2468     0.0289216     0.0019906     0.0018558     0.0001343     0.0000004     0.0000000     0.0000000     0.0000000     0.0000000     0.0000000 
          64.            0.        2.0000       1.09289        9.4960       10.0717        8.9709        8.4105         0.273       32.3348     0.0288792     0.0019704     0.0018360     0.0001340     0.0000004     0.0000000     0.0000000     0.0000000     0.0000000     0.0000000 
          64.            0.        2.0000       1.09141        9.4962       10.0717        8.9714        8.4114         0.274       32.4226     0.0288371     0.0019506     0.0018165     0.0001336     0.0000004     0.0000000     0.0000000     0.0000000     0.0000000     0.0000000 
          65.            0.        2.0000       1.08993        9.4965       10.0717        8.9719        8.4122         0.275       32.5099     0.0287955     0.0019311     0.0017974     0.0001333     0.0000004     0.0000000     0.0000000     0.0000000     0.0000000     0.0000000 
          66.            0.        2.0000       1.08848        9.4968       10.0717        8.9724        8.4131         0.277       32.5969     0.0287543     0.0019119     0.0017786     0.0001329     0.0000004     0.0000000     0.0000000     0.0000000     0.0000000     0.0000000 
          66.            0.        2.0000       1.08703        9.4970       10.0718        8.9729        8.4139         0.278       32.6834     0.0287135     0.0018931     0.0017601     0.0001326     0.0000004     0.0000000     0.0000000     0.0000000     0.0000000     0.0000000 
          66.            0.        2.0000       1.08560        9.4973       10.0718        8.9734        8.4148         0.279       32.7697     0.0286731     0.0018745     0.0017419     0.0001322     0.0000004     0.0000000     0.0000000     0.0000000     0.0000000     0.0000000 
          67.            0.        2.0000       1.08419        9.4976       10.0718        8.9739        8.4156         0.281       32.8556     0.0286332     0.0018563     0.0017240     0.0001319     0.0000004     0.0000000     0.0000000     0.0000000     0.0000000     0.0000000 
          68.            0.        2.0000       1.08278        9.4978       10.0718        8.9744        8.4164         0.282       32.9411     0.0285936     0.0018384     0.0017064     0.0001315     0.0000004     0.0000000     0.0000000     0.0000000     0.0000000     0.0000000 
          68.            0.        2.0000       1.08139        9.4981       10.0719        8.9749        8.4173         0.283       33.0262     0.0285543     0.0018207     0.0016891     0.0001312     0.0000004     0.0000000     0.0000000     0.0000000     0.0000000     0.0000000 
          68.            0.        2.0000       1.08002        9.4983       10.0719        8.9753        8.4181         0.285       33.1110     0.0285155     0.0018034     0.0016721     0.0001309     0.0000004     0.0000000     0.0000000     0.0000000     0.0000000     0.0000000 
          69.            0.        2.0000       1.07866        9.4986       10.0719        8.9758        8.4189         0.286       33.1955     0.0284770     0.0017863     0.0016554     0.0001305     0.0000004     0.0000000     0.0000000     0.0000000     0.0000000     0.0000000 
          70.            0.        2.0000       1.07730        9.4988       10.0719        8.9763        8.4197         0.287       33.2796     0.0284389     0.0017696     0.0016389     0.0001302     0.0000004     0.0000000     0.0000000     0.0000000     0.0000000     0.0000000 
          70.            0.        2.0000       1.07597        9.4991       10.0720        8.9767        8.4205         0.289       33.3634     0.0284012     0.0017530     0.0016227     0.0001299     0.0000004     0.0000000     0.0000000     0.0000000     0.0000000     0.0000000 
          70.            0.        2.0000       1.07464        9.4993       10.0720        8.9772        8.4213         0.290       33.4468     0.0283638     0.0017368     0.0016068     0.0001296     0.0000004     0.0000000     0.0000000     0.0000000     0.0000000     0.0000000 
          71.            0.        2.0000       1.07333        9.4996       10.0720        8.9776        8.4220         0.291       33.5299     0.0283268     0.0017208     0.0015911     0.0001293     0.0000004     0.0000000     0.0000000     0.0000000     0.0000000     0.0000000 
          72.            0.        2.0000       1.07203        9.4998       10.0720        8.9781        8.4228         0.292       33.6127     0.0282901     0.0017050     0.0015757     0.0001289     0.0000004     0.0000000     0.0000000     0.0000000     0.0000000     0.0000000 
          72.            0.        2.0000       1.07074        9.5001       10.0721        8.9785        8.4236         0.293       33.6952     0.0282537     0.0016895     0.0015605     0.0001286     0.0000004     0.0000000     0.0000000     0.0000000     0.0000000     0.0000000 
          72.            0.        2.0000       1.06946        9.5003       10.0721        8.9790        8.4243         0.295       33.7773     0.0282177     0.0016743     0.0015456     0.0001283     0.0000004     0.0000000     0.0000000     0.0000000     0.0000000     0.0000000 
          73.            0.        2.0000       1.06820        9.5005       10.0721        8.9794        8.4251         0.296       33.8590     0.0281820     0.0016592     0.0015308     0.0001280     0.0000004     0.0000000     0.0000000     0.0000000     0.0000000     0.0000000 
          74.            0.        2.0000       1.06694        9.5008       10.0721        8.9798        8.4258         0.297       33.9405     0.0281467     0.0016445     0.0015163     0.0001277     0.0000004     0.0000000     0.0000000     0.0000000     0.0000000     0.0000000 
          74.            0.        2.0000       1.06570        9.5010       10.0721        8.9802        8.4265         0.298       34.0216     0.0281116     0.0016299     0.0015021     0.0001274     0.0000004     0.0000000     0.0000000     0.0000000     0.0000000     0.0000000 
          74.            0.        2.0000       1.06447        9.5012       10.0722        8.9807        8.4273         0.299       34.1025     0.0280769     0.0016155     0.0014880     0.0001271     0.0000004     0.0000000     0.0000000     0.0000000     0.0000000     0.0000000 
          75.            0.        2.0000       1.06324        9.5015       10.0722        8.9811        8.4280         0.300       34.1830     0.0280425     0.0016014     0.0014742     0.0001268     0.0000004     0.0000000     0.0000000     0.0000000     0.0000000     0.0000000 
          76.            0.        2.0000       1.06203        9.5017       10.0722        8.9815        8.4287         0.301       34.2632     0.0280084     0.0015875     0.0014606     0.0001266     0.0000004     0.0000000     0.0000000     0.0000000     0.0000000     0.0000000 
          76.            0.        2.0000       1.06083        9.5019       10.0722        8.9819        8.4294         0.302       34.3431     0.0279746     0.0015738     0.0014472     0.0001263     0.0000004     0.0000000     0.0000000     0.0000000     0.0000000     0.0000000 
          76.            0.        2.0000       1.05964        9.5021       10.0723        8.9823        8.4301         0.303       34.4227     0.0279411     0.0015603     0.0014339     0.0001260     0.0000004     0.0000000     0.0000000     0.0000000     0.0000000     0.0000000 
          77.            0.        2.0000       1.05847        9.5024       10.0723        8.9827        8.4308         0.304       34.5023     0.0279079     0.0015470     0.0014209     0.0001257     0.0000004     0.0000000     0.0000000     0.0000000     0.0000000     0.0000000 
          78.            0.        2.0000       1.05730        9.5026       10.0723        8.9831        8.4315         0.306       34.5820     0.0278751     0.0015340     0.0014082     0.0001254     0.0000004     0.0000000     0.0000000     0.0000000     0.0000000     0.0000000 
          78.            0.        2.0000       1.05616        9.5028       10.0723        8.9835        8.4322         0.307       34.6630     0.0278429     0.0015212     0.0013957     0.0001252     0.0000004     0.0000000     0.0000000     0.0000000     0.0000000     0.0000000 
          78.            0.        2.0000       1.05505        9.5030       10.0723        8.9839        8.4329         0.308       34.7480     0.0278117     0.0015090     0.0013837     0.0001249     0.0000004     0.0000000     0.0000000     0.0000000     0.0000000     0.0000000 
          79.            0.        2.0000       1.05404        9.5032       10.0724        8.9843        8.4335         0.310       34.8456     0.0277830     0.0014978     0.0013728     0.0001247     0.0000004     0.0000000     0.0000000     0.0000000     0.0000000     0.0000000 
          80.            0.        2.0000       1.05329        9.5034       10.0724        8.9846        8.4341         0.314       34.9780     0.0277616     0.0014895     0.0013647     0.0001245     0.0000004     0.0000000     0.0000000     0.0000000     0.0000000     0.0000000 
          80.            0.        2.0000       1.05612        9.5020       10.0723        8.9822        8.4300         0.354       35.6155     0.0278485     0.0015205     0.0013950     0.0001252     0.0000004     0.0000000     0.0000000     0.0000000     0.0000000     0.0000000 
          80.            0.        3.0000       0.97586        9.4684       10.0695        8.9209        8.3266         0.392       37.0190     0.0215302     0.0000743     0.0000055     0.0000687     0.0000001     0.0000000     0.0000000     0.0000000     0.0000000     0.0000000 
          81.            0.        4.0000       0.92995        9.4344       10.0666        8.8598        8.2260         0.378       38.4214     0.0182349     0.0000451     0.0000000     0.0000450     0.0000000     0.0000000     0.0000000     0.0000000     0.0000000     0.0000000 
          82.            0.        5.0000       0.89955        9.4018       10.0637        8.8025        8.1341         0.343       39.5566     0.0162028     0.0000324     0.0000000     0.0000324     0.0000000     0.0000000     0.0000000     0.0000000     0.0000000     0.0000000 
          82.            0.        6.0000       0.87754        9.3713       10.0608        8.7500        8.0523         0.308       40.4092     0.0148246     0.0000247     0.0000000     0.0000247     0.0000000     0.0000000     0.0000000     0.0000000     0.0000000     0.0000000 
          82.            0.        7.0000       0.86049        9.3426       10.0580        8.7024        7.9810         0.280       40.9999     0.0138259     0.0000195     0.0000000     0.0000195     0.0000000     0.0000000     0.0000000     0.0000000     0.0000000     0.0000000 
          83.            0.        8.0000       0.84658        9.3157       10.0552        8.6593        7.9194         0.259       41.3627     0.0130658     0.0000159     0.0000000     0.0000159     0.0000000     0.0000000     0.0000000     0.0000000     0.0000000     0.0000000 
          84.            0.        9.0000       0.83477        9.2904       10.0524        8.6203        7.8659         0.243       41.5339     0.0124653     0.0000131     0.0000000     0.0000131     0.0000000     0.0000000     0.0000000     0.0000000     0.0000000     0.0000000 
          84.            0.       10.0000       0.82448        9.2662       10.0495        8.5846        7.8191         0.230       41.5462     0.0119777     0.0000111     0.0000000     0.0000111     0.0000000     0.0000000     0.0000000     0.0000000     0.0000000     0.0000000 
          84.            0.       11.0000       0.81534        9.2431       10.0466        8.5518        7.7776         0.218       41.4266     0.0115733     0.0000094     0.0000000     0.0000094     0.0000000     0.0000000     0.0000000     0.0000000     0.0000000     0.0000000 
          85.            0.       12.0000       0.80709        9.2210       10.0437        8.5212        7.7403         0.208       41.1958     0.0112328     0.0000081     0.0000000     0.0000081     0.0000000     0.0000000     0.0000000     0.0000000     0.0000000     0.0000000 
          86.            0.       13.0000       0.79954        9.1996       10.0407        8.4925        7.7063         0.198       40.8677     0.0109424     0.0000070     0.0000000     0.0000070     0.0000000     0.0000000     0.0000000     0.0000000     0.0000000     0.0000000 
          86.            0.       14.0000       0.79254        9.1789       10.0378        8.4653        7.6747         0.189       40.4484     0.0106920     0.0000061     0.0000000     0.0000061     0.0000000     0.0000000     0.0000000     0.0000000     0.0000000     0.0000000 
          86.            0.       15.0000       0.78590        9.1588       10.0348        8.4393        7.6449         0.180       39.9344     0.0104737     0.0000054     0.0000000     0.0000054     0.0000000     0.0000000     0.0000000     0.0000000     0.0000000     0.0000000 
          87.            0.       16.0000       0.77943        9.1389       10.0317        8.4138        7.6159         0.172       39.3102     0.0102813     0.0000047     0.0000000     0.0000047     0.0000000     0.0000000     0.0000000     0.0000000     0.0000000     0.0000000 
          88.            0.       17.0000       0.77288        9.1188       10.0286        8.3882        7.5868         0.163       38.5470     0.0101098     0.0000042     0.0000000     0.0000042     0.0000000     0.0000000     0.0000000     0.0000000     0.0000000     0.0000000 
          88.            0.       18.0000       0.76604        9.0977       10.0254        8.3614        7.5565         0.155       37.6106     0.0099551     0.0000037     0.0000000     0.0000037     0.0000000     0.0000000     0.0000000     0.0000000     0.0000000     0.0000000 
          88.            0.       19.0000       0.75889        9.0753       10.0219        8.3332        7.5247         0.145       36.4987     0.0098155     0.0000033     0.0000000     0.0000033     0.0000000     0.0000000     0.0000000     0.0000000     0.0000000     0.0000000 
          89.            0.       20.0000       0.75199        9.0524       10.0182        8.3048        7.4932         0.135       35.2449     0.0096919     0.0000029     0.0000000     0.0000029     0.0000000     0.0000000     0.0000000     0.0000000     0.0000000     0.0000000 
          90.            0.       20.0000       0.74859        9.0455       10.0175        8.2949        7.4807         0.130       34.5247     0.0096751     0.0000029     0.0000000     0.0000029     0.0000000     0.0000000     0.0000000     0.0000000     0.0000000     0.0000000 
          90.            0.       20.0000       0.74865        9.0455       10.0175        8.2950        7.4808         0.130       34.5594     0.0096756     0.0000029     0.0000000     0.0000029     0.0000000     0.0000000     0.0000000     0.0000000     0.0000000     0.0000000 
          90.            0.       20.0000       0.74867        9.0456       10.0175        8.2950        7.4808         0.131       34.5709     0.0096758     0.0000029     0.0000000     0.0000029     0.0000000     0.0000000     0.0000000     0.0000000     0.0000000     0.0000000 
          91.            0.       20.0000       0.74867        9.0456       10.0175        8.2950        7.4808         0.131       34.5746     0.0096758     0.0000029     0.0000000     0.0000029     0.0000000     0.0000000     0.0000000     0.0000000     0.0000000     0.0000000 
          92.            0.       20.0000       0.74867        9.0455       10.0175        8.2950        7.4808         0.131       34.5758     0.0096759     0.0000029     0.0000000     0.0000029     0.0000000     0.0000000     0.0000000     0.0000000     0.0000000     0.0000000 
          92.            0.       20.0000       0.74867        9.0455       10.0175        8.2950        7.4808         0.131       34.5761     0.0096760     0.0000029     0.0000000     0.0000029     0.0000000     0.0000000     0.0000000     0.0000000     0.0000000     0.0000000 
          92.            0.       20.0000       0.74867        9.0455       10.0175        8.2950        7.4807         0.132       34.5762     0.0096760     0.0000029     0.0000000     0.0000029     0.0000000     0.0000000     0.0000000     0.0000000     0.0000000     0.0000000 
          93.            0.       20.0000       0.74867        9.0455       10.0175        8.2949        7.4807         0.132       34.5761     0.0096761     0.0000029     0.0000000     0.0000029     0.0000000     0.0000000     0.0000000     0.0000000     0.0000000     0.0000000 
          94.            0.       20.0000       0.74866        9.0455       10.0175        8.2949        7.4806         0.132       34.5760     0.0096761     0.0000029     0.0000000     0.0000029     0.0000000     0.0000000     0.0000000     0.0000000     0.0000000     0.0000000 
          94.            0.       20.0000       0.74866        9.0455       10.0175        8.2949        7.4806         0.132       34.5759     0.0096762     0.0000029     0.0000000     0.0000029     0.0000000     0.0000000     0.0000000     0.0000000     0.0000000     0.0000000 
          94.            0.       20.0000       0.74866        9.0455       10.0175        8.2949        7.4806         0.132       34.5758     0.0096762     0.0000029     0.0000000     0.0000029     0.0000000     0.0000000     0.0000000     0.0000000     0.0000000     0.0000000 
          95.            0.       20.0000       0.74866        9.0455       10.0175        8.2948        7.4805         0.133       34.5758     0.0096763     0.0000029     0.0000000     0.0000029     0.0000000     0.0000000     0.0000000     0.0000000     0.0000000     0.0000000 
          96.            0.       20.0000       0.74865        9.0454       10.0175        8.2948        7.4805         0.133       34.5757     0.0096763     0.0000029     0.0000000     0.0000029     0.0000000     0.0000000     0.0000000     0.0000000     0.0000000     0.0000000 
          96.            0.       20.0000       0.74865        9.0454       10.0175        8.2948        7.4805         0.133       34.5756     0.0096764     0.0000029     0.0000000     0.0000029     0.0000000     0.0000000     0.0000000     0.0000000     0.0000000     0.0000000 
          96.            0.       20.0000       0.74865        9.0454       10.0175        8.2948        7.4804         0.133       34.5755     0.0096764     0.0000029     0.0000000     0.0000029     0.0000000     0.0000000     0.0000000     0.0000000     0.0000000     0.0000000 
          97.            0.       20.0000       0.74865        9.0454       10.0175        8.2947        7.4804         0.133       34.5754     0.0096765     0.0000029     0.0000000     0.0000029     0.0000000     0.0000000     0.0000000     0.0000000     0.0000000     0.0000000 
          98.            0.       20.0000       0.74864        9.0454       10.0175        8.2947        7.4803         0.134       34.5753     0.0096766     0.0000029     0.0000000     0.0000029     0.0000000     0.0000000     0.0000000     0.0000000     0.0000000     0.0000000 
          98.            0.       20.0000       0.74864        9.0454       10.0175        8.2947        7.4803         0.134       34.5752     0.0096766     0.0000029     0.0000000     0.0000029     0.0000000     0.0000000     0.0000000     0.0000000     0.0000000     0.0000000 
          98.            0.       20.0000       0.74864        9.0454       10.0175        8.2947        7.4802         0.134       34.5751     0.0096767     0.0000029     0.0000000     0.0000029     0.0000000     0.0000000     0.0000000     0.0000000     0.0000000     0.0000000 
          99.            0.       20.0000       0.74864        9.0454       10.0175        8.2946        7.4802         0.134       34.5751     0.0096768     0.0000029     0.0000000     0.0000029     0.0000000     0.0000000     0.0000000     0.0000000     0.0000000     0.0000000 
         100.            0.       20.0000       0.74863        9.0454       10.0175        8.2946        7.4802         0.135       34.5750     0.0096768     0.0000029     0.0000000     0.0000029     0.0000000     0.0000000     0.0000000     0.0000000     0.0000000     0.0000000 
         100.            0.       20.0000       0.74863        9.0453       10.0175        8.2946        7.4801         0.135       34.5749     0.0096769     0.0000029     0.0000000     0.0000029     0.0000000     0.0000000     0.0000000     0.0000000     0.0000000     0.0000000 
