%
%
% Run:2017  Table:COMPGRID          SWAN version:41.10A
%
%       Xp            Yp            Depth         Hsig          Tm_10         TPsmoo        Tm01          Tm02          Dir           Dspr          Steepn        Dissip        Ssurf         Sfric         Swcap         Redist        Snl3          Snl4          Genera        Swind    
%       [m]           [m]           [m]           [m]           [sec]         [sec]         [sec]         [sec]         [degr]        [degr]        [ ]           [m2/s]        [m2/s]        [m2/s]        [m2/s]        [m2/s]        [m2/s]        [m2/s]        [m2/s]        [m2/s]   
%
           0.            0.       20.0000       1.00810        2.7055        3.0059        2.4681        2.2082         0.099       32.5238     0.1323461     0.0000008     0.0000000     0.0000000     0.0000008     0.0000000     0.0000000     0.0000000     0.0000000     0.0000000 
           0.            0.       20.0000       1.00657        2.7094        3.0059        2.4772        2.2240         0.098       32.5104     0.1302767     0.0002857     0.0000000     0.0000000     0.0002857     0.0000000     0.0000000     0.0000000     0.0000000     0.0000000 
           1.            0.       20.0000       1.00510        2.7132        3.0060        2.4859        2.2394         0.097       32.4982     0.1283015     0.0002781     0.0000000     0.0000000     0.0002781     0.0000000     0.0000000     0.0000000     0.0000000     0.0000000 
           2.            0.       20.0000       1.00368        2.7168        3.0060        2.4942        2.2541         0.096       32.4874     0.1264443     0.0002710     0.0000000     0.0000000     0.0002710     0.0000000     0.0000000     0.0000000     0.0000000     0.0000000 
           2.            0.       20.0000       1.00232        2.7202        3.0061        2.5020        2.2683         0.095       32.4780     0.1247040     0.0002644     0.0000000     0.0000000     0.0002644     0.0000000     0.0000000     0.0000000     0.0000000     0.0000000 
           2.            0.       20.0000       1.00102        2.7235        3.0061        2.5095        2.2818         0.094       32.4697     0.1230727     0.0002582     0.0000000     0.0000000     0.0002582     0.0000000     0.0000000     0.0000000     0.0000000     0.0000000 
           3.            0.       20.0000       0.99977        2.7266        3.0062        2.5166        2.2947         0.093       32.4624     0.1215414     0.0002523     0.0000000     0.0000000     0.0002523     0.0000000     0.0000000     0.0000000     0.0000000     0.0000000 
           4.            0.       20.0000       0.99857        2.7295        3.0062        2.5233        2.3070         0.092       32.4558     0.1201012     0.0002468     0.0000000     0.0000000     0.0002468     0.0000000     0.0000000     0.0000000     0.0000000     0.0000000 
           4.            0.       20.0000       0.99741        2.7324        3.0063        2.5298        2.3188         0.091       32.4500     0.1187443     0.0002417     0.0000000     0.0000000     0.0002417     0.0000000     0.0000000     0.0000000     0.0000000     0.0000000 
           4.            0.       20.0000       0.99630        2.7351        3.0063        2.5359        2.3301         0.090       32.4448     0.1174638     0.0002368     0.0000000     0.0000000     0.0002368     0.0000000     0.0000000     0.0000000     0.0000000     0.0000000 
           5.            0.       20.0000       0.99522        2.7377        3.0063        2.5417        2.3409         0.089       32.4401     0.1162536     0.0002321     0.0000000     0.0000000     0.0002321     0.0000000     0.0000000     0.0000000     0.0000000     0.0000000 
           6.            0.       20.0000       0.99417        2.7402        3.0064        2.5473        2.3512         0.088       32.4359     0.1151082     0.0002278     0.0000000     0.0000000     0.0002278     0.0000000     0.0000000     0.0000000     0.0000000     0.0000000 
           6.            0.       20.0000       0.99316        2.7425        3.0064        2.5527        2.3612         0.087       32.4321     0.1140225     0.0002236     0.0000000     0.0000000     0.0002236     0.0000000     0.0000000     0.0000000     0.0000000     0.0000000 
           6.            0.       20.0000       0.99218        2.7448        3.0065        2.5578        2.3708         0.086       32.4287     0.1129925     0.0002196     0.0000000     0.0000000     0.0002196     0.0000000     0.0000000     0.0000000     0.0000000     0.0000000 
           7.            0.       20.0000       0.99122        2.7471        3.0065        2.5627        2.3799         0.085       32.4256     0.1120138     0.0002159     0.0000000     0.0000000     0.0002159     0.0000000     0.0000000     0.0000000     0.0000000     0.0000000 
           8.            0.       20.0000       0.99030        2.7492        3.0065        2.5675        2.3888         0.084       32.4227     0.1110831     0.0002123     0.0000000     0.0000000     0.0002123     0.0000000     0.0000000     0.0000000     0.0000000     0.0000000 
           8.            0.       20.0000       0.98940        2.7513        3.0066        2.5720        2.3973         0.083       32.4201     0.1101969     0.0002088     0.0000000     0.0000000     0.0002088     0.0000000     0.0000000     0.0000000     0.0000000     0.0000000 
           8.            0.       20.0000       0.98852        2.7532        3.0066        2.5763        2.4054         0.082       32.4177     0.1093524     0.0002055     0.0000000     0.0000000     0.0002055     0.0000000     0.0000000     0.0000000     0.0000000     0.0000000 
           9.            0.       20.0000       0.98767        2.7552        3.0066        2.5805        2.4133         0.081       32.4156     0.1085468     0.0002024     0.0000000     0.0000000     0.0002024     0.0000000     0.0000000     0.0000000     0.0000000     0.0000000 
          10.            0.       20.0000       0.98684        2.7570        3.0067        2.5846        2.4209         0.080       32.4137     0.1077775     0.0001994     0.0000000     0.0000000     0.0001994     0.0000000     0.0000000     0.0000000     0.0000000     0.0000000 
          10.            0.       20.0000       0.98603        2.7588        3.0067        2.5885        2.4282         0.079       32.4119     0.1070424     0.0001965     0.0000000     0.0000000     0.0001965     0.0000000     0.0000000     0.0000000     0.0000000     0.0000000 
          10.            0.       20.0000       0.98523        2.7606        3.0068        2.5922        2.4352         0.078       32.4102     0.1063392     0.0001937     0.0000000     0.0000000     0.0001937     0.0000000     0.0000000     0.0000000     0.0000000     0.0000000 
          11.            0.       20.0000       0.98446        2.7623        3.0068        2.5958        2.4420         0.077       32.4087     0.1056660     0.0001910     0.0000000     0.0000000     0.0001910     0.0000000     0.0000000     0.0000000     0.0000000     0.0000000 
          12.            0.       20.0000       0.98370        2.7639        3.0068        2.5993        2.4485         0.076       32.4074     0.1050211     0.0001885     0.0000000     0.0000000     0.0001885     0.0000000     0.0000000     0.0000000     0.0000000     0.0000000 
          12.            0.       20.0000       0.98296        2.7655        3.0069        2.6027        2.4548         0.075       32.4062     0.1044028     0.0001860     0.0000000     0.0000000     0.0001860     0.0000000     0.0000000     0.0000000     0.0000000     0.0000000 
          12.            0.       20.0000       0.98224        2.7671        3.0069        2.6060        2.4609         0.074       32.4050     0.1038096     0.0001836     0.0000000     0.0000000     0.0001836     0.0000000     0.0000000     0.0000000     0.0000000     0.0000000 
          13.            0.       20.0000       0.98153        2.7686        3.0069        2.6091        2.4668         0.073       32.4040     0.1032400     0.0001813     0.0000000     0.0000000     0.0001813     0.0000000     0.0000000     0.0000000     0.0000000     0.0000000 
          14.            0.       20.0000       0.98083        2.7700        3.0070        2.6122        2.4725         0.071       32.4031     0.1026927     0.0001791     0.0000000     0.0000000     0.0001791     0.0000000     0.0000000     0.0000000     0.0000000     0.0000000 
          14.            0.       20.0000       0.98015        2.7715        3.0070        2.6152        2.4780         0.070       32.4023     0.1021664     0.0001769     0.0000000     0.0000000     0.0001769     0.0000000     0.0000000     0.0000000     0.0000000     0.0000000 
          14.            0.       20.0000       0.97948        2.7729        3.0070        2.6180        2.4833         0.070       32.4015     0.1016601     0.0001749     0.0000000     0.0000000     0.0001749     0.0000000     0.0000000     0.0000000     0.0000000     0.0000000 
          15.            0.       20.0000       0.97882        2.7742        3.0071        2.6208        2.4884         0.069       32.4008     0.1011727     0.0001728     0.0000000     0.0000000     0.0001728     0.0000000     0.0000000     0.0000000     0.0000000     0.0000000 
          16.            0.       20.0000       0.97818        2.7755        3.0071        2.6235        2.4934         0.068       32.4002     0.1007031     0.0001709     0.0000000     0.0000000     0.0001709     0.0000000     0.0000000     0.0000000     0.0000000     0.0000000 
          16.            0.       20.0000       0.97754        2.7768        3.0071        2.6261        2.4982         0.067       32.3996     0.1002505     0.0001690     0.0000000     0.0000000     0.0001690     0.0000000     0.0000000     0.0000000     0.0000000     0.0000000 
          16.            0.       20.0000       0.97692        2.7781        3.0072        2.6287        2.5029         0.066       32.3991     0.0998140     0.0001672     0.0000000     0.0000000     0.0001672     0.0000000     0.0000000     0.0000000     0.0000000     0.0000000 
          17.            0.       20.0000       0.97631        2.7793        3.0072        2.6311        2.5074         0.065       32.3987     0.0993926     0.0001654     0.0000000     0.0000000     0.0001654     0.0000000     0.0000000     0.0000000     0.0000000     0.0000000 
          18.            0.       20.0000       0.97571        2.7805        3.0072        2.6335        2.5118         0.064       32.3983     0.0989859     0.0001637     0.0000000     0.0000000     0.0001637     0.0000000     0.0000000     0.0000000     0.0000000     0.0000000 
          18.            0.       20.0000       0.97512        2.7817        3.0073        2.6359        2.5160         0.063       32.3980     0.0985929     0.0001620     0.0000000     0.0000000     0.0001620     0.0000000     0.0000000     0.0000000     0.0000000     0.0000000 
          18.            0.       20.0000       0.97453        2.7829        3.0073        2.6381        2.5201         0.062       32.3977     0.0982130     0.0001604     0.0000000     0.0000000     0.0001604     0.0000000     0.0000000     0.0000000     0.0000000     0.0000000 
          19.            0.       20.0000       0.97396        2.7840        3.0073        2.6403        2.5241         0.061       32.3975     0.0978456     0.0001588     0.0000000     0.0000000     0.0001588     0.0000000     0.0000000     0.0000000     0.0000000     0.0000000 
          20.            0.       20.0000       0.97340        2.7851        3.0074        2.6425        2.5279         0.060       32.3973     0.0974900     0.0001573     0.0000000     0.0000000     0.0001573     0.0000000     0.0000000     0.0000000     0.0000000     0.0000000 
          20.            0.       20.0000       0.97284        2.7862        3.0074        2.6446        2.5317         0.060       32.3971     0.0971458     0.0001558     0.0000000     0.0000000     0.0001558     0.0000000     0.0000000     0.0000000     0.0000000     0.0000000 
          20.            0.       20.0000       0.97229        2.7872        3.0074        2.6466        2.5353         0.059       32.3970     0.0968124     0.0001543     0.0000000     0.0000000     0.0001543     0.0000000     0.0000000     0.0000000     0.0000000     0.0000000 
          21.            0.       20.0000       0.97175        2.7882        3.0075        2.6486        2.5389         0.058       32.3969     0.0964893     0.0001529     0.0000000     0.0000000     0.0001529     0.0000000     0.0000000     0.0000000     0.0000000     0.0000000 
          22.            0.       20.0000       0.97122        2.7893        3.0075        2.6506        2.5423         0.057       32.3969     0.0961760     0.0001515     0.0000000     0.0000000     0.0001515     0.0000000     0.0000000     0.0000000     0.0000000     0.0000000 
          22.            0.       20.0000       0.97069        2.7903        3.0075        2.6525        2.5456         0.057       32.3969     0.0958721     0.0001502     0.0000000     0.0000000     0.0001502     0.0000000     0.0000000     0.0000000     0.0000000     0.0000000 
          22.            0.       20.0000       0.97017        2.7912        3.0076        2.6543        2.5489         0.056       32.3969     0.0955772     0.0001489     0.0000000     0.0000000     0.0001489     0.0000000     0.0000000     0.0000000     0.0000000     0.0000000 
          23.            0.       20.0000       0.96966        2.7922        3.0076        2.6561        2.5520         0.055       32.3969     0.0952909     0.0001476     0.0000000     0.0000000     0.0001476     0.0000000     0.0000000     0.0000000     0.0000000     0.0000000 
          24.            0.       20.0000       0.96916        2.7931        3.0076        2.6579        2.5551         0.054       32.3970     0.0950128     0.0001463     0.0000000     0.0000000     0.0001463     0.0000000     0.0000000     0.0000000     0.0000000     0.0000000 
          24.            0.       20.0000       0.96866        2.7941        3.0077        2.6596        2.5581         0.054       32.3971     0.0947425     0.0001451     0.0000000     0.0000000     0.0001451     0.0000000     0.0000000     0.0000000     0.0000000     0.0000000 
          24.            0.       20.0000       0.96817        2.7950        3.0077        2.6613        2.5610         0.053       32.3972     0.0944797     0.0001439     0.0000000     0.0000000     0.0001439     0.0000000     0.0000000     0.0000000     0.0000000     0.0000000 
          25.            0.       20.0000       0.96768        2.7958        3.0077        2.6629        2.5638         0.053       32.3973     0.0942242     0.0001428     0.0000000     0.0000000     0.0001428     0.0000000     0.0000000     0.0000000     0.0000000     0.0000000 
          26.            0.       20.0000       0.96720        2.7967        3.0078        2.6645        2.5666         0.052       32.3975     0.0939756     0.0001416     0.0000000     0.0000000     0.0001416     0.0000000     0.0000000     0.0000000     0.0000000     0.0000000 
          26.            0.       20.0000       0.96672        2.7976        3.0078        2.6661        2.5692         0.051       32.3977     0.0937335     0.0001405     0.0000000     0.0000000     0.0001405     0.0000000     0.0000000     0.0000000     0.0000000     0.0000000 
          26.            0.       20.0000       0.96625        2.7984        3.0078        2.6676        2.5718         0.051       32.3979     0.0934978     0.0001394     0.0000000     0.0000000     0.0001394     0.0000000     0.0000000     0.0000000     0.0000000     0.0000000 
          27.            0.       20.0000       0.96579        2.7993        3.0078        2.6692        2.5744         0.050       32.3981     0.0932682     0.0001383     0.0000000     0.0000000     0.0001383     0.0000000     0.0000000     0.0000000     0.0000000     0.0000000 
          28.            0.       20.0000       0.96533        2.8001        3.0079        2.6706        2.5769         0.050       32.3984     0.0930445     0.0001373     0.0000000     0.0000000     0.0001373     0.0000000     0.0000000     0.0000000     0.0000000     0.0000000 
          28.            0.       20.0000       0.96488        2.8009        3.0079        2.6721        2.5793         0.049       32.3986     0.0928263     0.0001363     0.0000000     0.0000000     0.0001363     0.0000000     0.0000000     0.0000000     0.0000000     0.0000000 
          28.            0.       20.0000       0.96443        2.8017        3.0079        2.6735        2.5816         0.049       32.3989     0.0926135     0.0001353     0.0000000     0.0000000     0.0001353     0.0000000     0.0000000     0.0000000     0.0000000     0.0000000 
          29.            0.       20.0000       0.96398        2.8025        3.0080        2.6749        2.5839         0.049       32.3992     0.0924059     0.0001343     0.0000000     0.0000000     0.0001343     0.0000000     0.0000000     0.0000000     0.0000000     0.0000000 
          30.            0.       20.0000       0.96354        2.8032        3.0080        2.6763        2.5862         0.048       32.3995     0.0922033     0.0001333     0.0000000     0.0000000     0.0001333     0.0000000     0.0000000     0.0000000     0.0000000     0.0000000 
          30.            0.       20.0000       0.96311        2.8040        3.0080        2.6776        2.5884         0.048       32.3998     0.0920055     0.0001324     0.0000000     0.0000000     0.0001324     0.0000000     0.0000000     0.0000000     0.0000000     0.0000000 
          30.            0.       20.0000       0.96268        2.8047        3.0081        2.6789        2.5905         0.047       32.4002     0.0918123     0.0001315     0.0000000     0.0000000     0.0001315     0.0000000     0.0000000     0.0000000     0.0000000     0.0000000 
          31.            0.       20.0000       0.96225        2.8055        3.0081        2.6802        2.5926         0.047       32.4004     0.0916235     0.0001306     0.0000000     0.0000000     0.0001306     0.0000000     0.0000000     0.0000000     0.0000000     0.0000000 
          32.            0.       19.0000       0.96182        2.8062        3.0081        2.6814        2.5946         0.047       32.4006     0.0914395     0.0001297     0.0000000     0.0000000     0.0001297     0.0000000     0.0000000     0.0000000     0.0000000     0.0000000 
          32.            0.       18.0000       0.96138        2.8068        3.0081        2.6826        2.5966         0.046       32.4003     0.0912598     0.0001288     0.0000000     0.0000000     0.0001288     0.0000000     0.0000000     0.0000000     0.0000000     0.0000000 
          32.            0.       17.0000       0.96094        2.8075        3.0082        2.6838        2.5985         0.046       32.3997     0.0910857     0.0001280     0.0000000     0.0000000     0.0001280     0.0000000     0.0000000     0.0000000     0.0000000     0.0000000 
          33.            0.       16.0000       0.96049        2.8081        3.0082        2.6849        2.6004         0.046       32.3991     0.0909148     0.0001272     0.0000000     0.0000000     0.0001271     0.0000000     0.0000000     0.0000000     0.0000000     0.0000000 
          34.            0.       15.0000       0.96002        2.8086        3.0082        2.6860        2.6022         0.046       32.3970     0.0907480     0.0001263     0.0000000     0.0000000     0.0001263     0.0000000     0.0000000     0.0000000     0.0000000     0.0000000 
          34.            0.       14.0000       0.95952        2.8091        3.0082        2.6870        2.6038         0.046       32.3937     0.0905906     0.0001256     0.0000000     0.0000000     0.0001256     0.0000000     0.0000000     0.0000000     0.0000000     0.0000000 
          34.            0.       13.0000       0.95893        2.8094        3.0082        2.6878        2.6054         0.045       32.3888     0.0904342     0.0001248     0.0000000     0.0000000     0.0001248     0.0000000     0.0000000     0.0000000     0.0000000     0.0000000 
          35.            0.       12.0000       0.95825        2.8095        3.0081        2.6885        2.6067         0.045       32.3812     0.0902878     0.0001241     0.0000000     0.0000000     0.0001241     0.0000000     0.0000000     0.0000000     0.0000000     0.0000000 
          36.            0.       11.0000       0.95734        2.8093        3.0080        2.6889        2.6078         0.046       32.3696     0.0901435     0.0001234     0.0000000     0.0000001     0.0001233     0.0000000     0.0000000     0.0000000     0.0000000     0.0000000 
          36.            0.       10.0000       0.95609        2.8087        3.0077        2.6889        2.6085         0.046       32.3511     0.0900074     0.0001226     0.0000000     0.0000001     0.0001225     0.0000000     0.0000000     0.0000000     0.0000000     0.0000000 
          36.            0.        9.0000       0.95421        2.8074        3.0071        2.6883        2.6085         0.047       32.3210     0.0898738     0.0001218     0.0000000     0.0000002     0.0001216     0.0000000     0.0000000     0.0000000     0.0000000     0.0000000 
          37.            0.        8.0000       0.95125        2.8052        3.0060        2.6867        2.6076         0.048       32.2706     0.0897436     0.0001209     0.0000000     0.0000004     0.0001205     0.0000000     0.0000000     0.0000000     0.0000000     0.0000000 
          38.            0.        7.0000       0.94644        2.8017        3.0042        2.6836        2.6051         0.052       32.1837     0.0896070     0.0001198     0.0000000     0.0000008     0.0001190     0.0000000     0.0000000     0.0000000     0.0000000     0.0000000 
          38.            0.        6.0000       0.93859        2.7967        3.0017        2.6787        2.6006         0.058       32.0297     0.0894666     0.0001184     0.0000000     0.0000017     0.0001167     0.0000000     0.0000000     0.0000000     0.0000000     0.0000000 
          38.            0.        5.0000       0.92619        2.7906        2.9991        2.6718        2.5936         0.071       31.7522     0.0893561     0.0001171     0.0000000     0.0000034     0.0001136     0.0000000     0.0000000     0.0000000     0.0000000     0.0000000 
          39.            0.        4.0000       0.90814        2.7851        2.9987        2.6642        2.5851         0.096       31.2432     0.0894675     0.0001175     0.0000000     0.0000072     0.0001103     0.0000000     0.0000000     0.0000000     0.0000000     0.0000000 
          40.            0.        3.0000       0.88555        2.7857        3.0028        2.6611        2.5802         0.143       30.2599     0.0905032     0.0001279     0.0000022     0.0000155     0.0001103     0.0000000     0.0000000     0.0000000     0.0000000     0.0000000 
          40.            0.        2.0000       0.86891        2.8023        3.0101        2.6754        2.5924         0.196       29.3666     0.0953115     0.0008798     0.0007117     0.0000374     0.0001307     0.0000000     0.0000000     0.0000000     0.0000000     0.0000000 
          40.            0.        2.0000       0.86477        2.8021        3.0100        2.6756        2.5932         0.209       28.8658     0.0948111     0.0008373     0.0006733     0.0000370     0.0001269     0.0000000     0.0000000     0.0000000     0.0000000     0.0000000 
          41.            0.        2.0000       0.86239        2.8031        3.0101        2.6770        2.5951         0.213       28.7266     0.0944352     0.0008129     0.0006517     0.0000368     0.0001243     0.0000000     0.0000000     0.0000000     0.0000000     0.0000000 
          42.            0.        2.0000       0.86041        2.8042        3.0102        2.6785        2.5972         0.216       28.6873     0.0940970     0.0007929     0.0006341     0.0000367     0.0001221     0.0000000     0.0000000     0.0000000     0.0000000     0.0000000 
          42.            0.        2.0000       0.85859        2.8052        3.0102        2.6801        2.5993         0.219       28.6821     0.0937778     0.0007748     0.0006181     0.0000366     0.0001200     0.0000000     0.0000000     0.0000000     0.0000000     0.0000000 
          42.            0.        2.0000       0.85686        2.8063        3.0103        2.6816        2.6013         0.222       28.6887     0.0934710     0.0007577     0.0006032     0.0000365     0.0001181     0.0000000     0.0000000     0.0000000     0.0000000     0.0000000 
          43.            0.        2.0000       0.85518        2.8073        3.0104        2.6831        2.6033         0.226       28.6995     0.0931742     0.0007415     0.0005890     0.0000363     0.0001162     0.0000000     0.0000000     0.0000000     0.0000000     0.0000000 
          44.            0.        2.0000       0.85354        2.8084        3.0105        2.6846        2.6052         0.229       28.7120     0.0928863     0.0007260     0.0005754     0.0000362     0.0001144     0.0000000     0.0000000     0.0000000     0.0000000     0.0000000 
          44.            0.        2.0000       0.85193        2.8094        3.0106        2.6860        2.6070         0.232       28.7251     0.0926064     0.0007111     0.0005623     0.0000361     0.0001126     0.0000000     0.0000000     0.0000000     0.0000000     0.0000000 
          44.            0.        2.0000       0.85036        2.8103        3.0107        2.6874        2.6088         0.236       28.7387     0.0923343     0.0006968     0.0005498     0.0000360     0.0001110     0.0000000     0.0000000     0.0000000     0.0000000     0.0000000 
          45.            0.        2.0000       0.84882        2.8113        3.0107        2.6887        2.6105         0.239       28.7525     0.0920694     0.0006830     0.0005377     0.0000359     0.0001093     0.0000000     0.0000000     0.0000000     0.0000000     0.0000000 
          46.            0.        2.0000       0.84731        2.8122        3.0108        2.6900        2.6122         0.241       28.7664     0.0918116     0.0006696     0.0005261     0.0000358     0.0001078     0.0000000     0.0000000     0.0000000     0.0000000     0.0000000 
          46.            0.        2.0000       0.84583        2.8131        3.0109        2.6913        2.6139         0.244       28.7804     0.0915603     0.0006568     0.0005149     0.0000357     0.0001062     0.0000000     0.0000000     0.0000000     0.0000000     0.0000000 
          46.            0.        2.0000       0.84438        2.8140        3.0110        2.6926        2.6154         0.246       28.7945     0.0913155     0.0006444     0.0005040     0.0000356     0.0001048     0.0000000     0.0000000     0.0000000     0.0000000     0.0000000 
          47.            0.        2.0000       0.84296        2.8149        3.0110        2.6938        2.6170         0.248       28.8087     0.0910769     0.0006325     0.0004936     0.0000355     0.0001034     0.0000000     0.0000000     0.0000000     0.0000000     0.0000000 
          48.            0.        2.0000       0.84156        2.8157        3.0111        2.6950        2.6185         0.250       28.8231     0.0908441     0.0006209     0.0004835     0.0000354     0.0001020     0.0000000     0.0000000     0.0000000     0.0000000     0.0000000 
          48.            0.        2.0000       0.84019        2.8166        3.0112        2.6961        2.6199         0.252       28.8377     0.0906170     0.0006098     0.0004738     0.0000353     0.0001007     0.0000000     0.0000000     0.0000000     0.0000000     0.0000000 
          48.            0.        2.0000       0.83885        2.8174        3.0113        2.6973        2.6213         0.253       28.8525     0.0903954     0.0005990     0.0004644     0.0000352     0.0000994     0.0000000     0.0000000     0.0000000     0.0000000     0.0000000 
          49.            0.        2.0000       0.83753        2.8182        3.0113        2.6984        2.6227         0.255       28.8675     0.0901790     0.0005886     0.0004553     0.0000351     0.0000981     0.0000000     0.0000000     0.0000000     0.0000000     0.0000000 
          50.            0.        2.0000       0.83623        2.8190        3.0114        2.6994        2.6240         0.256       28.8828     0.0899677     0.0005785     0.0004465     0.0000351     0.0000969     0.0000000     0.0000000     0.0000000     0.0000000     0.0000000 
          50.            0.        2.0000       0.83496        2.8197        3.0115        2.7005        2.6253         0.257       28.8985     0.0897613     0.0005687     0.0004380     0.0000350     0.0000957     0.0000000     0.0000000     0.0000000     0.0000000     0.0000000 
          50.            0.        2.0000       0.83371        2.8205        3.0115        2.7015        2.6265         0.258       28.9145     0.0895596     0.0005592     0.0004297     0.0000349     0.0000946     0.0000000     0.0000000     0.0000000     0.0000000     0.0000000 
          51.            0.        2.0000       0.83248        2.8212        3.0116        2.7025        2.6277         0.259       28.9308     0.0893623     0.0005501     0.0004218     0.0000348     0.0000935     0.0000000     0.0000000     0.0000000     0.0000000     0.0000000 
          52.            0.        2.0000       0.83127        2.8219        3.0117        2.7035        2.6289         0.260       28.9476     0.0891695     0.0005412     0.0004140     0.0000347     0.0000924     0.0000000     0.0000000     0.0000000     0.0000000     0.0000000 
          52.            0.        2.0000       0.83009        2.8226        3.0117        2.7045        2.6301         0.261       28.9648     0.0889808     0.0005326     0.0004065     0.0000346     0.0000914     0.0000000     0.0000000     0.0000000     0.0000000     0.0000000 
          52.            0.        2.0000       0.82892        2.8233        3.0118        2.7054        2.6312         0.262       28.9823     0.0887963     0.0005242     0.0003993     0.0000346     0.0000904     0.0000000     0.0000000     0.0000000     0.0000000     0.0000000 
          53.            0.        2.0000       0.82778        2.8240        3.0119        2.7063        2.6323         0.263       29.0003     0.0886155     0.0005161     0.0003922     0.0000345     0.0000894     0.0000000     0.0000000     0.0000000     0.0000000     0.0000000 
          54.            0.        2.0000       0.82665        2.8247        3.0119        2.7072        2.6334         0.264       29.0186     0.0884384     0.0005083     0.0003854     0.0000344     0.0000884     0.0000000     0.0000000     0.0000000     0.0000000     0.0000000 
          54.            0.        2.0000       0.82555        2.8253        3.0120        2.7081        2.6344         0.265       29.0373     0.0882650     0.0005006     0.0003788     0.0000343     0.0000875     0.0000000     0.0000000     0.0000000     0.0000000     0.0000000 
          54.            0.        2.0000       0.82446        2.8260        3.0120        2.7090        2.6355         0.266       29.0563     0.0880949     0.0004932     0.0003724     0.0000343     0.0000866     0.0000000     0.0000000     0.0000000     0.0000000     0.0000000 
          55.            0.        2.0000       0.82339        2.8266        3.0121        2.7098        2.6365         0.268       29.0757     0.0879282     0.0004860     0.0003661     0.0000342     0.0000857     0.0000000     0.0000000     0.0000000     0.0000000     0.0000000 
          56.            0.        2.0000       0.82234        2.8272        3.0122        2.7107        2.6375         0.270       29.0953     0.0877646     0.0004790     0.0003601     0.0000341     0.0000849     0.0000000     0.0000000     0.0000000     0.0000000     0.0000000 
          56.            0.        2.0000       0.82130        2.8279        3.0122        2.7115        2.6384         0.271       29.1152     0.0876041     0.0004722     0.0003542     0.0000340     0.0000840     0.0000000     0.0000000     0.0000000     0.0000000     0.0000000 
          56.            0.        2.0000       0.82028        2.8285        3.0123        2.7123        2.6394         0.273       29.1354     0.0874466     0.0004656     0.0003484     0.0000340     0.0000832     0.0000000     0.0000000     0.0000000     0.0000000     0.0000000 
          57.            0.        2.0000       0.81928        2.8290        3.0123        2.7131        2.6403         0.275       29.1559     0.0872919     0.0004592     0.0003429     0.0000339     0.0000824     0.0000000     0.0000000     0.0000000     0.0000000     0.0000000 
          58.            0.        2.0000       0.81829        2.8296        3.0124        2.7139        2.6412         0.277       29.1768     0.0871398     0.0004529     0.0003375     0.0000338     0.0000816     0.0000000     0.0000000     0.0000000     0.0000000     0.0000000 
          58.            0.        2.0000       0.81732        2.8302        3.0124        2.7146        2.6421         0.278       29.1984     0.0869908     0.0004469     0.0003322     0.0000338     0.0000809     0.0000000     0.0000000     0.0000000     0.0000000     0.0000000 
          58.            0.        2.0000       0.81638        2.8308        3.0125        2.7154        2.6430         0.280       29.2213     0.0868449     0.0004410     0.0003272     0.0000337     0.0000801     0.0000000     0.0000000     0.0000000     0.0000000     0.0000000 
          59.            0.        2.0000       0.81548        2.8314        3.0125        2.7162        2.6439         0.282       29.2483     0.0867033     0.0004355     0.0003224     0.0000337     0.0000794     0.0000000     0.0000000     0.0000000     0.0000000     0.0000000 
          60.            0.        2.0000       0.81469        2.8320        3.0126        2.7170        2.6449         0.281       29.2831     0.0865697     0.0004306     0.0003182     0.0000336     0.0000788     0.0000000     0.0000000     0.0000000     0.0000000     0.0000000 
          60.            0.        2.0000       0.81922        2.8343        3.0128        2.7200        2.6483         0.273       30.5884     0.0868764     0.0004561     0.0003413     0.0000340     0.0000808     0.0000000     0.0000000     0.0000000     0.0000000     0.0000000 
          60.            0.        3.0000       0.83864        2.8210        3.0061        2.7098        2.6406         0.220       32.8160     0.0822297     0.0000830     0.0000005     0.0000144     0.0000681     0.0000000     0.0000000     0.0000000     0.0000000     0.0000000 
          61.            0.        4.0000       0.85985        2.8222        3.0033        2.7145        2.6473         0.164       33.6665     0.0809828     0.0000738     0.0000000     0.0000067     0.0000671     0.0000000     0.0000000     0.0000000     0.0000000     0.0000000 
          62.            0.        5.0000       0.87503        2.8276        3.0040        2.7219        2.6559         0.134       33.7887     0.0806080     0.0000712     0.0000000     0.0000032     0.0000680     0.0000000     0.0000000     0.0000000     0.0000000     0.0000000 
          62.            0.        6.0000       0.88444        2.8330        3.0060        2.7283        2.6629         0.119       33.6730     0.0804605     0.0000702     0.0000000     0.0000016     0.0000687     0.0000000     0.0000000     0.0000000     0.0000000     0.0000000 
          62.            0.        7.0000       0.88986        2.8373        3.0078        2.7330        2.6679         0.112       33.5304     0.0803653     0.0000698     0.0000000     0.0000008     0.0000690     0.0000000     0.0000000     0.0000000     0.0000000     0.0000000 
          63.            0.        8.0000       0.89284        2.8405        3.0091        2.7363        2.6713         0.109       33.4166     0.0802826     0.0000695     0.0000000     0.0000004     0.0000691     0.0000000     0.0000000     0.0000000     0.0000000     0.0000000 
          64.            0.        9.0000       0.89440        2.8427        3.0099        2.7386        2.6736         0.108       33.3349     0.0802016     0.0000691     0.0000000     0.0000002     0.0000689     0.0000000     0.0000000     0.0000000     0.0000000     0.0000000 
          64.            0.       10.0000       0.89516        2.8443        3.0103        2.7401        2.6752         0.108       33.2777     0.0801262     0.0000688     0.0000000     0.0000001     0.0000687     0.0000000     0.0000000     0.0000000     0.0000000     0.0000000 
          64.            0.       11.0000       0.89546        2.8454        3.0106        2.7413        2.6764         0.108       33.2373     0.0800533     0.0000686     0.0000000     0.0000001     0.0000685     0.0000000     0.0000000     0.0000000     0.0000000     0.0000000 
          65.            0.       12.0000       0.89552        2.8462        3.0107        2.7421        2.6774         0.109       33.2087     0.0799869     0.0000683     0.0000000     0.0000000     0.0000683     0.0000000     0.0000000     0.0000000     0.0000000     0.0000000 
          66.            0.       13.0000       0.89544        2.8468        3.0108        2.7428        2.6782         0.110       33.1870     0.0799203     0.0000680     0.0000000     0.0000000     0.0000680     0.0000000     0.0000000     0.0000000     0.0000000     0.0000000 
          66.            0.       14.0000       0.89529        2.8473        3.0109        2.7434        2.6788         0.111       33.1707     0.0798610     0.0000678     0.0000000     0.0000000     0.0000678     0.0000000     0.0000000     0.0000000     0.0000000     0.0000000 
          66.            0.       15.0000       0.89509        2.8477        3.0109        2.7439        2.6794         0.112       33.1574     0.0798001     0.0000675     0.0000000     0.0000000     0.0000675     0.0000000     0.0000000     0.0000000     0.0000000     0.0000000 
          67.            0.       16.0000       0.89488        2.8481        3.0109        2.7443        2.6800         0.113       33.1463     0.0797453     0.0000673     0.0000000     0.0000000     0.0000673     0.0000000     0.0000000     0.0000000     0.0000000     0.0000000 
          68.            0.       17.0000       0.89467        2.8484        3.0109        2.7448        2.6806         0.115       33.1392     0.0796921     0.0000671     0.0000000     0.0000000     0.0000671     0.0000000     0.0000000     0.0000000     0.0000000     0.0000000 
          68.            0.       18.0000       0.89445        2.8487        3.0109        2.7452        2.6811         0.116       33.1320     0.0796384     0.0000669     0.0000000     0.0000000     0.0000669     0.0000000     0.0000000     0.0000000     0.0000000     0.0000000 
          68.            0.       19.0000       0.89422        2.8490        3.0110        2.7456        2.6816         0.117       33.1255     0.0795866     0.0000667     0.0000000     0.0000000     0.0000667     0.0000000     0.0000000     0.0000000     0.0000000     0.0000000 
          69.            0.       20.0000       0.89400        2.8493        3.0110        2.7460        2.6822         0.119       33.1205     0.0795354     0.0000665     0.0000000     0.0000000     0.0000665     0.0000000     0.0000000     0.0000000     0.0000000     0.0000000 
          70.            0.       20.0000       0.89378        2.8495        3.0110        2.7464        2.6827         0.120       33.1159     0.0794849     0.0000663     0.0000000     0.0000000     0.0000663     0.0000000     0.0000000     0.0000000     0.0000000     0.0000000 
          70.            0.       20.0000       0.89356        2.8498        3.0110        2.7468        2.6832         0.121       33.1118     0.0794347     0.0000661     0.0000000     0.0000000     0.0000661     0.0000000     0.0000000     0.0000000     0.0000000     0.0000000 
          70.            0.       20.0000       0.89334        2.8501        3.0110        2.7472        2.6837         0.123       33.1076     0.0793848     0.0000659     0.0000000     0.0000000     0.0000659     0.0000000     0.0000000     0.0000000     0.0000000     0.0000000 
          71.            0.       20.0000       0.89312        2.8504        3.0111        2.7476        2.6842         0.124       33.1034     0.0793353     0.0000657     0.0000000     0.0000000     0.0000657     0.0000000     0.0000000     0.0000000     0.0000000     0.0000000 
          72.            0.       20.0000       0.89290        2.8506        3.0111        2.7479        2.6847         0.126       33.0993     0.0792860     0.0000655     0.0000000     0.0000000     0.0000655     0.0000000     0.0000000     0.0000000     0.0000000     0.0000000 
          72.            0.       20.0000       0.89268        2.8509        3.0111        2.7483        2.6852         0.127       33.0952     0.0792370     0.0000653     0.0000000     0.0000000     0.0000653     0.0000000     0.0000000     0.0000000     0.0000000     0.0000000 
          72.            0.       20.0000       0.89246        2.8512        3.0111        2.7487        2.6857         0.129       33.0911     0.0791883     0.0000652     0.0000000     0.0000000     0.0000652     0.0000000     0.0000000     0.0000000     0.0000000     0.0000000 
          73.            0.       20.0000       0.89224        2.8514        3.0112        2.7491        2.6862         0.130       33.0870     0.0791400     0.0000650     0.0000000     0.0000000     0.0000650     0.0000000     0.0000000     0.0000000     0.0000000     0.0000000 
          74.            0.       20.0000       0.89203        2.8517        3.0112        2.7495        2.6867         0.132       33.0830     0.0790919     0.0000648     0.0000000     0.0000000     0.0000648     0.0000000     0.0000000     0.0000000     0.0000000     0.0000000 
          74.            0.       20.0000       0.89181        2.8519        3.0112        2.7498        2.6872         0.133       33.0790     0.0790441     0.0000646     0.0000000     0.0000000     0.0000646     0.0000000     0.0000000     0.0000000     0.0000000     0.0000000 
          74.            0.       20.0000       0.89160        2.8522        3.0112        2.7502        2.6877         0.135       33.0751     0.0789966     0.0000644     0.0000000     0.0000000     0.0000644     0.0000000     0.0000000     0.0000000     0.0000000     0.0000000 
          75.            0.       20.0000       0.89138        2.8525        3.0113        2.7506        2.6882         0.136       33.0711     0.0789494     0.0000642     0.0000000     0.0000000     0.0000642     0.0000000     0.0000000     0.0000000     0.0000000     0.0000000 
          76.            0.       20.0000       0.89117        2.8527        3.0113        2.7510        2.6886         0.138       33.0672     0.0789025     0.0000641     0.0000000     0.0000000     0.0000641     0.0000000     0.0000000     0.0000000     0.0000000     0.0000000 
          76.            0.       20.0000       0.89096        2.8530        3.0113        2.7513        2.6891         0.139       33.0634     0.0788559     0.0000639     0.0000000     0.0000000     0.0000639     0.0000000     0.0000000     0.0000000     0.0000000     0.0000000 
          76.            0.       20.0000       0.89075        2.8532        3.0113        2.7517        2.6896         0.141       33.0596     0.0788094     0.0000637     0.0000000     0.0000000     0.0000637     0.0000000     0.0000000     0.0000000     0.0000000     0.0000000 
          77.            0.       20.0000       0.89054        2.8535        3.0113        2.7521        2.6901         0.143       33.0558     0.0787634     0.0000635     0.0000000     0.0000000     0.0000635     0.0000000     0.0000000     0.0000000     0.0000000     0.0000000 
          78.            0.       20.0000       0.89033        2.8537        3.0114        2.7524        2.6905         0.144       33.0520     0.0787176     0.0000634     0.0000000     0.0000000     0.0000634     0.0000000     0.0000000     0.0000000     0.0000000     0.0000000 
          78.            0.       20.0000       0.89012        2.8540        3.0114        2.7528        2.6910         0.146       33.0483     0.0786720     0.0000632     0.0000000     0.0000000     0.0000632     0.0000000     0.0000000     0.0000000     0.0000000     0.0000000 
          78.            0.       20.0000       0.88991        2.8542        3.0114        2.7531        2.6914         0.148       33.0447     0.0786267     0.0000630     0.0000000     0.0000000     0.0000630     0.0000000     0.0000000     0.0000000     0.0000000     0.0000000 
          79.            0.       20.0000       0.88971        2.8545        3.0114        2.7535        2.6919         0.149       33.0411     0.0785817     0.0000629     0.0000000     0.0000000     0.0000629     0.0000000     0.0000000     0.0000000     0.0000000     0.0000000 
          80.            0.       20.0000       0.88950        2.8547        3.0115        2.7538        2.6924         0.151       33.0375     0.0785369     0.0000627     0.0000000     0.0000000     0.0000627     0.0000000     0.0000000     0.0000000     0.0000000     0.0000000 
          80.            0.       20.0000       0.88930        2.8550        3.0115        2.7542        2.6928         0.153       33.0340     0.0784924     0.0000625     0.0000000     0.0000000     0.0000625     0.0000000     0.0000000     0.0000000     0.0000000     0.0000000 
          80.            0.       20.0000       0.88909        2.8552        3.0115        2.7545        2.6933         0.155       33.0305     0.0784482     0.0000624     0.0000000     0.0000000     0.0000624     0.0000000     0.0000000     0.0000000     0.0000000     0.0000000 
          81.            0.       20.0000       0.88889        2.8554        3.0115        2.7549        2.6937         0.156       33.0270     0.0784042     0.0000622     0.0000000     0.0000000     0.0000622     0.0000000     0.0000000     0.0000000     0.0000000     0.0000000 
          82.            0.       20.0000       0.88869        2.8557        3.0115        2.7552        2.6942         0.158       33.0237     0.0783605     0.0000620     0.0000000     0.0000000     0.0000620     0.0000000     0.0000000     0.0000000     0.0000000     0.0000000 
          82.            0.       20.0000       0.88849        2.8559        3.0116        2.7556        2.6946         0.160       33.0203     0.0783171     0.0000619     0.0000000     0.0000000     0.0000619     0.0000000     0.0000000     0.0000000     0.0000000     0.0000000 
          82.            0.       20.0000       0.88829        2.8562        3.0116        2.7559        2.6950         0.162       33.0170     0.0782739     0.0000617     0.0000000     0.0000000     0.0000617     0.0000000     0.0000000     0.0000000     0.0000000     0.0000000 
          83.            0.       20.0000       0.88809        2.8564        3.0116        2.7562        2.6955         0.164       33.0138     0.0782309     0.0000616     0.0000000     0.0000000     0.0000616     0.0000000     0.0000000     0.0000000     0.0000000     0.0000000 
          84.            0.       20.0000       0.88789        2.8566        3.0116        2.7566        2.6959         0.165       33.0106     0.0781881     0.0000614     0.0000000     0.0000000     0.0000614     0.0000000     0.0000000     0.0000000     0.0000000     0.0000000 
          84.            0.       20.0000       0.88769        2.8569        3.0116        2.7569        2.6963         0.167       33.0075     0.0781456     0.0000612     0.0000000     0.0000000     0.0000612     0.0000000     0.0000000     0.0000000     0.0000000     0.0000000 
          84.            0.       20.0000       0.88749        2.8571        3.0117        2.7573        2.6968         0.169       33.0043     0.0781034     0.0000611     0.0000000     0.0000000     0.0000611     0.0000000     0.0000000     0.0000000     0.0000000     0.0000000 
          85.            0.       20.0000       0.88730        2.8573        3.0117        2.7576        2.6972         0.171       33.0013     0.0780614     0.0000609     0.0000000     0.0000000     0.0000609     0.0000000     0.0000000     0.0000000     0.0000000     0.0000000 
          86.            0.       20.0000       0.88710        2.8576        3.0117        2.7579        2.6976         0.173       32.9983     0.0780197     0.0000608     0.0000000     0.0000000     0.0000608     0.0000000     0.0000000     0.0000000     0.0000000     0.0000000 
          86.            0.       20.0000       0.88691        2.8578        3.0117        2.7582        2.6980         0.175       32.9954     0.0779781     0.0000606     0.0000000     0.0000000     0.0000606     0.0000000     0.0000000     0.0000000     0.0000000     0.0000000 
          86.            0.       20.0000       0.88671        2.8580        3.0117        2.7586        2.6985         0.177       32.9924     0.0779369     0.0000605     0.0000000     0.0000000     0.0000605     0.0000000     0.0000000     0.0000000     0.0000000     0.0000000 
          87.            0.       20.0000       0.88652        2.8583        3.0118        2.7589        2.6989         0.179       32.9896     0.0778958     0.0000603     0.0000000     0.0000000     0.0000603     0.0000000     0.0000000     0.0000000     0.0000000     0.0000000 
          88.            0.       20.0000       0.88633        2.8585        3.0118        2.7592        2.6993         0.181       32.9868     0.0778550     0.0000602     0.0000000     0.0000000     0.0000602     0.0000000     0.0000000     0.0000000     0.0000000     0.0000000 
          88.            0.       20.0000       0.88614        2.8587        3.0118        2.7595        2.6997         0.183       32.9841     0.0778143     0.0000600     0.0000000     0.0000000     0.0000600     0.0000000     0.0000000     0.0000000     0.0000000     0.0000000 
          88.            0.       20.0000       0.88595        2.8589        3.0118        2.7599        2.7001         0.185       32.9813     0.0777740     0.0000599     0.0000000     0.0000000     0.0000599     0.0000000     0.0000000     0.0000000     0.0000000     0.0000000 
          89.            0.       20.0000       0.88576        2.8592        3.0118        2.7602        2.7005         0.187       32.9787     0.0777338     0.0000597     0.0000000     0.0000000     0.0000597     0.0000000     0.0000000     0.0000000     0.0000000     0.0000000 
          90.            0.       20.0000       0.88557        2.8594        3.0119        2.7605        2.7009         0.189       32.9761     0.0776939     0.0000596     0.0000000     0.0000000     0.0000596     0.0000000     0.0000000     0.0000000     0.0000000     0.0000000 
          90.            0.       20.0000       0.88538        2.8596        3.0119        2.7608        2.7013         0.192       32.9735     0.0776542     0.0000594     0.0000000     0.0000000     0.0000594     0.0000000     0.0000000     0.0000000     0.0000000     0.0000000 
          90.            0.       20.0000       0.88520        2.8598        3.0119        2.7611        2.7017         0.194       32.9710     0.0776147     0.0000593     0.0000000     0.0000000     0.0000593     0.0000000     0.0000000     0.0000000     0.0000000     0.0000000 
          91.            0.       20.0000       0.88501        2.8601        3.0119        2.7614        2.7021         0.196       32.9686     0.0775754     0.0000592     0.0000000     0.0000000     0.0000592     0.0000000     0.0000000     0.0000000     0.0000000     0.0000000 
          92.            0.       20.0000       0.88483        2.8603        3.0119        2.7618        2.7025         0.198       32.9661     0.0775363     0.0000590     0.0000000     0.0000000     0.0000590     0.0000000     0.0000000     0.0000000     0.0000000     0.0000000 
          92.            0.       20.0000       0.88464        2.8605        3.0120        2.7621        2.7029         0.200       32.9637     0.0774975     0.0000589     0.0000000     0.0000000     0.0000589     0.0000000     0.0000000     0.0000000     0.0000000     0.0000000 
          92.            0.       20.0000       0.88446        2.8607        3.0120        2.7624        2.7033         0.202       32.9614     0.0774588     0.0000587     0.0000000     0.0000000     0.0000587     0.0000000     0.0000000     0.0000000     0.0000000     0.0000000 
          93.            0.       20.0000       0.88428        2.8609        3.0120        2.7627        2.7037         0.205       32.9591     0.0774204     0.0000586     0.0000000     0.0000000     0.0000586     0.0000000     0.0000000     0.0000000     0.0000000     0.0000000 
          94.            0.       20.0000       0.88409        2.8611        3.0120        2.7630        2.7041         0.207       32.9569     0.0773821     0.0000585     0.0000000     0.0000000     0.0000585     0.0000000     0.0000000     0.0000000     0.0000000     0.0000000 
          94.            0.       20.0000       0.88391        2.8614        3.0120        2.7633        2.7045         0.209       32.9547     0.0773441     0.0000583     0.0000000     0.0000000     0.0000583     0.0000000     0.0000000     0.0000000     0.0000000     0.0000000 
          94.            0.       20.0000       0.88373        2.8616        3.0121        2.7636        2.7049         0.211       32.9525     0.0773062     0.0000582     0.0000000     0.0000000     0.0000582     0.0000000     0.0000000     0.0000000     0.0000000     0.0000000 
          95.            0.       20.0000       0.88355        2.8618        3.0121        2.7639        2.7053         0.214       32.9504     0.0772686     0.0000581     0.0000000     0.0000000     0.0000581     0.0000000     0.0000000     0.0000000     0.0000000     0.0000000 
          96.            0.       20.0000       0.88337        2.8620        3.0121        2.7642        2.7057         0.216       32.9483     0.0772311     0.0000579     0.0000000     0.0000000     0.0000579     0.0000000     0.0000000     0.0000000     0.0000000     0.0000000 
          96.            0.       20.0000       0.88319        2.8622        3.0121        2.7645        2.7060         0.218       32.9463     0.0771939     0.0000578     0.0000000     0.0000000     0.0000578     0.0000000     0.0000000     0.0000000     0.0000000     0.0000000 
          96.            0.       20.0000       0.88302        2.8624        3.0121        2.7648        2.7064         0.221       32.9443     0.0771569     0.0000577     0.0000000     0.0000000     0.0000577     0.0000000     0.0000000     0.0000000     0.0000000     0.0000000 
          97.            0.       20.0000       0.88284        2.8626        3.0122        2.7651        2.7068         0.223       32.9423     0.0771200     0.0000575     0.0000000     0.0000000     0.0000575     0.0000000     0.0000000     0.0000000     0.0000000     0.0000000 
          98.            0.       20.0000       0.88266        2.8628        3.0122        2.7654        2.7072         0.225       32.9404     0.0770833     0.0000574     0.0000000     0.0000000     0.0000574     0.0000000     0.0000000     0.0000000     0.0000000     0.0000000 
          98.            0.       20.0000       0.88249        2.8630        3.0122        2.7657        2.7075         0.228       32.9385     0.0770468     0.0000573     0.0000000     0.0000000     0.0000573     0.0000000     0.0000000     0.0000000     0.0000000     0.0000000 
          98.            0.       20.0000       0.88231        2.8633        3.0122        2.7660        2.7079         0.230       32.9366     0.0770105     0.0000571     0.0000000     0.0000000     0.0000571     0.0000000     0.0000000     0.0000000     0.0000000     0.0000000 
          99.            0.       20.0000       0.88214        2.8635        3.0122        2.7663        2.7083         0.232       32.9347     0.0769744     0.0000570     0.0000000     0.0000000     0.0000570     0.0000000     0.0000000     0.0000000     0.0000000     0.0000000 
         100.            0.       20.0000       0.88196        2.8637        3.0122        2.7665        2.7086         0.235       32.9330     0.0769384     0.0000569     0.0000000     0.0000000     0.0000569     0.0000000     0.0000000     0.0000000     0.0000000     0.0000000 
         100.            0.       20.0000       0.88179        2.8639        3.0123        2.7668        2.7090         0.237       32.9312     0.0769028     0.0000568     0.0000000     0.0000000     0.0000568     0.0000000     0.0000000     0.0000000     0.0000000     0.0000000 
