%
%
% Run:2017  Table:COMPGRID          SWAN version:41.10A
%
%       Xp            Yp            Depth         Hsig          Tm_10         TPsmoo        Tm01          Tm02          Dir           Dspr          Steepn        Dissip        Ssurf         Sfric         Swcap         Redist        Snl3          Snl4          Genera        Swind    
%       [m]           [m]           [m]           [m]           [sec]         [sec]         [sec]         [sec]         [degr]        [degr]        [ ]           [m2/s]        [m2/s]        [m2/s]        [m2/s]        [m2/s]        [m2/s]        [m2/s]        [m2/s]        [m2/s]   
%
           0.            0.       20.0000       1.26162        3.6071        4.0075        3.2912        2.9451         0.078       32.8580     0.0931400     0.0000004     0.0000000     0.0000000     0.0000004     0.0000000     0.0000000     0.0000000     0.0000000     0.0000000 
           0.            0.       20.0000       1.26134        3.6079        4.0076        3.2930        2.9482         0.077       32.8559     0.0929253     0.0000846     0.0000000     0.0000001     0.0000846     0.0000000     0.0000000     0.0000000     0.0000000     0.0000000 
           1.            0.       20.0000       1.26107        3.6086        4.0076        3.2947        2.9513         0.076       32.8538     0.0927122     0.0000843     0.0000000     0.0000001     0.0000842     0.0000000     0.0000000     0.0000000     0.0000000     0.0000000 
           2.            0.       20.0000       1.26080        3.6094        4.0076        3.2965        2.9543         0.075       32.8518     0.0925011     0.0000840     0.0000000     0.0000001     0.0000839     0.0000000     0.0000000     0.0000000     0.0000000     0.0000000 
           2.            0.       20.0000       1.26053        3.6101        4.0076        3.2982        2.9573         0.074       32.8498     0.0922922     0.0000836     0.0000000     0.0000001     0.0000836     0.0000000     0.0000000     0.0000000     0.0000000     0.0000000 
           2.            0.       20.0000       1.26026        3.6109        4.0076        3.2999        2.9604         0.073       32.8478     0.0920855     0.0000833     0.0000000     0.0000001     0.0000832     0.0000000     0.0000000     0.0000000     0.0000000     0.0000000 
           3.            0.       20.0000       1.25999        3.6116        4.0076        3.3016        2.9633         0.073       32.8460     0.0918809     0.0000830     0.0000000     0.0000001     0.0000829     0.0000000     0.0000000     0.0000000     0.0000000     0.0000000 
           4.            0.       20.0000       1.25972        3.6123        4.0076        3.3033        2.9663         0.072       32.8441     0.0916785     0.0000827     0.0000000     0.0000001     0.0000826     0.0000000     0.0000000     0.0000000     0.0000000     0.0000000 
           4.            0.       20.0000       1.25946        3.6130        4.0076        3.3049        2.9692         0.071       32.8423     0.0914781     0.0000823     0.0000000     0.0000001     0.0000823     0.0000000     0.0000000     0.0000000     0.0000000     0.0000000 
           4.            0.       20.0000       1.25920        3.6137        4.0076        3.3066        2.9721         0.070       32.8405     0.0912799     0.0000820     0.0000000     0.0000001     0.0000820     0.0000000     0.0000000     0.0000000     0.0000000     0.0000000 
           5.            0.       20.0000       1.25894        3.6145        4.0076        3.3082        2.9750         0.070       32.8388     0.0910836     0.0000817     0.0000000     0.0000001     0.0000817     0.0000000     0.0000000     0.0000000     0.0000000     0.0000000 
           6.            0.       20.0000       1.25868        3.6152        4.0076        3.3098        2.9779         0.069       32.8371     0.0908894     0.0000814     0.0000000     0.0000001     0.0000814     0.0000000     0.0000000     0.0000000     0.0000000     0.0000000 
           6.            0.       20.0000       1.25843        3.6159        4.0076        3.3114        2.9807         0.068       32.8355     0.0906971     0.0000811     0.0000000     0.0000001     0.0000811     0.0000000     0.0000000     0.0000000     0.0000000     0.0000000 
           6.            0.       20.0000       1.25817        3.6165        4.0077        3.3130        2.9836         0.067       32.8339     0.0905066     0.0000808     0.0000000     0.0000001     0.0000808     0.0000000     0.0000000     0.0000000     0.0000000     0.0000000 
           7.            0.       20.0000       1.25792        3.6172        4.0077        3.3146        2.9864         0.067       32.8323     0.0903181     0.0000805     0.0000000     0.0000001     0.0000805     0.0000000     0.0000000     0.0000000     0.0000000     0.0000000 
           8.            0.       20.0000       1.25767        3.6179        4.0077        3.3162        2.9892         0.066       32.8308     0.0901314     0.0000802     0.0000000     0.0000001     0.0000802     0.0000000     0.0000000     0.0000000     0.0000000     0.0000000 
           8.            0.       20.0000       1.25742        3.6186        4.0077        3.3177        2.9920         0.065       32.8293     0.0899466     0.0000799     0.0000000     0.0000001     0.0000799     0.0000000     0.0000000     0.0000000     0.0000000     0.0000000 
           8.            0.       20.0000       1.25717        3.6193        4.0077        3.3193        2.9947         0.064       32.8278     0.0897635     0.0000796     0.0000000     0.0000001     0.0000796     0.0000000     0.0000000     0.0000000     0.0000000     0.0000000 
           9.            0.       20.0000       1.25692        3.6199        4.0077        3.3208        2.9974         0.064       32.8263     0.0895822     0.0000793     0.0000000     0.0000001     0.0000793     0.0000000     0.0000000     0.0000000     0.0000000     0.0000000 
          10.            0.       20.0000       1.25668        3.6206        4.0077        3.3223        3.0002         0.063       32.8250     0.0894027     0.0000791     0.0000000     0.0000001     0.0000790     0.0000000     0.0000000     0.0000000     0.0000000     0.0000000 
          10.            0.       20.0000       1.25644        3.6212        4.0077        3.3238        3.0029         0.062       32.8236     0.0892249     0.0000788     0.0000000     0.0000001     0.0000787     0.0000000     0.0000000     0.0000000     0.0000000     0.0000000 
          10.            0.       20.0000       1.25619        3.6219        4.0077        3.3253        3.0055         0.062       32.8222     0.0890487     0.0000785     0.0000000     0.0000001     0.0000785     0.0000000     0.0000000     0.0000000     0.0000000     0.0000000 
          11.            0.       20.0000       1.25595        3.6225        4.0077        3.3268        3.0082         0.061       32.8209     0.0888742     0.0000782     0.0000000     0.0000001     0.0000782     0.0000000     0.0000000     0.0000000     0.0000000     0.0000000 
          12.            0.       20.0000       1.25572        3.6232        4.0077        3.3283        3.0108         0.060       32.8196     0.0887014     0.0000780     0.0000000     0.0000001     0.0000779     0.0000000     0.0000000     0.0000000     0.0000000     0.0000000 
          12.            0.       20.0000       1.25548        3.6238        4.0077        3.3298        3.0135         0.060       32.8183     0.0885301     0.0000777     0.0000000     0.0000001     0.0000776     0.0000000     0.0000000     0.0000000     0.0000000     0.0000000 
          12.            0.       20.0000       1.25524        3.6244        4.0077        3.3312        3.0161         0.059       32.8171     0.0883604     0.0000774     0.0000000     0.0000001     0.0000774     0.0000000     0.0000000     0.0000000     0.0000000     0.0000000 
          13.            0.       20.0000       1.25501        3.6251        4.0078        3.3327        3.0187         0.058       32.8159     0.0881923     0.0000772     0.0000000     0.0000001     0.0000771     0.0000000     0.0000000     0.0000000     0.0000000     0.0000000 
          14.            0.       20.0000       1.25478        3.6257        4.0078        3.3341        3.0212         0.058       32.8147     0.0880257     0.0000769     0.0000000     0.0000001     0.0000768     0.0000000     0.0000000     0.0000000     0.0000000     0.0000000 
          14.            0.       20.0000       1.25454        3.6263        4.0078        3.3355        3.0238         0.057       32.8136     0.0878607     0.0000766     0.0000000     0.0000001     0.0000766     0.0000000     0.0000000     0.0000000     0.0000000     0.0000000 
          14.            0.       20.0000       1.25431        3.6269        4.0078        3.3369        3.0263         0.056       32.8124     0.0876971     0.0000764     0.0000000     0.0000001     0.0000763     0.0000000     0.0000000     0.0000000     0.0000000     0.0000000 
          15.            0.       20.0000       1.25408        3.6275        4.0078        3.3383        3.0288         0.056       32.8113     0.0875350     0.0000761     0.0000000     0.0000001     0.0000761     0.0000000     0.0000000     0.0000000     0.0000000     0.0000000 
          16.            0.       20.0000       1.25386        3.6281        4.0078        3.3397        3.0314         0.055       32.8102     0.0873744     0.0000759     0.0000000     0.0000001     0.0000758     0.0000000     0.0000000     0.0000000     0.0000000     0.0000000 
          16.            0.       20.0000       1.25363        3.6287        4.0078        3.3411        3.0338         0.055       32.8091     0.0872152     0.0000756     0.0000000     0.0000001     0.0000756     0.0000000     0.0000000     0.0000000     0.0000000     0.0000000 
          16.            0.       20.0000       1.25341        3.6293        4.0078        3.3425        3.0363         0.054       32.8081     0.0870573     0.0000754     0.0000000     0.0000001     0.0000753     0.0000000     0.0000000     0.0000000     0.0000000     0.0000000 
          17.            0.       20.0000       1.25318        3.6299        4.0078        3.3438        3.0388         0.054       32.8070     0.0869010     0.0000751     0.0000000     0.0000001     0.0000751     0.0000000     0.0000000     0.0000000     0.0000000     0.0000000 
          18.            0.       20.0000       1.25296        3.6305        4.0078        3.3452        3.0412         0.053       32.8061     0.0867460     0.0000749     0.0000000     0.0000001     0.0000748     0.0000000     0.0000000     0.0000000     0.0000000     0.0000000 
          18.            0.       20.0000       1.25274        3.6311        4.0078        3.3465        3.0437         0.053       32.8051     0.0865923     0.0000746     0.0000000     0.0000001     0.0000746     0.0000000     0.0000000     0.0000000     0.0000000     0.0000000 
          18.            0.       20.0000       1.25252        3.6317        4.0078        3.3478        3.0461         0.052       32.8041     0.0864400     0.0000744     0.0000000     0.0000001     0.0000744     0.0000000     0.0000000     0.0000000     0.0000000     0.0000000 
          19.            0.       20.0000       1.25230        3.6323        4.0078        3.3492        3.0485         0.051       32.8032     0.0862889     0.0000742     0.0000000     0.0000001     0.0000741     0.0000000     0.0000000     0.0000000     0.0000000     0.0000000 
          20.            0.       20.0000       1.25208        3.6328        4.0079        3.3505        3.0508         0.051       32.8023     0.0861392     0.0000739     0.0000000     0.0000001     0.0000739     0.0000000     0.0000000     0.0000000     0.0000000     0.0000000 
          20.            0.       20.0000       1.25187        3.6334        4.0079        3.3518        3.0532         0.050       32.8014     0.0859909     0.0000737     0.0000000     0.0000001     0.0000737     0.0000000     0.0000000     0.0000000     0.0000000     0.0000000 
          20.            0.       20.0000       1.25165        3.6340        4.0079        3.3531        3.0556         0.050       32.8005     0.0858437     0.0000735     0.0000000     0.0000001     0.0000734     0.0000000     0.0000000     0.0000000     0.0000000     0.0000000 
          21.            0.       20.0000       1.25144        3.6345        4.0079        3.3544        3.0579         0.049       32.7996     0.0856978     0.0000732     0.0000000     0.0000001     0.0000732     0.0000000     0.0000000     0.0000000     0.0000000     0.0000000 
          22.            0.       20.0000       1.25123        3.6351        4.0079        3.3556        3.0602         0.049       32.7988     0.0855531     0.0000730     0.0000000     0.0000001     0.0000730     0.0000000     0.0000000     0.0000000     0.0000000     0.0000000 
          22.            0.       20.0000       1.25102        3.6357        4.0079        3.3569        3.0625         0.049       32.7979     0.0854097     0.0000728     0.0000000     0.0000001     0.0000727     0.0000000     0.0000000     0.0000000     0.0000000     0.0000000 
          22.            0.       20.0000       1.25081        3.6362        4.0079        3.3582        3.0648         0.048       32.7971     0.0852674     0.0000726     0.0000000     0.0000001     0.0000725     0.0000000     0.0000000     0.0000000     0.0000000     0.0000000 
          23.            0.       20.0000       1.25060        3.6368        4.0079        3.3594        3.0671         0.048       32.7963     0.0851264     0.0000723     0.0000000     0.0000001     0.0000723     0.0000000     0.0000000     0.0000000     0.0000000     0.0000000 
          24.            0.       20.0000       1.25039        3.6373        4.0079        3.3606        3.0694         0.047       32.7955     0.0849866     0.0000721     0.0000000     0.0000001     0.0000721     0.0000000     0.0000000     0.0000000     0.0000000     0.0000000 
          24.            0.       20.0000       1.25018        3.6378        4.0079        3.3619        3.0716         0.047       32.7947     0.0848479     0.0000719     0.0000000     0.0000001     0.0000719     0.0000000     0.0000000     0.0000000     0.0000000     0.0000000 
          24.            0.       20.0000       1.24998        3.6384        4.0079        3.3631        3.0739         0.046       32.7940     0.0847104     0.0000717     0.0000000     0.0000001     0.0000716     0.0000000     0.0000000     0.0000000     0.0000000     0.0000000 
          25.            0.       20.0000       1.24977        3.6389        4.0079        3.3643        3.0761         0.046       32.7932     0.0845739     0.0000715     0.0000000     0.0000001     0.0000714     0.0000000     0.0000000     0.0000000     0.0000000     0.0000000 
          26.            0.       20.0000       1.24957        3.6394        4.0079        3.3655        3.0783         0.046       32.7925     0.0844387     0.0000713     0.0000000     0.0000001     0.0000712     0.0000000     0.0000000     0.0000000     0.0000000     0.0000000 
          26.            0.       20.0000       1.24937        3.6400        4.0080        3.3667        3.0805         0.045       32.7918     0.0843045     0.0000711     0.0000000     0.0000001     0.0000710     0.0000000     0.0000000     0.0000000     0.0000000     0.0000000 
          26.            0.       20.0000       1.24916        3.6405        4.0080        3.3679        3.0827         0.045       32.7911     0.0841714     0.0000708     0.0000000     0.0000001     0.0000708     0.0000000     0.0000000     0.0000000     0.0000000     0.0000000 
          27.            0.       20.0000       1.24896        3.6410        4.0080        3.3691        3.0849         0.044       32.7904     0.0840395     0.0000706     0.0000000     0.0000001     0.0000706     0.0000000     0.0000000     0.0000000     0.0000000     0.0000000 
          28.            0.       20.0000       1.24876        3.6415        4.0080        3.3703        3.0870         0.044       32.7898     0.0839086     0.0000704     0.0000000     0.0000001     0.0000704     0.0000000     0.0000000     0.0000000     0.0000000     0.0000000 
          28.            0.       20.0000       1.24857        3.6420        4.0080        3.3714        3.0892         0.044       32.7891     0.0837787     0.0000702     0.0000000     0.0000001     0.0000702     0.0000000     0.0000000     0.0000000     0.0000000     0.0000000 
          28.            0.       20.0000       1.24837        3.6426        4.0080        3.3726        3.0913         0.043       32.7885     0.0836499     0.0000700     0.0000000     0.0000001     0.0000700     0.0000000     0.0000000     0.0000000     0.0000000     0.0000000 
          29.            0.       20.0000       1.24817        3.6431        4.0080        3.3738        3.0934         0.043       32.7879     0.0835221     0.0000698     0.0000000     0.0000001     0.0000698     0.0000000     0.0000000     0.0000000     0.0000000     0.0000000 
          30.            0.       20.0000       1.24798        3.6436        4.0080        3.3749        3.0955         0.043       32.7873     0.0833954     0.0000696     0.0000000     0.0000001     0.0000696     0.0000000     0.0000000     0.0000000     0.0000000     0.0000000 
          30.            0.       20.0000       1.24778        3.6441        4.0080        3.3760        3.0976         0.042       32.7867     0.0832697     0.0000694     0.0000000     0.0000001     0.0000694     0.0000000     0.0000000     0.0000000     0.0000000     0.0000000 
          30.            0.       20.0000       1.24759        3.6446        4.0080        3.3772        3.0997         0.042       32.7862     0.0831449     0.0000692     0.0000000     0.0000001     0.0000692     0.0000000     0.0000000     0.0000000     0.0000000     0.0000000 
          31.            0.       20.0000       1.24737        3.6450        4.0080        3.3783        3.1017         0.042       32.7827     0.0830213     0.0000690     0.0000000     0.0000001     0.0000690     0.0000000     0.0000000     0.0000000     0.0000000     0.0000000 
          32.            0.       19.0000       1.24671        3.6447        4.0078        3.3787        3.1032         0.042       32.7733     0.0829100     0.0000689     0.0000000     0.0000001     0.0000688     0.0000000     0.0000000     0.0000000     0.0000000     0.0000000 
          32.            0.       18.0000       1.24589        3.6441        4.0076        3.3788        3.1043         0.041       32.7601     0.0828040     0.0000687     0.0000000     0.0000001     0.0000686     0.0000000     0.0000000     0.0000000     0.0000000     0.0000000 
          32.            0.       17.0000       1.24482        3.6432        4.0072        3.3787        3.1052         0.041       32.7429     0.0827010     0.0000686     0.0000000     0.0000001     0.0000684     0.0000000     0.0000000     0.0000000     0.0000000     0.0000000 
          33.            0.       16.0000       1.24345        3.6420        4.0066        3.3782        3.1057         0.042       32.7203     0.0826031     0.0000684     0.0000000     0.0000002     0.0000682     0.0000000     0.0000000     0.0000000     0.0000000     0.0000000 
          34.            0.       15.0000       1.24166        3.6403        4.0058        3.3772        3.1057         0.042       32.6901     0.0825112     0.0000683     0.0000000     0.0000003     0.0000680     0.0000000     0.0000000     0.0000000     0.0000000     0.0000000 
          34.            0.       14.0000       1.23929        3.6380        4.0048        3.3756        3.1050         0.042       32.6498     0.0824284     0.0000681     0.0000000     0.0000004     0.0000677     0.0000000     0.0000000     0.0000000     0.0000000     0.0000000 
          34.            0.       13.0000       1.23614        3.6351        4.0035        3.3732        3.1035         0.043       32.5954     0.0823532     0.0000679     0.0000000     0.0000006     0.0000673     0.0000000     0.0000000     0.0000000     0.0000000     0.0000000 
          35.            0.       12.0000       1.23196        3.6313        4.0017        3.3699        3.1009         0.044       32.5216     0.0822917     0.0000678     0.0000000     0.0000009     0.0000669     0.0000000     0.0000000     0.0000000     0.0000000     0.0000000 
          36.            0.       11.0000       1.22644        3.6267        3.9997        3.3653        3.0969         0.046       32.4205     0.0822456     0.0000677     0.0000000     0.0000013     0.0000664     0.0000000     0.0000000     0.0000000     0.0000000     0.0000000 
          36.            0.       10.0000       1.21921        3.6212        3.9975        3.3595        3.0913         0.048       32.2816     0.0822258     0.0000677     0.0000000     0.0000020     0.0000657     0.0000000     0.0000000     0.0000000     0.0000000     0.0000000 
          36.            0.        9.0000       1.20993        3.6150        3.9954        3.3522        3.0839         0.052       32.0904     0.0822456     0.0000679     0.0000000     0.0000029     0.0000650     0.0000000     0.0000000     0.0000000     0.0000000     0.0000000 
          37.            0.        8.0000       1.19835        3.6083        3.9940        3.3437        3.0747         0.058       31.8287     0.0823360     0.0000686     0.0000000     0.0000044     0.0000641     0.0000000     0.0000000     0.0000000     0.0000000     0.0000000 
          38.            0.        7.0000       1.18449        3.6022        3.9942        3.3346        3.0641         0.066       31.4736     0.0825506     0.0000702     0.0000000     0.0000067     0.0000635     0.0000000     0.0000000     0.0000000     0.0000000     0.0000000 
          38.            0.        6.0000       1.16883        3.5982        3.9965        3.3266        3.0535         0.079       30.9951     0.0829899     0.0000736     0.0000000     0.0000103     0.0000633     0.0000000     0.0000000     0.0000000     0.0000000     0.0000000 
          38.            0.        5.0000       1.15257        3.5990        4.0011        3.3223        3.0453         0.099       30.3448     0.0838497     0.0000807     0.0000000     0.0000162     0.0000645     0.0000000     0.0000000     0.0000000     0.0000000     0.0000000 
          39.            0.        4.0000       1.13801        3.6085        4.0071        3.3265        3.0442         0.126       29.4164     0.0855291     0.0000965     0.0000012     0.0000265     0.0000688     0.0000000     0.0000000     0.0000000     0.0000000     0.0000000 
          40.            0.        3.0000       1.12958        3.6323        4.0140        3.3469        3.0586         0.160       27.9456     0.0889848     0.0003191     0.0001914     0.0000464     0.0000812     0.0000000     0.0000000     0.0000000     0.0000000     0.0000000 
          40.            0.        2.0000       1.13969        3.6782        4.0213        3.4003        3.1135         0.172       26.5089     0.0969554     0.0068583     0.0066405     0.0000942     0.0001236     0.0000000     0.0000000     0.0000000     0.0000000     0.0000000 
          40.            0.        2.0000       1.12852        3.6812        4.0215        3.4059        3.1225         0.160       25.8797     0.0955956     0.0063745     0.0061664     0.0000925     0.0001156     0.0000000     0.0000000     0.0000000     0.0000000     0.0000000 
          41.            0.        2.0000       1.11997        3.6853        4.0217        3.4132        3.1339         0.162       25.7832     0.0943672     0.0060162     0.0058156     0.0000912     0.0001093     0.0000000     0.0000000     0.0000000     0.0000000     0.0000000 
          42.            0.        2.0000       1.11221        3.6894        4.0220        3.4204        3.1453         0.165       25.8064     0.0932199     0.0057024     0.0055084     0.0000901     0.0001038     0.0000000     0.0000000     0.0000000     0.0000000     0.0000000 
          42.            0.        2.0000       1.10496        3.6932        4.0222        3.4274        3.1562         0.169       25.8713     0.0921449     0.0054193     0.0052314     0.0000891     0.0000988     0.0000000     0.0000000     0.0000000     0.0000000     0.0000000 
          42.            0.        2.0000       1.09809        3.6969        4.0224        3.4340        3.1666         0.172       25.9511     0.0911348     0.0051607     0.0049783     0.0000881     0.0000943     0.0000000     0.0000000     0.0000000     0.0000000     0.0000000 
          43.            0.        2.0000       1.09155        3.7005        4.0226        3.4402        3.1765         0.175       26.0366     0.0901836     0.0049228     0.0047454     0.0000872     0.0000901     0.0000000     0.0000000     0.0000000     0.0000000     0.0000000 
          44.            0.        2.0000       1.08530        3.7038        4.0228        3.4462        3.1859         0.178       26.1244     0.0892858     0.0047030     0.0045303     0.0000863     0.0000863     0.0000000     0.0000000     0.0000000     0.0000000     0.0000000 
          44.            0.        2.0000       1.07932        3.7070        4.0230        3.4518        3.1948         0.180       26.2131     0.0884370     0.0044994     0.0043310     0.0000855     0.0000828     0.0000000     0.0000000     0.0000000     0.0000000     0.0000000 
          44.            0.        2.0000       1.07359        3.7100        4.0232        3.4572        3.2033         0.183       26.3024     0.0876331     0.0043102     0.0041460     0.0000847     0.0000796     0.0000000     0.0000000     0.0000000     0.0000000     0.0000000 
          45.            0.        2.0000       1.06809        3.7129        4.0234        3.4623        3.2113         0.185       26.3921     0.0868705     0.0041342     0.0039737     0.0000839     0.0000766     0.0000000     0.0000000     0.0000000     0.0000000     0.0000000 
          46.            0.        2.0000       1.06281        3.7157        4.0235        3.4672        3.2190         0.187       26.4822     0.0861463     0.0039700     0.0038130     0.0000832     0.0000739     0.0000000     0.0000000     0.0000000     0.0000000     0.0000000 
          46.            0.        2.0000       1.05773        3.7184        4.0237        3.4718        3.2263         0.189       26.5726     0.0854575     0.0038167     0.0036630     0.0000825     0.0000713     0.0000000     0.0000000     0.0000000     0.0000000     0.0000000 
          46.            0.        2.0000       1.05284        3.7209        4.0239        3.4762        3.2333         0.192       26.6634     0.0848016     0.0036732     0.0035225     0.0000818     0.0000689     0.0000000     0.0000000     0.0000000     0.0000000     0.0000000 
          47.            0.        2.0000       1.04813        3.7233        4.0240        3.4804        3.2399         0.195       26.7544     0.0841762     0.0035387     0.0033909     0.0000811     0.0000666     0.0000000     0.0000000     0.0000000     0.0000000     0.0000000 
          48.            0.        2.0000       1.04359        3.7257        4.0242        3.4845        3.2462         0.198       26.8455     0.0835793     0.0034124     0.0032674     0.0000805     0.0000645     0.0000000     0.0000000     0.0000000     0.0000000     0.0000000 
          48.            0.        2.0000       1.03921        3.7279        4.0243        3.4883        3.2523         0.201       26.9368     0.0830088     0.0032937     0.0031512     0.0000799     0.0000626     0.0000000     0.0000000     0.0000000     0.0000000     0.0000000 
          48.            0.        2.0000       1.03498        3.7300        4.0245        3.4920        3.2580         0.204       27.0280     0.0824630     0.0031819     0.0030418     0.0000793     0.0000607     0.0000000     0.0000000     0.0000000     0.0000000     0.0000000 
          49.            0.        2.0000       1.03088        3.7321        4.0246        3.4956        3.2636         0.208       27.1191     0.0819404     0.0030764     0.0029387     0.0000787     0.0000590     0.0000000     0.0000000     0.0000000     0.0000000     0.0000000 
          50.            0.        2.0000       1.02692        3.7341        4.0247        3.4990        3.2688         0.212       27.2099     0.0814394     0.0029769     0.0028413     0.0000782     0.0000573     0.0000000     0.0000000     0.0000000     0.0000000     0.0000000 
          50.            0.        2.0000       1.02309        3.7360        4.0249        3.5022        3.2739         0.215       27.3006     0.0809587     0.0028827     0.0027492     0.0000777     0.0000558     0.0000000     0.0000000     0.0000000     0.0000000     0.0000000 
          50.            0.        2.0000       1.01938        3.7379        4.0250        3.5053        3.2787         0.219       27.3909     0.0804970     0.0027935     0.0026620     0.0000772     0.0000543     0.0000000     0.0000000     0.0000000     0.0000000     0.0000000 
          51.            0.        2.0000       1.01577        3.7396        4.0251        3.5083        3.2834         0.223       27.4808     0.0800534     0.0027090     0.0025794     0.0000767     0.0000530     0.0000000     0.0000000     0.0000000     0.0000000     0.0000000 
          52.            0.        2.0000       1.01228        3.7414        4.0252        3.5112        3.2878         0.227       27.5703     0.0796266     0.0026288     0.0025009     0.0000762     0.0000516     0.0000000     0.0000000     0.0000000     0.0000000     0.0000000 
          52.            0.        2.0000       1.00888        3.7430        4.0254        3.5140        3.2921         0.231       27.6594     0.0792158     0.0025526     0.0024264     0.0000757     0.0000504     0.0000000     0.0000000     0.0000000     0.0000000     0.0000000 
          52.            0.        2.0000       1.00558        3.7446        4.0255        3.5167        3.2961         0.234       27.7480     0.0788200     0.0024801     0.0023556     0.0000753     0.0000492     0.0000000     0.0000000     0.0000000     0.0000000     0.0000000 
          53.            0.        2.0000       1.00238        3.7462        4.0256        3.5193        3.3001         0.238       27.8362     0.0784385     0.0024111     0.0022882     0.0000748     0.0000481     0.0000000     0.0000000     0.0000000     0.0000000     0.0000000 
          54.            0.        2.0000       0.99926        3.7477        4.0257        3.5217        3.3038         0.242       27.9240     0.0780705     0.0023454     0.0022239     0.0000744     0.0000470     0.0000000     0.0000000     0.0000000     0.0000000     0.0000000 
          54.            0.        2.0000       0.99623        3.7491        4.0258        3.5241        3.3074         0.245       28.0113     0.0777153     0.0022827     0.0021627     0.0000740     0.0000460     0.0000000     0.0000000     0.0000000     0.0000000     0.0000000 
          54.            0.        2.0000       0.99327        3.7505        4.0259        3.5264        3.3109         0.249       28.0981     0.0773722     0.0022229     0.0021042     0.0000736     0.0000450     0.0000000     0.0000000     0.0000000     0.0000000     0.0000000 
          55.            0.        2.0000       0.99040        3.7519        4.0260        3.5286        3.3142         0.252       28.1846     0.0770407     0.0021657     0.0020484     0.0000732     0.0000441     0.0000000     0.0000000     0.0000000     0.0000000     0.0000000 
          56.            0.        2.0000       0.98759        3.7532        4.0261        3.5308        3.3174         0.256       28.2706     0.0767201     0.0021111     0.0019950     0.0000728     0.0000432     0.0000000     0.0000000     0.0000000     0.0000000     0.0000000 
          56.            0.        2.0000       0.98486        3.7545        4.0262        3.5328        3.3204         0.259       28.3563     0.0764099     0.0020589     0.0019440     0.0000725     0.0000424     0.0000000     0.0000000     0.0000000     0.0000000     0.0000000 
          56.            0.        2.0000       0.98220        3.7557        4.0263        3.5348        3.3234         0.262       28.4416     0.0761097     0.0020088     0.0018951     0.0000721     0.0000416     0.0000000     0.0000000     0.0000000     0.0000000     0.0000000 
          57.            0.        2.0000       0.97960        3.7569        4.0264        3.5367        3.3262         0.266       28.5267     0.0758189     0.0019609     0.0018483     0.0000718     0.0000408     0.0000000     0.0000000     0.0000000     0.0000000     0.0000000 
          58.            0.        2.0000       0.97706        3.7581        4.0265        3.5386        3.3289         0.269       28.6119     0.0755373     0.0019150     0.0018035     0.0000714     0.0000400     0.0000000     0.0000000     0.0000000     0.0000000     0.0000000 
          58.            0.        2.0000       0.97460        3.7592        4.0266        3.5404        3.3316         0.273       28.6982     0.0752646     0.0018711     0.0017606     0.0000711     0.0000393     0.0000000     0.0000000     0.0000000     0.0000000     0.0000000 
          58.            0.        2.0000       0.97221        3.7603        4.0267        3.5422        3.3341         0.277       28.7891     0.0750012     0.0018293     0.0017198     0.0000708     0.0000387     0.0000000     0.0000000     0.0000000     0.0000000     0.0000000 
          59.            0.        2.0000       0.96995        3.7614        4.0268        3.5439        3.3366         0.281       28.8942     0.0747491     0.0017903     0.0016818     0.0000705     0.0000380     0.0000000     0.0000000     0.0000000     0.0000000     0.0000000 
          60.            0.        2.0000       0.96797        3.7627        4.0269        3.5458        3.3393         0.286       29.0361     0.0745149     0.0017564     0.0016487     0.0000702     0.0000374     0.0000000     0.0000000     0.0000000     0.0000000     0.0000000 
          60.            0.        2.0000       0.97206        3.7641        4.0268        3.5490        3.3446         0.300       30.3816     0.0746642     0.0018229     0.0017138     0.0000709     0.0000382     0.0000000     0.0000000     0.0000000     0.0000000     0.0000000 
          60.            0.        3.0000       0.96207        3.7275        4.0196        3.5087        3.3052         0.274       32.9923     0.0667848     0.0000694     0.0000106     0.0000353     0.0000235     0.0000000     0.0000000     0.0000000     0.0000000     0.0000000 
          61.            0.        4.0000       0.97076        3.7091        4.0136        3.4929        3.2941         0.224       34.6572     0.0635055     0.0000399     0.0000000     0.0000204     0.0000195     0.0000000     0.0000000     0.0000000     0.0000000     0.0000000 
          62.            0.        5.0000       0.98299        3.7018        4.0091        3.4896        3.2951         0.190       35.4232     0.0618531     0.0000305     0.0000000     0.0000126     0.0000179     0.0000000     0.0000000     0.0000000     0.0000000     0.0000000 
          62.            0.        6.0000       0.99475        3.7007        4.0060        3.4921        3.3009         0.169       35.6274     0.0609400     0.0000253     0.0000000     0.0000080     0.0000172     0.0000000     0.0000000     0.0000000     0.0000000     0.0000000 
          62.            0.        7.0000       1.00491        3.7026        4.0045        3.4968        3.3081         0.155       35.5236     0.0604128     0.0000221     0.0000000     0.0000052     0.0000169     0.0000000     0.0000000     0.0000000     0.0000000     0.0000000 
          63.            0.        8.0000       1.01320        3.7058        4.0042        3.5022        3.3151         0.147       35.2808     0.0600986     0.0000202     0.0000000     0.0000034     0.0000168     0.0000000     0.0000000     0.0000000     0.0000000     0.0000000 
          64.            0.        9.0000       1.01976        3.7094        4.0047        3.5073        3.3214         0.141       35.0013     0.0599047     0.0000191     0.0000000     0.0000023     0.0000168     0.0000000     0.0000000     0.0000000     0.0000000     0.0000000 
          64.            0.       10.0000       1.02481        3.7128        4.0058        3.5118        3.3266         0.138       34.7383     0.0597804     0.0000183     0.0000000     0.0000015     0.0000168     0.0000000     0.0000000     0.0000000     0.0000000     0.0000000 
          64.            0.       11.0000       1.02862        3.7159        4.0069        3.5155        3.3309         0.135       34.5132     0.0596947     0.0000178     0.0000000     0.0000010     0.0000168     0.0000000     0.0000000     0.0000000     0.0000000     0.0000000 
          65.            0.       12.0000       1.03144        3.7186        4.0081        3.5186        3.3344         0.134       34.3297     0.0596333     0.0000175     0.0000000     0.0000007     0.0000168     0.0000000     0.0000000     0.0000000     0.0000000     0.0000000 
          66.            0.       13.0000       1.03349        3.7209        4.0091        3.5211        3.3370         0.133       34.1839     0.0595849     0.0000173     0.0000000     0.0000005     0.0000168     0.0000000     0.0000000     0.0000000     0.0000000     0.0000000 
          66.            0.       14.0000       1.03498        3.7227        4.0099        3.5231        3.3391         0.133       34.0694     0.0595469     0.0000172     0.0000000     0.0000003     0.0000168     0.0000000     0.0000000     0.0000000     0.0000000     0.0000000 
          66.            0.       15.0000       1.03603        3.7242        4.0105        3.5246        3.3408         0.133       33.9798     0.0595139     0.0000170     0.0000000     0.0000002     0.0000168     0.0000000     0.0000000     0.0000000     0.0000000     0.0000000 
          67.            0.       16.0000       1.03676        3.7254        4.0110        3.5258        3.3420         0.134       33.9097     0.0594869     0.0000170     0.0000000     0.0000001     0.0000168     0.0000000     0.0000000     0.0000000     0.0000000     0.0000000 
          68.            0.       17.0000       1.03728        3.7263        4.0113        3.5267        3.3430         0.135       33.8554     0.0594636     0.0000169     0.0000000     0.0000001     0.0000168     0.0000000     0.0000000     0.0000000     0.0000000     0.0000000 
          68.            0.       18.0000       1.03763        3.7270        4.0116        3.5274        3.3438         0.136       33.8132     0.0594431     0.0000169     0.0000000     0.0000001     0.0000168     0.0000000     0.0000000     0.0000000     0.0000000     0.0000000 
          68.            0.       19.0000       1.03787        3.7277        4.0118        3.5280        3.3444         0.137       33.7808     0.0594234     0.0000168     0.0000000     0.0000001     0.0000168     0.0000000     0.0000000     0.0000000     0.0000000     0.0000000 
          69.            0.       20.0000       1.03804        3.7282        4.0119        3.5285        3.3450         0.138       33.7565     0.0594069     0.0000168     0.0000000     0.0000000     0.0000168     0.0000000     0.0000000     0.0000000     0.0000000     0.0000000 
          70.            0.       20.0000       1.03794        3.7281        4.0119        3.5285        3.3451         0.139       33.7466     0.0593977     0.0000168     0.0000000     0.0000000     0.0000167     0.0000000     0.0000000     0.0000000     0.0000000     0.0000000 
          70.            0.       20.0000       1.03791        3.7282        4.0119        3.5287        3.3453         0.141       33.7475     0.0593889     0.0000168     0.0000000     0.0000000     0.0000167     0.0000000     0.0000000     0.0000000     0.0000000     0.0000000 
          70.            0.       20.0000       1.03787        3.7282        4.0119        3.5288        3.3455         0.142       33.7476     0.0593801     0.0000168     0.0000000     0.0000000     0.0000167     0.0000000     0.0000000     0.0000000     0.0000000     0.0000000 
          71.            0.       20.0000       1.03783        3.7283        4.0119        3.5289        3.3456         0.144       33.7476     0.0593713     0.0000168     0.0000000     0.0000000     0.0000167     0.0000000     0.0000000     0.0000000     0.0000000     0.0000000 
          72.            0.       20.0000       1.03780        3.7284        4.0119        3.5290        3.3458         0.145       33.7475     0.0593626     0.0000168     0.0000000     0.0000000     0.0000167     0.0000000     0.0000000     0.0000000     0.0000000     0.0000000 
          72.            0.       20.0000       1.03776        3.7284        4.0119        3.5291        3.3460         0.147       33.7474     0.0593540     0.0000167     0.0000000     0.0000000     0.0000167     0.0000000     0.0000000     0.0000000     0.0000000     0.0000000 
          72.            0.       20.0000       1.03773        3.7285        4.0119        3.5292        3.3462         0.148       33.7473     0.0593455     0.0000167     0.0000000     0.0000000     0.0000167     0.0000000     0.0000000     0.0000000     0.0000000     0.0000000 
          73.            0.       20.0000       1.03769        3.7286        4.0119        3.5293        3.3464         0.150       33.7472     0.0593370     0.0000167     0.0000000     0.0000000     0.0000167     0.0000000     0.0000000     0.0000000     0.0000000     0.0000000 
          74.            0.       20.0000       1.03765        3.7286        4.0119        3.5294        3.3466         0.152       33.7471     0.0593287     0.0000167     0.0000000     0.0000000     0.0000167     0.0000000     0.0000000     0.0000000     0.0000000     0.0000000 
          74.            0.       20.0000       1.03762        3.7287        4.0119        3.5295        3.3467         0.153       33.7470     0.0593204     0.0000167     0.0000000     0.0000000     0.0000167     0.0000000     0.0000000     0.0000000     0.0000000     0.0000000 
          74.            0.       20.0000       1.03758        3.7287        4.0119        3.5296        3.3469         0.155       33.7469     0.0593121     0.0000167     0.0000000     0.0000000     0.0000167     0.0000000     0.0000000     0.0000000     0.0000000     0.0000000 
          75.            0.       20.0000       1.03755        3.7288        4.0119        3.5298        3.3471         0.157       33.7469     0.0593039     0.0000167     0.0000000     0.0000000     0.0000167     0.0000000     0.0000000     0.0000000     0.0000000     0.0000000 
          76.            0.       20.0000       1.03751        3.7288        4.0119        3.5299        3.3473         0.158       33.7468     0.0592959     0.0000167     0.0000000     0.0000000     0.0000167     0.0000000     0.0000000     0.0000000     0.0000000     0.0000000 
          76.            0.       20.0000       1.03748        3.7289        4.0119        3.5300        3.3474         0.160       33.7468     0.0592878     0.0000167     0.0000000     0.0000000     0.0000167     0.0000000     0.0000000     0.0000000     0.0000000     0.0000000 
          76.            0.       20.0000       1.03744        3.7290        4.0119        3.5301        3.3476         0.162       33.7468     0.0592799     0.0000167     0.0000000     0.0000000     0.0000166     0.0000000     0.0000000     0.0000000     0.0000000     0.0000000 
          77.            0.       20.0000       1.03741        3.7290        4.0119        3.5302        3.3478         0.163       33.7468     0.0592720     0.0000167     0.0000000     0.0000000     0.0000166     0.0000000     0.0000000     0.0000000     0.0000000     0.0000000 
          78.            0.       20.0000       1.03737        3.7291        4.0119        3.5303        3.3479         0.165       33.7468     0.0592642     0.0000167     0.0000000     0.0000000     0.0000166     0.0000000     0.0000000     0.0000000     0.0000000     0.0000000 
          78.            0.       20.0000       1.03734        3.7291        4.0119        3.5304        3.3481         0.167       33.7468     0.0592565     0.0000167     0.0000000     0.0000000     0.0000166     0.0000000     0.0000000     0.0000000     0.0000000     0.0000000 
          78.            0.       20.0000       1.03731        3.7292        4.0119        3.5305        3.3482         0.169       33.7469     0.0592488     0.0000167     0.0000000     0.0000000     0.0000166     0.0000000     0.0000000     0.0000000     0.0000000     0.0000000 
          79.            0.       20.0000       1.03727        3.7292        4.0119        3.5306        3.3484         0.171       33.7469     0.0592412     0.0000167     0.0000000     0.0000000     0.0000166     0.0000000     0.0000000     0.0000000     0.0000000     0.0000000 
          80.            0.       20.0000       1.03724        3.7293        4.0119        3.5307        3.3486         0.173       33.7470     0.0592337     0.0000166     0.0000000     0.0000000     0.0000166     0.0000000     0.0000000     0.0000000     0.0000000     0.0000000 
          80.            0.       20.0000       1.03720        3.7294        4.0119        3.5307        3.3487         0.174       33.7471     0.0592262     0.0000166     0.0000000     0.0000000     0.0000166     0.0000000     0.0000000     0.0000000     0.0000000     0.0000000 
          80.            0.       20.0000       1.03717        3.7294        4.0120        3.5308        3.3489         0.176       33.7472     0.0592188     0.0000166     0.0000000     0.0000000     0.0000166     0.0000000     0.0000000     0.0000000     0.0000000     0.0000000 
          81.            0.       20.0000       1.03714        3.7295        4.0120        3.5309        3.3490         0.178       33.7473     0.0592114     0.0000166     0.0000000     0.0000000     0.0000166     0.0000000     0.0000000     0.0000000     0.0000000     0.0000000 
          82.            0.       20.0000       1.03711        3.7295        4.0120        3.5310        3.3492         0.180       33.7474     0.0592041     0.0000166     0.0000000     0.0000000     0.0000166     0.0000000     0.0000000     0.0000000     0.0000000     0.0000000 
          82.            0.       20.0000       1.03707        3.7296        4.0120        3.5311        3.3493         0.182       33.7476     0.0591970     0.0000166     0.0000000     0.0000000     0.0000166     0.0000000     0.0000000     0.0000000     0.0000000     0.0000000 
          82.            0.       20.0000       1.03704        3.7296        4.0120        3.5312        3.3495         0.184       33.7477     0.0591898     0.0000166     0.0000000     0.0000000     0.0000166     0.0000000     0.0000000     0.0000000     0.0000000     0.0000000 
          83.            0.       20.0000       1.03701        3.7297        4.0120        3.5313        3.3496         0.186       33.7479     0.0591827     0.0000166     0.0000000     0.0000000     0.0000166     0.0000000     0.0000000     0.0000000     0.0000000     0.0000000 
          84.            0.       20.0000       1.03698        3.7297        4.0120        3.5314        3.3498         0.188       33.7481     0.0591757     0.0000166     0.0000000     0.0000000     0.0000166     0.0000000     0.0000000     0.0000000     0.0000000     0.0000000 
          84.            0.       20.0000       1.03694        3.7298        4.0120        3.5315        3.3499         0.190       33.7483     0.0591687     0.0000166     0.0000000     0.0000000     0.0000166     0.0000000     0.0000000     0.0000000     0.0000000     0.0000000 
          84.            0.       20.0000       1.03691        3.7298        4.0120        3.5316        3.3501         0.192       33.7485     0.0591618     0.0000166     0.0000000     0.0000000     0.0000165     0.0000000     0.0000000     0.0000000     0.0000000     0.0000000 
          85.            0.       20.0000       1.03688        3.7299        4.0120        3.5317        3.3502         0.194       33.7487     0.0591549     0.0000166     0.0000000     0.0000000     0.0000165     0.0000000     0.0000000     0.0000000     0.0000000     0.0000000 
          86.            0.       20.0000       1.03685        3.7299        4.0120        3.5317        3.3504         0.197       33.7490     0.0591481     0.0000166     0.0000000     0.0000000     0.0000165     0.0000000     0.0000000     0.0000000     0.0000000     0.0000000 
          86.            0.       20.0000       1.03682        3.7300        4.0120        3.5318        3.3505         0.199       33.7493     0.0591414     0.0000166     0.0000000     0.0000000     0.0000165     0.0000000     0.0000000     0.0000000     0.0000000     0.0000000 
          86.            0.       20.0000       1.03679        3.7300        4.0120        3.5319        3.3506         0.201       33.7496     0.0591347     0.0000166     0.0000000     0.0000000     0.0000165     0.0000000     0.0000000     0.0000000     0.0000000     0.0000000 
          87.            0.       20.0000       1.03676        3.7301        4.0120        3.5320        3.3508         0.203       33.7499     0.0591281     0.0000166     0.0000000     0.0000000     0.0000165     0.0000000     0.0000000     0.0000000     0.0000000     0.0000000 
          88.            0.       20.0000       1.03673        3.7301        4.0120        3.5321        3.3509         0.205       33.7502     0.0591215     0.0000166     0.0000000     0.0000000     0.0000165     0.0000000     0.0000000     0.0000000     0.0000000     0.0000000 
          88.            0.       20.0000       1.03670        3.7302        4.0120        3.5322        3.3511         0.208       33.7505     0.0591150     0.0000165     0.0000000     0.0000000     0.0000165     0.0000000     0.0000000     0.0000000     0.0000000     0.0000000 
          88.            0.       20.0000       1.03667        3.7302        4.0120        3.5322        3.3512         0.210       33.7509     0.0591085     0.0000165     0.0000000     0.0000000     0.0000165     0.0000000     0.0000000     0.0000000     0.0000000     0.0000000 
          89.            0.       20.0000       1.03664        3.7302        4.0120        3.5323        3.3513         0.212       33.7513     0.0591021     0.0000165     0.0000000     0.0000000     0.0000165     0.0000000     0.0000000     0.0000000     0.0000000     0.0000000 
          90.            0.       20.0000       1.03661        3.7303        4.0120        3.5324        3.3515         0.214       33.7517     0.0590957     0.0000165     0.0000000     0.0000000     0.0000165     0.0000000     0.0000000     0.0000000     0.0000000     0.0000000 
          90.            0.       20.0000       1.03658        3.7303        4.0120        3.5325        3.3516         0.217       33.7521     0.0590894     0.0000165     0.0000000     0.0000000     0.0000165     0.0000000     0.0000000     0.0000000     0.0000000     0.0000000 
          90.            0.       20.0000       1.03655        3.7304        4.0120        3.5326        3.3517         0.219       33.7525     0.0590831     0.0000165     0.0000000     0.0000000     0.0000165     0.0000000     0.0000000     0.0000000     0.0000000     0.0000000 
          91.            0.       20.0000       1.03652        3.7304        4.0120        3.5327        3.3518         0.221       33.7529     0.0590769     0.0000165     0.0000000     0.0000000     0.0000165     0.0000000     0.0000000     0.0000000     0.0000000     0.0000000 
          92.            0.       20.0000       1.03649        3.7305        4.0120        3.5327        3.3520         0.224       33.7534     0.0590707     0.0000165     0.0000000     0.0000000     0.0000165     0.0000000     0.0000000     0.0000000     0.0000000     0.0000000 
          92.            0.       20.0000       1.03646        3.7305        4.0120        3.5328        3.3521         0.226       33.7539     0.0590646     0.0000165     0.0000000     0.0000000     0.0000165     0.0000000     0.0000000     0.0000000     0.0000000     0.0000000 
          92.            0.       20.0000       1.03644        3.7306        4.0120        3.5329        3.3522         0.229       33.7544     0.0590585     0.0000165     0.0000000     0.0000000     0.0000165     0.0000000     0.0000000     0.0000000     0.0000000     0.0000000 
          93.            0.       20.0000       1.03641        3.7306        4.0120        3.5330        3.3524         0.231       33.7549     0.0590525     0.0000165     0.0000000     0.0000000     0.0000165     0.0000000     0.0000000     0.0000000     0.0000000     0.0000000 
          94.            0.       20.0000       1.03638        3.7306        4.0120        3.5330        3.3525         0.234       33.7554     0.0590465     0.0000165     0.0000000     0.0000000     0.0000164     0.0000000     0.0000000     0.0000000     0.0000000     0.0000000 
          94.            0.       20.0000       1.03635        3.7307        4.0120        3.5331        3.3526         0.236       33.7560     0.0590405     0.0000165     0.0000000     0.0000000     0.0000164     0.0000000     0.0000000     0.0000000     0.0000000     0.0000000 
          94.            0.       20.0000       1.03632        3.7307        4.0120        3.5332        3.3527         0.239       33.7565     0.0590346     0.0000165     0.0000000     0.0000000     0.0000164     0.0000000     0.0000000     0.0000000     0.0000000     0.0000000 
          95.            0.       20.0000       1.03630        3.7308        4.0120        3.5333        3.3529         0.241       33.7571     0.0590287     0.0000165     0.0000000     0.0000000     0.0000164     0.0000000     0.0000000     0.0000000     0.0000000     0.0000000 
          96.            0.       20.0000       1.03627        3.7308        4.0121        3.5333        3.3530         0.244       33.7577     0.0590229     0.0000165     0.0000000     0.0000000     0.0000164     0.0000000     0.0000000     0.0000000     0.0000000     0.0000000 
          96.            0.       20.0000       1.03624        3.7309        4.0121        3.5334        3.3531         0.246       33.7583     0.0590171     0.0000165     0.0000000     0.0000000     0.0000164     0.0000000     0.0000000     0.0000000     0.0000000     0.0000000 
          96.            0.       20.0000       1.03622        3.7309        4.0121        3.5335        3.3532         0.249       33.7590     0.0590113     0.0000165     0.0000000     0.0000000     0.0000164     0.0000000     0.0000000     0.0000000     0.0000000     0.0000000 
          97.            0.       20.0000       1.03619        3.7309        4.0121        3.5336        3.3533         0.252       33.7596     0.0590057     0.0000165     0.0000000     0.0000000     0.0000164     0.0000000     0.0000000     0.0000000     0.0000000     0.0000000 
          98.            0.       20.0000       1.03616        3.7310        4.0121        3.5336        3.3535         0.254       33.7603     0.0590000     0.0000164     0.0000000     0.0000000     0.0000164     0.0000000     0.0000000     0.0000000     0.0000000     0.0000000 
          98.            0.       20.0000       1.03614        3.7310        4.0121        3.5337        3.3536         0.257       33.7610     0.0589943     0.0000164     0.0000000     0.0000000     0.0000164     0.0000000     0.0000000     0.0000000     0.0000000     0.0000000 
          98.            0.       20.0000       1.03611        3.7311        4.0121        3.5338        3.3537         0.259       33.7617     0.0589887     0.0000164     0.0000000     0.0000000     0.0000164     0.0000000     0.0000000     0.0000000     0.0000000     0.0000000 
          99.            0.       20.0000       1.03609        3.7311        4.0121        3.5338        3.3538         0.262       33.7625     0.0589831     0.0000164     0.0000000     0.0000000     0.0000164     0.0000000     0.0000000     0.0000000     0.0000000     0.0000000 
         100.            0.       20.0000       1.03606        3.7311        4.0121        3.5339        3.3539         0.265       33.7632     0.0589776     0.0000164     0.0000000     0.0000000     0.0000164     0.0000000     0.0000000     0.0000000     0.0000000     0.0000000 
         100.            0.       20.0000       1.03604        3.7312        4.0121        3.5340        3.3540         0.268       33.7640     0.0589721     0.0000164     0.0000000     0.0000000     0.0000164     0.0000000     0.0000000     0.0000000     0.0000000     0.0000000 
