%
%
% Run:2017  Table:COMPGRID          SWAN version:41.10A
%
%       Xp            Yp            Depth         Hsig          Tm_10         TPsmoo        Tm01          Tm02          Dir           Dspr          Steepn        Dissip        Ssurf         Sfric         Swcap         Redist        Snl3          Snl4          Genera        Swind    
%       [m]           [m]           [m]           [m]           [sec]         [sec]         [sec]         [sec]         [degr]        [degr]        [ ]           [m2/s]        [m2/s]        [m2/s]        [m2/s]        [m2/s]        [m2/s]        [m2/s]        [m2/s]        [m2/s]   
%
           0.            0.       20.0000       1.01165        3.6087        4.0078        3.2935        2.9479         0.106       33.4011     0.0745471     0.0000001     0.0000000     0.0000000     0.0000001     0.0000000     0.0000000     0.0000000     0.0000000     0.0000000 
           0.            0.       20.0000       1.01156        3.6091        4.0078        3.2942        2.9492         0.105       33.4006     0.0744759     0.0000225     0.0000000     0.0000000     0.0000224     0.0000000     0.0000000     0.0000000     0.0000000     0.0000000 
           1.            0.       20.0000       1.01147        3.6094        4.0078        3.2949        2.9504         0.104       33.4001     0.0744050     0.0000224     0.0000000     0.0000000     0.0000224     0.0000000     0.0000000     0.0000000     0.0000000     0.0000000 
           2.            0.       20.0000       1.01138        3.6097        4.0078        3.2956        2.9517         0.102       33.3997     0.0743343     0.0000224     0.0000000     0.0000000     0.0000223     0.0000000     0.0000000     0.0000000     0.0000000     0.0000000 
           2.            0.       20.0000       1.01129        3.6100        4.0078        3.2964        2.9530         0.101       33.3992     0.0742639     0.0000223     0.0000000     0.0000000     0.0000223     0.0000000     0.0000000     0.0000000     0.0000000     0.0000000 
           2.            0.       20.0000       1.01120        3.6103        4.0078        3.2971        2.9542         0.100       33.3988     0.0741939     0.0000223     0.0000000     0.0000000     0.0000223     0.0000000     0.0000000     0.0000000     0.0000000     0.0000000 
           3.            0.       20.0000       1.01111        3.6106        4.0078        3.2978        2.9555         0.099       33.3984     0.0741242     0.0000223     0.0000000     0.0000000     0.0000222     0.0000000     0.0000000     0.0000000     0.0000000     0.0000000 
           4.            0.       20.0000       1.01103        3.6109        4.0078        3.2985        2.9567         0.098       33.3979     0.0740548     0.0000222     0.0000000     0.0000000     0.0000222     0.0000000     0.0000000     0.0000000     0.0000000     0.0000000 
           4.            0.       20.0000       1.01094        3.6112        4.0078        3.2992        2.9580         0.097       33.3975     0.0739856     0.0000222     0.0000000     0.0000000     0.0000222     0.0000000     0.0000000     0.0000000     0.0000000     0.0000000 
           4.            0.       20.0000       1.01085        3.6116        4.0078        3.2999        2.9592         0.096       33.3971     0.0739169     0.0000222     0.0000000     0.0000000     0.0000221     0.0000000     0.0000000     0.0000000     0.0000000     0.0000000 
           5.            0.       20.0000       1.01076        3.6119        4.0078        3.3007        2.9605         0.095       33.3967     0.0738484     0.0000221     0.0000000     0.0000000     0.0000221     0.0000000     0.0000000     0.0000000     0.0000000     0.0000000 
           6.            0.       20.0000       1.01068        3.6122        4.0078        3.3014        2.9617         0.094       33.3963     0.0737802     0.0000221     0.0000000     0.0000000     0.0000221     0.0000000     0.0000000     0.0000000     0.0000000     0.0000000 
           6.            0.       20.0000       1.01059        3.6125        4.0078        3.3021        2.9630         0.093       33.3959     0.0737123     0.0000221     0.0000000     0.0000000     0.0000220     0.0000000     0.0000000     0.0000000     0.0000000     0.0000000 
           6.            0.       20.0000       1.01050        3.6128        4.0078        3.3028        2.9642         0.093       33.3956     0.0736447     0.0000220     0.0000000     0.0000000     0.0000220     0.0000000     0.0000000     0.0000000     0.0000000     0.0000000 
           7.            0.       20.0000       1.01042        3.6131        4.0078        3.3035        2.9654         0.092       33.3952     0.0735774     0.0000220     0.0000000     0.0000000     0.0000220     0.0000000     0.0000000     0.0000000     0.0000000     0.0000000 
           8.            0.       20.0000       1.01033        3.6134        4.0078        3.3042        2.9666         0.091       33.3948     0.0735104     0.0000220     0.0000000     0.0000000     0.0000219     0.0000000     0.0000000     0.0000000     0.0000000     0.0000000 
           8.            0.       20.0000       1.01024        3.6137        4.0078        3.3048        2.9679         0.090       33.3945     0.0734438     0.0000219     0.0000000     0.0000000     0.0000219     0.0000000     0.0000000     0.0000000     0.0000000     0.0000000 
           8.            0.       20.0000       1.01016        3.6140        4.0078        3.3055        2.9691         0.089       33.3941     0.0733774     0.0000219     0.0000000     0.0000000     0.0000218     0.0000000     0.0000000     0.0000000     0.0000000     0.0000000 
           9.            0.       20.0000       1.01007        3.6143        4.0078        3.3062        2.9703         0.088       33.3938     0.0733112     0.0000218     0.0000000     0.0000000     0.0000218     0.0000000     0.0000000     0.0000000     0.0000000     0.0000000 
          10.            0.       20.0000       1.00999        3.6146        4.0078        3.3069        2.9715         0.087       33.3935     0.0732454     0.0000218     0.0000000     0.0000000     0.0000218     0.0000000     0.0000000     0.0000000     0.0000000     0.0000000 
          10.            0.       20.0000       1.00990        3.6149        4.0078        3.3076        2.9727         0.086       33.3932     0.0731799     0.0000218     0.0000000     0.0000000     0.0000217     0.0000000     0.0000000     0.0000000     0.0000000     0.0000000 
          10.            0.       20.0000       1.00982        3.6152        4.0078        3.3083        2.9739         0.086       33.3929     0.0731147     0.0000217     0.0000000     0.0000000     0.0000217     0.0000000     0.0000000     0.0000000     0.0000000     0.0000000 
          11.            0.       20.0000       1.00973        3.6155        4.0078        3.3089        2.9751         0.085       33.3926     0.0730498     0.0000217     0.0000000     0.0000000     0.0000217     0.0000000     0.0000000     0.0000000     0.0000000     0.0000000 
          12.            0.       20.0000       1.00965        3.6157        4.0079        3.3096        2.9763         0.084       33.3923     0.0729851     0.0000217     0.0000000     0.0000000     0.0000216     0.0000000     0.0000000     0.0000000     0.0000000     0.0000000 
          12.            0.       20.0000       1.00957        3.6160        4.0079        3.3103        2.9775         0.083       33.3920     0.0729207     0.0000216     0.0000000     0.0000000     0.0000216     0.0000000     0.0000000     0.0000000     0.0000000     0.0000000 
          12.            0.       20.0000       1.00948        3.6163        4.0079        3.3110        2.9787         0.082       33.3917     0.0728566     0.0000216     0.0000000     0.0000000     0.0000216     0.0000000     0.0000000     0.0000000     0.0000000     0.0000000 
          13.            0.       20.0000       1.00940        3.6166        4.0079        3.3116        2.9799         0.082       33.3914     0.0727928     0.0000216     0.0000000     0.0000000     0.0000215     0.0000000     0.0000000     0.0000000     0.0000000     0.0000000 
          14.            0.       20.0000       1.00932        3.6169        4.0079        3.3123        2.9810         0.081       33.3912     0.0727292     0.0000215     0.0000000     0.0000000     0.0000215     0.0000000     0.0000000     0.0000000     0.0000000     0.0000000 
          14.            0.       20.0000       1.00923        3.6172        4.0079        3.3130        2.9822         0.080       33.3909     0.0726659     0.0000215     0.0000000     0.0000000     0.0000215     0.0000000     0.0000000     0.0000000     0.0000000     0.0000000 
          14.            0.       20.0000       1.00915        3.6175        4.0079        3.3136        2.9834         0.080       33.3906     0.0726029     0.0000215     0.0000000     0.0000000     0.0000214     0.0000000     0.0000000     0.0000000     0.0000000     0.0000000 
          15.            0.       20.0000       1.00907        3.6178        4.0079        3.3143        2.9845         0.079       33.3904     0.0725401     0.0000214     0.0000000     0.0000000     0.0000214     0.0000000     0.0000000     0.0000000     0.0000000     0.0000000 
          16.            0.       20.0000       1.00899        3.6180        4.0079        3.3149        2.9857         0.078       33.3902     0.0724777     0.0000214     0.0000000     0.0000000     0.0000214     0.0000000     0.0000000     0.0000000     0.0000000     0.0000000 
          16.            0.       20.0000       1.00890        3.6183        4.0079        3.3156        2.9869         0.077       33.3899     0.0724155     0.0000214     0.0000000     0.0000000     0.0000213     0.0000000     0.0000000     0.0000000     0.0000000     0.0000000 
          16.            0.       20.0000       1.00882        3.6186        4.0079        3.3162        2.9880         0.077       33.3897     0.0723535     0.0000214     0.0000000     0.0000000     0.0000213     0.0000000     0.0000000     0.0000000     0.0000000     0.0000000 
          17.            0.       20.0000       1.00874        3.6189        4.0079        3.3169        2.9892         0.076       33.3895     0.0722918     0.0000213     0.0000000     0.0000000     0.0000213     0.0000000     0.0000000     0.0000000     0.0000000     0.0000000 
          18.            0.       20.0000       1.00866        3.6192        4.0079        3.3175        2.9903         0.076       33.3893     0.0722304     0.0000213     0.0000000     0.0000000     0.0000213     0.0000000     0.0000000     0.0000000     0.0000000     0.0000000 
          18.            0.       20.0000       1.00858        3.6195        4.0079        3.3182        2.9915         0.075       33.3890     0.0721692     0.0000213     0.0000000     0.0000000     0.0000212     0.0000000     0.0000000     0.0000000     0.0000000     0.0000000 
          18.            0.       20.0000       1.00850        3.6197        4.0079        3.3188        2.9926         0.074       33.3888     0.0721083     0.0000212     0.0000000     0.0000000     0.0000212     0.0000000     0.0000000     0.0000000     0.0000000     0.0000000 
          19.            0.       20.0000       1.00842        3.6200        4.0079        3.3195        2.9938         0.074       33.3886     0.0720476     0.0000212     0.0000000     0.0000000     0.0000212     0.0000000     0.0000000     0.0000000     0.0000000     0.0000000 
          20.            0.       20.0000       1.00834        3.6203        4.0079        3.3201        2.9949         0.073       33.3885     0.0719872     0.0000212     0.0000000     0.0000000     0.0000211     0.0000000     0.0000000     0.0000000     0.0000000     0.0000000 
          20.            0.       20.0000       1.00826        3.6206        4.0079        3.3207        2.9960         0.073       33.3883     0.0719270     0.0000211     0.0000000     0.0000000     0.0000211     0.0000000     0.0000000     0.0000000     0.0000000     0.0000000 
          20.            0.       20.0000       1.00818        3.6208        4.0079        3.3214        2.9972         0.072       33.3883     0.0718671     0.0000211     0.0000000     0.0000000     0.0000211     0.0000000     0.0000000     0.0000000     0.0000000     0.0000000 
          21.            0.       20.0000       1.00809        3.6211        4.0079        3.3220        2.9983         0.072       33.3857     0.0718076     0.0000211     0.0000000     0.0000000     0.0000210     0.0000000     0.0000000     0.0000000     0.0000000     0.0000000 
          22.            0.       19.0000       1.00764        3.6205        4.0077        3.3219        2.9988         0.071       33.3783     0.0717589     0.0000211     0.0000000     0.0000000     0.0000210     0.0000000     0.0000000     0.0000000     0.0000000     0.0000000 
          22.            0.       18.0000       1.00707        3.6197        4.0074        3.3216        2.9990         0.071       33.3680     0.0717147     0.0000210     0.0000000     0.0000001     0.0000210     0.0000000     0.0000000     0.0000000     0.0000000     0.0000000 
          22.            0.       17.0000       1.00631        3.6187        4.0070        3.3210        2.9990         0.071       33.3544     0.0716732     0.0000210     0.0000000     0.0000001     0.0000209     0.0000000     0.0000000     0.0000000     0.0000000     0.0000000 
          23.            0.       16.0000       1.00531        3.6172        4.0065        3.3201        2.9986         0.071       33.3365     0.0716365     0.0000210     0.0000000     0.0000001     0.0000209     0.0000000     0.0000000     0.0000000     0.0000000     0.0000000 
          24.            0.       15.0000       1.00398        3.6153        4.0057        3.3186        2.9977         0.072       33.3124     0.0716058     0.0000211     0.0000000     0.0000002     0.0000209     0.0000000     0.0000000     0.0000000     0.0000000     0.0000000 
          24.            0.       14.0000       1.00220        3.6129        4.0047        3.3165        2.9962         0.072       33.2803     0.0715841     0.0000211     0.0000000     0.0000003     0.0000208     0.0000000     0.0000000     0.0000000     0.0000000     0.0000000 
          24.            0.       13.0000       0.99981        3.6097        4.0034        3.3137        2.9938         0.073       33.2372     0.0715713     0.0000211     0.0000000     0.0000004     0.0000207     0.0000000     0.0000000     0.0000000     0.0000000     0.0000000 
          25.            0.       12.0000       0.99663        3.6058        4.0017        3.3098        2.9903         0.075       33.1789     0.0715731     0.0000212     0.0000000     0.0000006     0.0000207     0.0000000     0.0000000     0.0000000     0.0000000     0.0000000 
          26.            0.       11.0000       0.99240        3.6010        3.9997        3.3048        2.9854         0.078       33.0995     0.0715925     0.0000214     0.0000000     0.0000008     0.0000205     0.0000000     0.0000000     0.0000000     0.0000000     0.0000000 
          26.            0.       10.0000       0.98685        3.5953        3.9976        3.2983        2.9789         0.082       32.9915     0.0716399     0.0000216     0.0000000     0.0000013     0.0000204     0.0000000     0.0000000     0.0000000     0.0000000     0.0000000 
          26.            0.        9.0000       0.97973        3.5888        3.9956        3.2904        2.9704         0.088       32.8450     0.0717278     0.0000221     0.0000000     0.0000019     0.0000202     0.0000000     0.0000000     0.0000000     0.0000000     0.0000000 
          27.            0.        8.0000       0.97086        3.5820        3.9943        3.2812        2.9601         0.097       32.6482     0.0718831     0.0000229     0.0000000     0.0000029     0.0000200     0.0000000     0.0000000     0.0000000     0.0000000     0.0000000 
          28.            0.        7.0000       0.96028        3.5757        3.9947        3.2715        2.9484         0.111       32.3883     0.0721497     0.0000242     0.0000000     0.0000044     0.0000199     0.0000000     0.0000000     0.0000000     0.0000000     0.0000000 
          28.            0.        6.0000       0.94845        3.5716        3.9971        3.2627        2.9365         0.133       32.0489     0.0726081     0.0000266     0.0000000     0.0000067     0.0000199     0.0000000     0.0000000     0.0000000     0.0000000     0.0000000 
          28.            0.        5.0000       0.93635        3.5723        4.0018        3.2576        2.9270         0.167       31.5975     0.0734127     0.0000310     0.0000000     0.0000106     0.0000204     0.0000000     0.0000000     0.0000000     0.0000000     0.0000000 
          29.            0.        4.0000       0.92580        3.5818        4.0079        3.2608        2.9241         0.216       30.9419     0.0748763     0.0000392     0.0000000     0.0000173     0.0000219     0.0000000     0.0000000     0.0000000     0.0000000     0.0000000 
          30.            0.        3.0000       0.92024        3.6053        4.0147        3.2800        2.9358         0.278       29.8056     0.0777612     0.0000606     0.0000043     0.0000304     0.0000259     0.0000000     0.0000000     0.0000000     0.0000000     0.0000000 
          30.            0.        2.0000       0.93175        3.6498        4.0217        3.3301        2.9836         0.307       28.5744     0.0845432     0.0013017     0.0011995     0.0000622     0.0000400     0.0000000     0.0000000     0.0000000     0.0000000     0.0000000 
          30.            0.        2.0000       0.92655        3.6496        4.0217        3.3303        2.9846         0.292       27.8779     0.0840249     0.0012331     0.0011329     0.0000615     0.0000387     0.0000000     0.0000000     0.0000000     0.0000000     0.0000000 
          31.            0.        2.0000       0.92395        3.6511        4.0218        3.3330        2.9889         0.293       27.7337     0.0836103     0.0011991     0.0011000     0.0000612     0.0000379     0.0000000     0.0000000     0.0000000     0.0000000     0.0000000 
          32.            0.        2.0000       0.92182        3.6526        4.0219        3.3360        2.9935         0.294       27.7056     0.0832240     0.0011715     0.0010733     0.0000610     0.0000372     0.0000000     0.0000000     0.0000000     0.0000000     0.0000000 
          32.            0.        2.0000       0.91988        3.6542        4.0219        3.3389        2.9981         0.297       27.7169     0.0828539     0.0011467     0.0010493     0.0000608     0.0000366     0.0000000     0.0000000     0.0000000     0.0000000     0.0000000 
          32.            0.        2.0000       0.91802        3.6557        4.0220        3.3418        3.0027         0.299       27.7417     0.0824957     0.0011234     0.0010268     0.0000605     0.0000360     0.0000000     0.0000000     0.0000000     0.0000000     0.0000000 
          33.            0.        2.0000       0.91622        3.6571        4.0221        3.3447        3.0072         0.302       27.7711     0.0821475     0.0011011     0.0010053     0.0000603     0.0000355     0.0000000     0.0000000     0.0000000     0.0000000     0.0000000 
          34.            0.        2.0000       0.91446        3.6586        4.0221        3.3475        3.0117         0.304       27.8021     0.0818083     0.0010796     0.0009846     0.0000601     0.0000349     0.0000000     0.0000000     0.0000000     0.0000000     0.0000000 
          34.            0.        2.0000       0.91274        3.6600        4.0222        3.3502        3.0160         0.307       27.8337     0.0814776     0.0010590     0.0009646     0.0000600     0.0000344     0.0000000     0.0000000     0.0000000     0.0000000     0.0000000 
          34.            0.        2.0000       0.91105        3.6614        4.0223        3.3529        3.0203         0.309       27.8655     0.0811551     0.0010390     0.0009453     0.0000598     0.0000339     0.0000000     0.0000000     0.0000000     0.0000000     0.0000000 
          35.            0.        2.0000       0.90939        3.6628        4.0223        3.3555        3.0244         0.311       27.8973     0.0808404     0.0010197     0.0009267     0.0000596     0.0000334     0.0000000     0.0000000     0.0000000     0.0000000     0.0000000 
          36.            0.        2.0000       0.90777        3.6641        4.0224        3.3581        3.0285         0.313       27.9291     0.0805332     0.0010011     0.0009087     0.0000594     0.0000330     0.0000000     0.0000000     0.0000000     0.0000000     0.0000000 
          36.            0.        2.0000       0.90617        3.6654        4.0224        3.3606        3.0325         0.315       27.9608     0.0802332     0.0009831     0.0008913     0.0000592     0.0000325     0.0000000     0.0000000     0.0000000     0.0000000     0.0000000 
          36.            0.        2.0000       0.90460        3.6667        4.0225        3.3630        3.0364         0.317       27.9925     0.0799402     0.0009656     0.0008745     0.0000591     0.0000321     0.0000000     0.0000000     0.0000000     0.0000000     0.0000000 
          37.            0.        2.0000       0.90306        3.6679        4.0226        3.3654        3.0402         0.319       28.0242     0.0796540     0.0009487     0.0008582     0.0000589     0.0000316     0.0000000     0.0000000     0.0000000     0.0000000     0.0000000 
          38.            0.        2.0000       0.90155        3.6692        4.0226        3.3678        3.0440         0.320       28.0558     0.0793743     0.0009324     0.0008424     0.0000587     0.0000312     0.0000000     0.0000000     0.0000000     0.0000000     0.0000000 
          38.            0.        2.0000       0.90007        3.6704        4.0227        3.3701        3.0476         0.322       28.0873     0.0791008     0.0009165     0.0008271     0.0000585     0.0000308     0.0000000     0.0000000     0.0000000     0.0000000     0.0000000 
          38.            0.        2.0000       0.89861        3.6716        4.0227        3.3723        3.0512         0.323       28.1189     0.0788335     0.0009011     0.0008123     0.0000584     0.0000304     0.0000000     0.0000000     0.0000000     0.0000000     0.0000000 
          39.            0.        2.0000       0.89717        3.6727        4.0228        3.3745        3.0548         0.324       28.1505     0.0785721     0.0008862     0.0007979     0.0000582     0.0000300     0.0000000     0.0000000     0.0000000     0.0000000     0.0000000 
          40.            0.        2.0000       0.89576        3.6738        4.0228        3.3767        3.0582         0.325       28.1821     0.0783166     0.0008717     0.0007840     0.0000581     0.0000297     0.0000000     0.0000000     0.0000000     0.0000000     0.0000000 
          40.            0.        2.0000       0.89437        3.6750        4.0229        3.3788        3.0616         0.327       28.2137     0.0780665     0.0008577     0.0007704     0.0000579     0.0000293     0.0000000     0.0000000     0.0000000     0.0000000     0.0000000 
          40.            0.        2.0000       0.89301        3.6760        4.0229        3.3809        3.0649         0.328       28.2454     0.0778219     0.0008440     0.0007573     0.0000578     0.0000290     0.0000000     0.0000000     0.0000000     0.0000000     0.0000000 
          41.            0.        2.0000       0.89167        3.6771        4.0230        3.3829        3.0682         0.329       28.2771     0.0775824     0.0008308     0.0007446     0.0000576     0.0000286     0.0000000     0.0000000     0.0000000     0.0000000     0.0000000 
          42.            0.        2.0000       0.89035        3.6782        4.0230        3.3849        3.0714         0.330       28.3089     0.0773480     0.0008180     0.0007322     0.0000575     0.0000283     0.0000000     0.0000000     0.0000000     0.0000000     0.0000000 
          42.            0.        2.0000       0.88905        3.6792        4.0231        3.3869        3.0745         0.332       28.3407     0.0771186     0.0008055     0.0007201     0.0000573     0.0000280     0.0000000     0.0000000     0.0000000     0.0000000     0.0000000 
          42.            0.        2.0000       0.88777        3.6802        4.0231        3.3888        3.0776         0.333       28.3726     0.0768939     0.0007933     0.0007085     0.0000572     0.0000277     0.0000000     0.0000000     0.0000000     0.0000000     0.0000000 
          43.            0.        2.0000       0.88652        3.6812        4.0232        3.3907        3.0806         0.334       28.4046     0.0766739     0.0007815     0.0006971     0.0000570     0.0000274     0.0000000     0.0000000     0.0000000     0.0000000     0.0000000 
          44.            0.        2.0000       0.88528        3.6822        4.0232        3.3925        3.0835         0.336       28.4366     0.0764583     0.0007700     0.0006860     0.0000569     0.0000271     0.0000000     0.0000000     0.0000000     0.0000000     0.0000000 
          44.            0.        2.0000       0.88406        3.6831        4.0233        3.3943        3.0864         0.337       28.4687     0.0762471     0.0007589     0.0006753     0.0000568     0.0000268     0.0000000     0.0000000     0.0000000     0.0000000     0.0000000 
          44.            0.        2.0000       0.88286        3.6840        4.0233        3.3961        3.0892         0.339       28.5007     0.0760401     0.0007480     0.0006648     0.0000566     0.0000265     0.0000000     0.0000000     0.0000000     0.0000000     0.0000000 
          45.            0.        2.0000       0.88168        3.6850        4.0234        3.3978        3.0920         0.341       28.5329     0.0758372     0.0007374     0.0006547     0.0000565     0.0000262     0.0000000     0.0000000     0.0000000     0.0000000     0.0000000 
          46.            0.        2.0000       0.88051        3.6859        4.0234        3.3995        3.0948         0.342       28.5650     0.0756383     0.0007271     0.0006448     0.0000564     0.0000260     0.0000000     0.0000000     0.0000000     0.0000000     0.0000000 
          46.            0.        2.0000       0.87937        3.6867        4.0235        3.4012        3.0974         0.344       28.5972     0.0754432     0.0007171     0.0006351     0.0000563     0.0000257     0.0000000     0.0000000     0.0000000     0.0000000     0.0000000 
          46.            0.        2.0000       0.87824        3.6876        4.0235        3.4028        3.1001         0.346       28.6294     0.0752519     0.0007073     0.0006257     0.0000561     0.0000255     0.0000000     0.0000000     0.0000000     0.0000000     0.0000000 
          47.            0.        2.0000       0.87712        3.6885        4.0236        3.4044        3.1026         0.348       28.6615     0.0750643     0.0006978     0.0006165     0.0000560     0.0000252     0.0000000     0.0000000     0.0000000     0.0000000     0.0000000 
          48.            0.        2.0000       0.87602        3.6893        4.0236        3.4060        3.1052         0.350       28.6937     0.0748803     0.0006885     0.0006076     0.0000559     0.0000250     0.0000000     0.0000000     0.0000000     0.0000000     0.0000000 
          48.            0.        2.0000       0.87494        3.6901        4.0236        3.4075        3.1077         0.352       28.7259     0.0746996     0.0006794     0.0005989     0.0000558     0.0000247     0.0000000     0.0000000     0.0000000     0.0000000     0.0000000 
          48.            0.        2.0000       0.87387        3.6909        4.0237        3.4091        3.1101         0.354       28.7581     0.0745222     0.0006706     0.0005904     0.0000556     0.0000245     0.0000000     0.0000000     0.0000000     0.0000000     0.0000000 
          49.            0.        2.0000       0.87282        3.6917        4.0237        3.4105        3.1125         0.356       28.7902     0.0743482     0.0006620     0.0005822     0.0000555     0.0000243     0.0000000     0.0000000     0.0000000     0.0000000     0.0000000 
          50.            0.        2.0000       0.87178        3.6925        4.0238        3.4120        3.1148         0.358       28.8223     0.0741774     0.0006535     0.0005741     0.0000554     0.0000241     0.0000000     0.0000000     0.0000000     0.0000000     0.0000000 
          50.            0.        2.0000       0.87076        3.6933        4.0238        3.4134        3.1171         0.360       28.8543     0.0740096     0.0006453     0.0005662     0.0000553     0.0000238     0.0000000     0.0000000     0.0000000     0.0000000     0.0000000 
          50.            0.        2.0000       0.86975        3.6941        4.0238        3.4149        3.1194         0.362       28.8864     0.0738448     0.0006373     0.0005585     0.0000552     0.0000236     0.0000000     0.0000000     0.0000000     0.0000000     0.0000000 
          51.            0.        2.0000       0.86875        3.6948        4.0239        3.4162        3.1216         0.365       28.9184     0.0736830     0.0006295     0.0005510     0.0000551     0.0000234     0.0000000     0.0000000     0.0000000     0.0000000     0.0000000 
          52.            0.        2.0000       0.86776        3.6955        4.0239        3.4176        3.1238         0.367       28.9503     0.0735241     0.0006218     0.0005436     0.0000550     0.0000232     0.0000000     0.0000000     0.0000000     0.0000000     0.0000000 
          52.            0.        2.0000       0.86679        3.6962        4.0240        3.4189        3.1260         0.369       28.9822     0.0733678     0.0006144     0.0005365     0.0000549     0.0000230     0.0000000     0.0000000     0.0000000     0.0000000     0.0000000 
          52.            0.        2.0000       0.86583        3.6970        4.0240        3.4203        3.1281         0.372       29.0140     0.0732143     0.0006071     0.0005295     0.0000548     0.0000228     0.0000000     0.0000000     0.0000000     0.0000000     0.0000000 
          53.            0.        2.0000       0.86488        3.6977        4.0240        3.4216        3.1301         0.374       29.0458     0.0730635     0.0005999     0.0005226     0.0000547     0.0000226     0.0000000     0.0000000     0.0000000     0.0000000     0.0000000 
          54.            0.        2.0000       0.86395        3.6983        4.0241        3.4228        3.1322         0.376       29.0776     0.0729153     0.0005929     0.0005159     0.0000545     0.0000225     0.0000000     0.0000000     0.0000000     0.0000000     0.0000000 
          54.            0.        2.0000       0.86302        3.6990        4.0241        3.4241        3.1341         0.379       29.1093     0.0727696     0.0005861     0.0005094     0.0000544     0.0000223     0.0000000     0.0000000     0.0000000     0.0000000     0.0000000 
          54.            0.        2.0000       0.86211        3.6997        4.0242        3.4253        3.1361         0.381       29.1408     0.0726263     0.0005794     0.0005030     0.0000543     0.0000221     0.0000000     0.0000000     0.0000000     0.0000000     0.0000000 
          55.            0.        2.0000       0.86121        3.7003        4.0242        3.4265        3.1380         0.383       29.1724     0.0724854     0.0005729     0.0004967     0.0000542     0.0000219     0.0000000     0.0000000     0.0000000     0.0000000     0.0000000 
          56.            0.        2.0000       0.86031        3.7010        4.0242        3.4277        3.1399         0.386       29.2039     0.0723469     0.0005665     0.0004906     0.0000541     0.0000217     0.0000000     0.0000000     0.0000000     0.0000000     0.0000000 
          56.            0.        2.0000       0.85943        3.7016        4.0243        3.4288        3.1417         0.388       29.2354     0.0722107     0.0005602     0.0004846     0.0000540     0.0000216     0.0000000     0.0000000     0.0000000     0.0000000     0.0000000 
          56.            0.        2.0000       0.85856        3.7022        4.0243        3.4300        3.1436         0.391       29.2668     0.0720766     0.0005541     0.0004787     0.0000540     0.0000214     0.0000000     0.0000000     0.0000000     0.0000000     0.0000000 
          57.            0.        2.0000       0.85770        3.7029        4.0243        3.4311        3.1454         0.393       29.2981     0.0719448     0.0005481     0.0004730     0.0000539     0.0000213     0.0000000     0.0000000     0.0000000     0.0000000     0.0000000 
          58.            0.        2.0000       0.85685        3.7035        4.0244        3.4322        3.1471         0.395       29.3295     0.0718151     0.0005422     0.0004673     0.0000538     0.0000211     0.0000000     0.0000000     0.0000000     0.0000000     0.0000000 
          58.            0.        2.0000       0.85601        3.7041        4.0244        3.4333        3.1488         0.398       29.3607     0.0716875     0.0005364     0.0004618     0.0000537     0.0000209     0.0000000     0.0000000     0.0000000     0.0000000     0.0000000 
          58.            0.        2.0000       0.85518        3.7046        4.0244        3.4344        3.1505         0.400       29.3919     0.0715619     0.0005308     0.0004564     0.0000536     0.0000208     0.0000000     0.0000000     0.0000000     0.0000000     0.0000000 
          59.            0.        2.0000       0.85436        3.7052        4.0245        3.4354        3.1522         0.403       29.4231     0.0714384     0.0005253     0.0004511     0.0000535     0.0000206     0.0000000     0.0000000     0.0000000     0.0000000     0.0000000 
          60.            0.        2.0000       0.85355        3.7058        4.0245        3.4364        3.1538         0.405       29.4542     0.0713168     0.0005199     0.0004460     0.0000534     0.0000205     0.0000000     0.0000000     0.0000000     0.0000000     0.0000000 
          60.            0.        2.0000       0.85274        3.7063        4.0246        3.4374        3.1554         0.407       29.4852     0.0711970     0.0005145     0.0004409     0.0000533     0.0000203     0.0000000     0.0000000     0.0000000     0.0000000     0.0000000 
          60.            0.        2.0000       0.85195        3.7069        4.0246        3.4384        3.1570         0.410       29.5163     0.0710791     0.0005093     0.0004359     0.0000532     0.0000202     0.0000000     0.0000000     0.0000000     0.0000000     0.0000000 
          61.            0.        2.0000       0.85116        3.7074        4.0246        3.4394        3.1585         0.412       29.5472     0.0709631     0.0005042     0.0004310     0.0000531     0.0000201     0.0000000     0.0000000     0.0000000     0.0000000     0.0000000 
          62.            0.        2.0000       0.85039        3.7080        4.0247        3.4404        3.1600         0.415       29.5781     0.0708488     0.0004992     0.0004262     0.0000530     0.0000199     0.0000000     0.0000000     0.0000000     0.0000000     0.0000000 
          62.            0.        2.0000       0.84962        3.7085        4.0247        3.4413        3.1615         0.417       29.6090     0.0707363     0.0004943     0.0004215     0.0000530     0.0000198     0.0000000     0.0000000     0.0000000     0.0000000     0.0000000 
          62.            0.        2.0000       0.84886        3.7090        4.0247        3.4422        3.1630         0.420       29.6398     0.0706255     0.0004895     0.0004169     0.0000529     0.0000197     0.0000000     0.0000000     0.0000000     0.0000000     0.0000000 
          63.            0.        2.0000       0.84811        3.7095        4.0248        3.4432        3.1644         0.422       29.6706     0.0705163     0.0004847     0.0004124     0.0000528     0.0000195     0.0000000     0.0000000     0.0000000     0.0000000     0.0000000 
          64.            0.        2.0000       0.84736        3.7100        4.0248        3.4441        3.1659         0.425       29.7012     0.0704087     0.0004801     0.0004080     0.0000527     0.0000194     0.0000000     0.0000000     0.0000000     0.0000000     0.0000000 
          64.            0.        2.0000       0.84662        3.7105        4.0248        3.4449        3.1672         0.427       29.7319     0.0703028     0.0004755     0.0004036     0.0000526     0.0000193     0.0000000     0.0000000     0.0000000     0.0000000     0.0000000 
          64.            0.        2.0000       0.84589        3.7110        4.0249        3.4458        3.1686         0.430       29.7624     0.0701983     0.0004711     0.0003994     0.0000526     0.0000192     0.0000000     0.0000000     0.0000000     0.0000000     0.0000000 
          65.            0.        2.0000       0.84517        3.7115        4.0249        3.4467        3.1699         0.432       29.7929     0.0700954     0.0004667     0.0003952     0.0000525     0.0000190     0.0000000     0.0000000     0.0000000     0.0000000     0.0000000 
          66.            0.        2.0000       0.84446        3.7120        4.0249        3.4475        3.1713         0.435       29.8233     0.0699940     0.0004624     0.0003910     0.0000524     0.0000189     0.0000000     0.0000000     0.0000000     0.0000000     0.0000000 
          66.            0.        2.0000       0.84375        3.7124        4.0249        3.4483        3.1726         0.438       29.8537     0.0698939     0.0004581     0.0003870     0.0000523     0.0000188     0.0000000     0.0000000     0.0000000     0.0000000     0.0000000 
          66.            0.        2.0000       0.84305        3.7129        4.0250        3.4491        3.1738         0.440       29.8840     0.0697954     0.0004540     0.0003830     0.0000522     0.0000187     0.0000000     0.0000000     0.0000000     0.0000000     0.0000000 
          67.            0.        2.0000       0.84236        3.7133        4.0250        3.4499        3.1751         0.443       29.9144     0.0696982     0.0004499     0.0003791     0.0000522     0.0000186     0.0000000     0.0000000     0.0000000     0.0000000     0.0000000 
          68.            0.        2.0000       0.84167        3.7138        4.0250        3.4507        3.1763         0.446       29.9451     0.0696025     0.0004459     0.0003753     0.0000521     0.0000185     0.0000000     0.0000000     0.0000000     0.0000000     0.0000000 
          68.            0.        2.0000       0.84100        3.7142        4.0251        3.4515        3.1776         0.448       29.9771     0.0695084     0.0004420     0.0003716     0.0000520     0.0000184     0.0000000     0.0000000     0.0000000     0.0000000     0.0000000 
          68.            0.        2.0000       0.84036        3.7147        4.0251        3.4523        3.1788         0.451       30.0126     0.0694165     0.0004383     0.0003681     0.0000519     0.0000183     0.0000000     0.0000000     0.0000000     0.0000000     0.0000000 
          69.            0.        2.0000       0.83979        3.7152        4.0251        3.4532        3.1801         0.453       30.0593     0.0693286     0.0004349     0.0003649     0.0000519     0.0000182     0.0000000     0.0000000     0.0000000     0.0000000     0.0000000 
          70.            0.        2.0000       0.83941        3.7158        4.0252        3.4542        3.1816         0.456       30.1341     0.0692504     0.0004327     0.0003628     0.0000518     0.0000181     0.0000000     0.0000000     0.0000000     0.0000000     0.0000000 
          70.            0.        2.0000       0.84449        3.7170        4.0249        3.4573        3.1870         0.475       31.4126     0.0694965     0.0004611     0.0003900     0.0000525     0.0000187     0.0000000     0.0000000     0.0000000     0.0000000     0.0000000 
          70.            0.        3.0000       0.83700        3.6779        4.0175        3.4149        3.1475         0.432       33.8299     0.0629366     0.0000384     0.0000004     0.0000261     0.0000119     0.0000000     0.0000000     0.0000000     0.0000000     0.0000000 
          71.            0.        4.0000       0.84438        3.6593        4.0114        3.4002        3.1391         0.346       35.2872     0.0601386     0.0000250     0.0000000     0.0000150     0.0000099     0.0000000     0.0000000     0.0000000     0.0000000     0.0000000 
          72.            0.        5.0000       0.85449        3.6525        4.0067        3.3982        3.1425         0.282       35.9195     0.0586879     0.0000184     0.0000000     0.0000093     0.0000092     0.0000000     0.0000000     0.0000000     0.0000000     0.0000000 
          72.            0.        6.0000       0.86418        3.6519        4.0036        3.4019        3.1500         0.240       36.0443     0.0578610     0.0000147     0.0000000     0.0000059     0.0000088     0.0000000     0.0000000     0.0000000     0.0000000     0.0000000 
          72.            0.        7.0000       0.87252        3.6542        4.0020        3.4076        3.1583         0.213       35.8946     0.0573677     0.0000125     0.0000000     0.0000038     0.0000087     0.0000000     0.0000000     0.0000000     0.0000000     0.0000000 
          73.            0.        8.0000       0.87934        3.6578        4.0017        3.4135        3.1662         0.196       35.6259     0.0570634     0.0000111     0.0000000     0.0000025     0.0000086     0.0000000     0.0000000     0.0000000     0.0000000     0.0000000 
          74.            0.        9.0000       0.88472        3.6616        4.0022        3.4190        3.1729         0.185       35.3319     0.0568695     0.0000102     0.0000000     0.0000016     0.0000086     0.0000000     0.0000000     0.0000000     0.0000000     0.0000000 
          74.            0.       10.0000       0.88887        3.6652        4.0032        3.4238        3.1785         0.178       35.0611     0.0567419     0.0000097     0.0000000     0.0000011     0.0000086     0.0000000     0.0000000     0.0000000     0.0000000     0.0000000 
          74.            0.       11.0000       0.89200        3.6684        4.0044        3.4277        3.1830         0.173       34.8320     0.0566529     0.0000093     0.0000000     0.0000007     0.0000086     0.0000000     0.0000000     0.0000000     0.0000000     0.0000000 
          75.            0.       12.0000       0.89432        3.6712        4.0055        3.4309        3.1865         0.170       34.6467     0.0565892     0.0000091     0.0000000     0.0000005     0.0000086     0.0000000     0.0000000     0.0000000     0.0000000     0.0000000 
          76.            0.       13.0000       0.89601        3.6734        4.0065        3.4334        3.1892         0.169       34.5001     0.0565401     0.0000089     0.0000000     0.0000003     0.0000086     0.0000000     0.0000000     0.0000000     0.0000000     0.0000000 
          76.            0.       14.0000       0.89723        3.6752        4.0073        3.4354        3.1913         0.168       34.3856     0.0565024     0.0000088     0.0000000     0.0000002     0.0000086     0.0000000     0.0000000     0.0000000     0.0000000     0.0000000 
          76.            0.       15.0000       0.89809        3.6767        4.0080        3.4369        3.1929         0.168       34.2963     0.0564710     0.0000087     0.0000000     0.0000002     0.0000086     0.0000000     0.0000000     0.0000000     0.0000000     0.0000000 
          77.            0.       16.0000       0.89870        3.6778        4.0084        3.4380        3.1941         0.168       34.2267     0.0564462     0.0000087     0.0000000     0.0000001     0.0000086     0.0000000     0.0000000     0.0000000     0.0000000     0.0000000 
          78.            0.       17.0000       0.89913        3.6787        4.0088        3.4389        3.1950         0.169       34.1729     0.0564255     0.0000086     0.0000000     0.0000001     0.0000086     0.0000000     0.0000000     0.0000000     0.0000000     0.0000000 
          78.            0.       18.0000       0.89943        3.6794        4.0090        3.4396        3.1958         0.170       34.1312     0.0564078     0.0000086     0.0000000     0.0000001     0.0000086     0.0000000     0.0000000     0.0000000     0.0000000     0.0000000 
          78.            0.       19.0000       0.89963        3.6800        4.0092        3.4402        3.1963         0.171       34.0993     0.0563913     0.0000086     0.0000000     0.0000000     0.0000085     0.0000000     0.0000000     0.0000000     0.0000000     0.0000000 
          79.            0.       20.0000       0.89977        3.6805        4.0093        3.4406        3.1968         0.172       34.0755     0.0563779     0.0000086     0.0000000     0.0000000     0.0000085     0.0000000     0.0000000     0.0000000     0.0000000     0.0000000 
          80.            0.       20.0000       0.89970        3.6804        4.0093        3.4406        3.1968         0.174       34.0660     0.0563719     0.0000086     0.0000000     0.0000000     0.0000085     0.0000000     0.0000000     0.0000000     0.0000000     0.0000000 
          80.            0.       20.0000       0.89968        3.6805        4.0093        3.4407        3.1970         0.176       34.0671     0.0563657     0.0000086     0.0000000     0.0000000     0.0000085     0.0000000     0.0000000     0.0000000     0.0000000     0.0000000 
          80.            0.       20.0000       0.89967        3.6805        4.0093        3.4408        3.1971         0.177       34.0674     0.0563595     0.0000086     0.0000000     0.0000000     0.0000085     0.0000000     0.0000000     0.0000000     0.0000000     0.0000000 
          81.            0.       20.0000       0.89965        3.6805        4.0093        3.4408        3.1973         0.179       34.0676     0.0563535     0.0000086     0.0000000     0.0000000     0.0000085     0.0000000     0.0000000     0.0000000     0.0000000     0.0000000 
          82.            0.       20.0000       0.89963        3.6806        4.0093        3.4409        3.1974         0.181       34.0676     0.0563475     0.0000086     0.0000000     0.0000000     0.0000085     0.0000000     0.0000000     0.0000000     0.0000000     0.0000000 
          82.            0.       20.0000       0.89961        3.6806        4.0093        3.4410        3.1975         0.183       34.0677     0.0563415     0.0000086     0.0000000     0.0000000     0.0000085     0.0000000     0.0000000     0.0000000     0.0000000     0.0000000 
          82.            0.       20.0000       0.89959        3.6807        4.0093        3.4411        3.1977         0.185       34.0678     0.0563357     0.0000085     0.0000000     0.0000000     0.0000085     0.0000000     0.0000000     0.0000000     0.0000000     0.0000000 
          83.            0.       20.0000       0.89957        3.6807        4.0093        3.4411        3.1978         0.186       34.0679     0.0563298     0.0000085     0.0000000     0.0000000     0.0000085     0.0000000     0.0000000     0.0000000     0.0000000     0.0000000 
          84.            0.       20.0000       0.89955        3.6807        4.0093        3.4412        3.1979         0.188       34.0679     0.0563241     0.0000085     0.0000000     0.0000000     0.0000085     0.0000000     0.0000000     0.0000000     0.0000000     0.0000000 
          84.            0.       20.0000       0.89953        3.6808        4.0093        3.4413        3.1981         0.190       34.0681     0.0563184     0.0000085     0.0000000     0.0000000     0.0000085     0.0000000     0.0000000     0.0000000     0.0000000     0.0000000 
          84.            0.       20.0000       0.89951        3.6808        4.0093        3.4414        3.1982         0.192       34.0682     0.0563127     0.0000085     0.0000000     0.0000000     0.0000085     0.0000000     0.0000000     0.0000000     0.0000000     0.0000000 
          85.            0.       20.0000       0.89950        3.6808        4.0093        3.4414        3.1983         0.194       34.0683     0.0563071     0.0000085     0.0000000     0.0000000     0.0000085     0.0000000     0.0000000     0.0000000     0.0000000     0.0000000 
          86.            0.       20.0000       0.89948        3.6809        4.0093        3.4415        3.1984         0.196       34.0684     0.0563016     0.0000085     0.0000000     0.0000000     0.0000085     0.0000000     0.0000000     0.0000000     0.0000000     0.0000000 
          86.            0.       20.0000       0.89946        3.6809        4.0093        3.4416        3.1986         0.198       34.0686     0.0562962     0.0000085     0.0000000     0.0000000     0.0000085     0.0000000     0.0000000     0.0000000     0.0000000     0.0000000 
          86.            0.       20.0000       0.89944        3.6810        4.0093        3.4416        3.1987         0.200       34.0687     0.0562908     0.0000085     0.0000000     0.0000000     0.0000085     0.0000000     0.0000000     0.0000000     0.0000000     0.0000000 
          87.            0.       20.0000       0.89942        3.6810        4.0093        3.4417        3.1988         0.202       34.0689     0.0562854     0.0000085     0.0000000     0.0000000     0.0000085     0.0000000     0.0000000     0.0000000     0.0000000     0.0000000 
          88.            0.       20.0000       0.89941        3.6810        4.0093        3.4418        3.1989         0.204       34.0691     0.0562801     0.0000085     0.0000000     0.0000000     0.0000085     0.0000000     0.0000000     0.0000000     0.0000000     0.0000000 
          88.            0.       20.0000       0.89939        3.6811        4.0093        3.4419        3.1990         0.206       34.0693     0.0562749     0.0000085     0.0000000     0.0000000     0.0000085     0.0000000     0.0000000     0.0000000     0.0000000     0.0000000 
          88.            0.       20.0000       0.89937        3.6811        4.0093        3.4419        3.1991         0.208       34.0695     0.0562697     0.0000085     0.0000000     0.0000000     0.0000085     0.0000000     0.0000000     0.0000000     0.0000000     0.0000000 
          89.            0.       20.0000       0.89936        3.6811        4.0093        3.4420        3.1993         0.210       34.0697     0.0562647     0.0000085     0.0000000     0.0000000     0.0000085     0.0000000     0.0000000     0.0000000     0.0000000     0.0000000 
          90.            0.       20.0000       0.89934        3.6812        4.0093        3.4421        3.1994         0.212       34.0700     0.0562596     0.0000085     0.0000000     0.0000000     0.0000085     0.0000000     0.0000000     0.0000000     0.0000000     0.0000000 
          90.            0.       20.0000       0.89932        3.6812        4.0093        3.4421        3.1995         0.214       34.0702     0.0562546     0.0000085     0.0000000     0.0000000     0.0000085     0.0000000     0.0000000     0.0000000     0.0000000     0.0000000 
          90.            0.       20.0000       0.89930        3.6812        4.0093        3.4422        3.1996         0.216       34.0705     0.0562496     0.0000085     0.0000000     0.0000000     0.0000085     0.0000000     0.0000000     0.0000000     0.0000000     0.0000000 
          91.            0.       20.0000       0.89929        3.6813        4.0093        3.4422        3.1997         0.218       34.0708     0.0562447     0.0000085     0.0000000     0.0000000     0.0000085     0.0000000     0.0000000     0.0000000     0.0000000     0.0000000 
          92.            0.       20.0000       0.89927        3.6813        4.0093        3.4423        3.1998         0.220       34.0711     0.0562399     0.0000085     0.0000000     0.0000000     0.0000085     0.0000000     0.0000000     0.0000000     0.0000000     0.0000000 
          92.            0.       20.0000       0.89926        3.6813        4.0093        3.4424        3.1999         0.222       34.0714     0.0562351     0.0000085     0.0000000     0.0000000     0.0000085     0.0000000     0.0000000     0.0000000     0.0000000     0.0000000 
          92.            0.       20.0000       0.89924        3.6813        4.0093        3.4424        3.2000         0.225       34.0717     0.0562303     0.0000085     0.0000000     0.0000000     0.0000085     0.0000000     0.0000000     0.0000000     0.0000000     0.0000000 
          93.            0.       20.0000       0.89922        3.6814        4.0093        3.4425        3.2001         0.227       34.0721     0.0562256     0.0000085     0.0000000     0.0000000     0.0000085     0.0000000     0.0000000     0.0000000     0.0000000     0.0000000 
          94.            0.       20.0000       0.89921        3.6814        4.0093        3.4425        3.2002         0.229       34.0724     0.0562210     0.0000085     0.0000000     0.0000000     0.0000085     0.0000000     0.0000000     0.0000000     0.0000000     0.0000000 
          94.            0.       20.0000       0.89919        3.6814        4.0093        3.4426        3.2003         0.231       34.0728     0.0562164     0.0000085     0.0000000     0.0000000     0.0000085     0.0000000     0.0000000     0.0000000     0.0000000     0.0000000 
          94.            0.       20.0000       0.89918        3.6815        4.0093        3.4427        3.2005         0.233       34.0732     0.0562119     0.0000085     0.0000000     0.0000000     0.0000085     0.0000000     0.0000000     0.0000000     0.0000000     0.0000000 
          95.            0.       20.0000       0.89916        3.6815        4.0093        3.4427        3.2006         0.236       34.0736     0.0562074     0.0000085     0.0000000     0.0000000     0.0000085     0.0000000     0.0000000     0.0000000     0.0000000     0.0000000 
          96.            0.       20.0000       0.89915        3.6815        4.0093        3.4428        3.2007         0.238       34.0741     0.0562029     0.0000085     0.0000000     0.0000000     0.0000085     0.0000000     0.0000000     0.0000000     0.0000000     0.0000000 
          96.            0.       20.0000       0.89913        3.6815        4.0093        3.4428        3.2008         0.240       34.0745     0.0561985     0.0000085     0.0000000     0.0000000     0.0000085     0.0000000     0.0000000     0.0000000     0.0000000     0.0000000 
          96.            0.       20.0000       0.89912        3.6816        4.0093        3.4429        3.2009         0.242       34.0750     0.0561941     0.0000085     0.0000000     0.0000000     0.0000085     0.0000000     0.0000000     0.0000000     0.0000000     0.0000000 
          97.            0.       20.0000       0.89911        3.6816        4.0094        3.4429        3.2009         0.245       34.0755     0.0561898     0.0000085     0.0000000     0.0000000     0.0000085     0.0000000     0.0000000     0.0000000     0.0000000     0.0000000 
          98.            0.       20.0000       0.89909        3.6816        4.0094        3.4430        3.2010         0.247       34.0760     0.0561855     0.0000085     0.0000000     0.0000000     0.0000085     0.0000000     0.0000000     0.0000000     0.0000000     0.0000000 
          98.            0.       20.0000       0.89908        3.6817        4.0094        3.4430        3.2011         0.249       34.0765     0.0561813     0.0000085     0.0000000     0.0000000     0.0000085     0.0000000     0.0000000     0.0000000     0.0000000     0.0000000 
          98.            0.       20.0000       0.89906        3.6817        4.0094        3.4431        3.2012         0.252       34.0770     0.0561771     0.0000085     0.0000000     0.0000000     0.0000085     0.0000000     0.0000000     0.0000000     0.0000000     0.0000000 
          99.            0.       20.0000       0.89905        3.6817        4.0094        3.4432        3.2013         0.254       34.0776     0.0561729     0.0000085     0.0000000     0.0000000     0.0000085     0.0000000     0.0000000     0.0000000     0.0000000     0.0000000 
         100.            0.       20.0000       0.89904        3.6817        4.0094        3.4432        3.2014         0.256       34.0781     0.0561688     0.0000085     0.0000000     0.0000000     0.0000085     0.0000000     0.0000000     0.0000000     0.0000000     0.0000000 
         100.            0.       20.0000       0.89902        3.6818        4.0094        3.4433        3.2015         0.259       34.0787     0.0561647     0.0000085     0.0000000     0.0000000     0.0000085     0.0000000     0.0000000     0.0000000     0.0000000     0.0000000 
