%
%
% Run:2017  Table:COMPGRID          SWAN version:41.10A
%
%       Xp            Yp            Depth         Hsig          Tm_10         TPsmoo        Tm01          Tm02          Dir           Dspr          Steepn        Dissip        Ssurf         Sfric         Swcap         Redist        Snl3          Snl4          Genera        Swind    
%       [m]           [m]           [m]           [m]           [sec]         [sec]         [sec]         [sec]         [degr]        [degr]        [ ]           [m2/s]        [m2/s]        [m2/s]        [m2/s]        [m2/s]        [m2/s]        [m2/s]        [m2/s]        [m2/s]   
%
           0.            0.       19.0000       1.00452        5.4038        6.0099        4.9285        4.4083         0.019       31.7256     0.0334686     0.0000000     0.0000000     0.0000000     0.0000000     0.0000000     0.0000000     0.0000000     0.0000000     0.0000000 
           0.            0.       19.0000       1.00451        5.4038        6.0099        4.9285        4.4084         0.019       31.7256     0.0334680     0.0000018     0.0000000     0.0000012     0.0000006     0.0000000     0.0000000     0.0000000     0.0000000     0.0000000 
           1.            0.       19.0000       1.00451        5.4039        6.0099        4.9285        4.4084         0.019       31.7255     0.0334674     0.0000018     0.0000000     0.0000012     0.0000006     0.0000000     0.0000000     0.0000000     0.0000000     0.0000000 
           2.            0.       19.0000       1.00451        5.4039        6.0099        4.9285        4.4084         0.018       31.7254     0.0334668     0.0000018     0.0000000     0.0000012     0.0000006     0.0000000     0.0000000     0.0000000     0.0000000     0.0000000 
           2.            0.       19.0000       1.00450        5.4039        6.0099        4.9286        4.4085         0.018       31.7254     0.0334662     0.0000018     0.0000000     0.0000012     0.0000006     0.0000000     0.0000000     0.0000000     0.0000000     0.0000000 
           2.            0.       19.0000       1.00450        5.4039        6.0099        4.9286        4.4085         0.018       31.7253     0.0334656     0.0000018     0.0000000     0.0000012     0.0000006     0.0000000     0.0000000     0.0000000     0.0000000     0.0000000 
           3.            0.       19.0000       1.00450        5.4039        6.0099        4.9286        4.4085         0.018       31.7252     0.0334651     0.0000018     0.0000000     0.0000012     0.0000006     0.0000000     0.0000000     0.0000000     0.0000000     0.0000000 
           4.            0.       19.0000       1.00450        5.4039        6.0099        4.9286        4.4086         0.018       31.7251     0.0334645     0.0000018     0.0000000     0.0000012     0.0000006     0.0000000     0.0000000     0.0000000     0.0000000     0.0000000 
           4.            0.       19.0000       1.00449        5.4039        6.0099        4.9286        4.4086         0.018       31.7251     0.0334639     0.0000018     0.0000000     0.0000012     0.0000006     0.0000000     0.0000000     0.0000000     0.0000000     0.0000000 
           4.            0.       19.0000       1.00449        5.4039        6.0099        4.9286        4.4086         0.018       31.7250     0.0334633     0.0000018     0.0000000     0.0000012     0.0000006     0.0000000     0.0000000     0.0000000     0.0000000     0.0000000 
           5.            0.       19.0000       1.00449        5.4039        6.0099        4.9287        4.4087         0.018       31.7249     0.0334627     0.0000018     0.0000000     0.0000012     0.0000006     0.0000000     0.0000000     0.0000000     0.0000000     0.0000000 
           6.            0.       19.0000       1.00448        5.4039        6.0099        4.9287        4.4087         0.018       31.7248     0.0334621     0.0000018     0.0000000     0.0000012     0.0000006     0.0000000     0.0000000     0.0000000     0.0000000     0.0000000 
           6.            0.       19.0000       1.00448        5.4039        6.0099        4.9287        4.4087         0.018       31.7248     0.0334615     0.0000018     0.0000000     0.0000012     0.0000006     0.0000000     0.0000000     0.0000000     0.0000000     0.0000000 
           6.            0.       19.0000       1.00448        5.4039        6.0099        4.9287        4.4088         0.018       31.7247     0.0334609     0.0000018     0.0000000     0.0000012     0.0000006     0.0000000     0.0000000     0.0000000     0.0000000     0.0000000 
           7.            0.       19.0000       1.00448        5.4039        6.0099        4.9287        4.4088         0.018       31.7246     0.0334604     0.0000018     0.0000000     0.0000012     0.0000006     0.0000000     0.0000000     0.0000000     0.0000000     0.0000000 
           8.            0.       19.0000       1.00447        5.4039        6.0099        4.9287        4.4088         0.018       31.7246     0.0334598     0.0000018     0.0000000     0.0000012     0.0000006     0.0000000     0.0000000     0.0000000     0.0000000     0.0000000 
           8.            0.       19.0000       1.00447        5.4039        6.0099        4.9288        4.4089         0.018       31.7245     0.0334592     0.0000018     0.0000000     0.0000012     0.0000006     0.0000000     0.0000000     0.0000000     0.0000000     0.0000000 
           8.            0.       19.0000       1.00447        5.4040        6.0099        4.9288        4.4089         0.018       31.7244     0.0334586     0.0000018     0.0000000     0.0000012     0.0000006     0.0000000     0.0000000     0.0000000     0.0000000     0.0000000 
           9.            0.       19.0000       1.00446        5.4040        6.0099        4.9288        4.4089         0.018       31.7243     0.0334580     0.0000018     0.0000000     0.0000012     0.0000006     0.0000000     0.0000000     0.0000000     0.0000000     0.0000000 
          10.            0.       19.0000       1.00446        5.4040        6.0099        4.9288        4.4090         0.017       31.7242     0.0334575     0.0000018     0.0000000     0.0000012     0.0000006     0.0000000     0.0000000     0.0000000     0.0000000     0.0000000 
          10.            0.       19.0000       1.00446        5.4040        6.0099        4.9288        4.4090         0.017       31.7242     0.0334569     0.0000018     0.0000000     0.0000012     0.0000006     0.0000000     0.0000000     0.0000000     0.0000000     0.0000000 
          10.            0.       19.0000       1.00445        5.4040        6.0099        4.9289        4.4090         0.017       31.7241     0.0334563     0.0000018     0.0000000     0.0000012     0.0000006     0.0000000     0.0000000     0.0000000     0.0000000     0.0000000 
          11.            0.       19.0000       1.00445        5.4040        6.0099        4.9289        4.4091         0.017       31.7241     0.0334557     0.0000018     0.0000000     0.0000012     0.0000006     0.0000000     0.0000000     0.0000000     0.0000000     0.0000000 
          12.            0.       19.0000       1.00445        5.4040        6.0099        4.9289        4.4091         0.017       31.7240     0.0334551     0.0000018     0.0000000     0.0000012     0.0000006     0.0000000     0.0000000     0.0000000     0.0000000     0.0000000 
          12.            0.       19.0000       1.00445        5.4040        6.0099        4.9289        4.4091         0.017       31.7239     0.0334545     0.0000018     0.0000000     0.0000012     0.0000006     0.0000000     0.0000000     0.0000000     0.0000000     0.0000000 
          12.            0.       19.0000       1.00444        5.4040        6.0099        4.9289        4.4091         0.017       31.7238     0.0334540     0.0000018     0.0000000     0.0000012     0.0000006     0.0000000     0.0000000     0.0000000     0.0000000     0.0000000 
          13.            0.       19.0000       1.00444        5.4040        6.0099        4.9289        4.4092         0.017       31.7238     0.0334534     0.0000018     0.0000000     0.0000012     0.0000006     0.0000000     0.0000000     0.0000000     0.0000000     0.0000000 
          14.            0.       19.0000       1.00444        5.4040        6.0099        4.9290        4.4092         0.017       31.7237     0.0334528     0.0000018     0.0000000     0.0000012     0.0000006     0.0000000     0.0000000     0.0000000     0.0000000     0.0000000 
          14.            0.       19.0000       1.00443        5.4040        6.0099        4.9290        4.4092         0.017       31.7237     0.0334522     0.0000018     0.0000000     0.0000012     0.0000006     0.0000000     0.0000000     0.0000000     0.0000000     0.0000000 
          14.            0.       19.0000       1.00443        5.4040        6.0099        4.9290        4.4093         0.017       31.7236     0.0334516     0.0000018     0.0000000     0.0000012     0.0000006     0.0000000     0.0000000     0.0000000     0.0000000     0.0000000 
          15.            0.       19.0000       1.00443        5.4040        6.0099        4.9290        4.4093         0.017       31.7235     0.0334511     0.0000018     0.0000000     0.0000012     0.0000006     0.0000000     0.0000000     0.0000000     0.0000000     0.0000000 
          16.            0.       19.0000       1.00443        5.4041        6.0099        4.9290        4.4093         0.017       31.7234     0.0334505     0.0000018     0.0000000     0.0000012     0.0000006     0.0000000     0.0000000     0.0000000     0.0000000     0.0000000 
          16.            0.       19.0000       1.00442        5.4041        6.0099        4.9291        4.4094         0.017       31.7234     0.0334499     0.0000018     0.0000000     0.0000012     0.0000006     0.0000000     0.0000000     0.0000000     0.0000000     0.0000000 
          16.            0.       19.0000       1.00442        5.4041        6.0099        4.9291        4.4094         0.017       31.7233     0.0334493     0.0000018     0.0000000     0.0000012     0.0000006     0.0000000     0.0000000     0.0000000     0.0000000     0.0000000 
          17.            0.       19.0000       1.00442        5.4041        6.0099        4.9291        4.4094         0.017       31.7232     0.0334487     0.0000018     0.0000000     0.0000012     0.0000006     0.0000000     0.0000000     0.0000000     0.0000000     0.0000000 
          18.            0.       19.0000       1.00441        5.4041        6.0099        4.9291        4.4095         0.016       31.7232     0.0334482     0.0000018     0.0000000     0.0000012     0.0000006     0.0000000     0.0000000     0.0000000     0.0000000     0.0000000 
          18.            0.       19.0000       1.00441        5.4041        6.0099        4.9291        4.4095         0.016       31.7231     0.0334476     0.0000018     0.0000000     0.0000012     0.0000006     0.0000000     0.0000000     0.0000000     0.0000000     0.0000000 
          18.            0.       19.0000       1.00441        5.4041        6.0099        4.9291        4.4095         0.016       31.7231     0.0334470     0.0000018     0.0000000     0.0000012     0.0000006     0.0000000     0.0000000     0.0000000     0.0000000     0.0000000 
          19.            0.       19.0000       1.00441        5.4041        6.0099        4.9292        4.4096         0.016       31.7230     0.0334464     0.0000018     0.0000000     0.0000012     0.0000006     0.0000000     0.0000000     0.0000000     0.0000000     0.0000000 
          20.            0.       19.0000       1.00440        5.4041        6.0099        4.9292        4.4096         0.016       31.7230     0.0334458     0.0000018     0.0000000     0.0000012     0.0000006     0.0000000     0.0000000     0.0000000     0.0000000     0.0000000 
          20.            0.       19.0000       1.00440        5.4041        6.0099        4.9292        4.4096         0.016       31.7231     0.0334453     0.0000018     0.0000000     0.0000012     0.0000006     0.0000000     0.0000000     0.0000000     0.0000000     0.0000000 
          20.            0.       19.0000       1.00440        5.4041        6.0099        4.9292        4.4097         0.016       31.7235     0.0334447     0.0000018     0.0000000     0.0000012     0.0000006     0.0000000     0.0000000     0.0000000     0.0000000     0.0000000 
          21.            0.       19.0000       1.00386        5.4031        6.0096        4.9281        4.4085         0.017       31.6286     0.0334435     0.0000018     0.0000000     0.0000012     0.0000006     0.0000000     0.0000000     0.0000000     0.0000000     0.0000000 
          22.            0.       18.0000       0.99885        5.3966        6.0085        4.9195        4.3987         0.017       31.4098     0.0334965     0.0000020     0.0000000     0.0000014     0.0000006     0.0000000     0.0000000     0.0000000     0.0000000     0.0000000 
          22.            0.       17.0000       0.99324        5.3899        6.0076        4.9102        4.3878         0.018       31.1531     0.0335593     0.0000023     0.0000000     0.0000017     0.0000006     0.0000000     0.0000000     0.0000000     0.0000000     0.0000000 
          22.            0.       16.0000       0.98716        5.3832        6.0073        4.9005        4.3763         0.019       30.8579     0.0336345     0.0000026     0.0000000     0.0000020     0.0000006     0.0000000     0.0000000     0.0000000     0.0000000     0.0000000 
          23.            0.       15.0000       0.98071        5.3769        6.0076        4.8908        4.3644         0.020       30.5163     0.0337258     0.0000030     0.0000000     0.0000024     0.0000006     0.0000000     0.0000000     0.0000000     0.0000000     0.0000000 
          24.            0.       14.0000       0.97398        5.3715        6.0086        4.8814        4.3524         0.021       30.1255     0.0338369     0.0000035     0.0000000     0.0000029     0.0000006     0.0000000     0.0000000     0.0000000     0.0000000     0.0000000 
          24.            0.       13.0000       0.96706        5.3671        6.0103        4.8726        4.3406         0.022       29.6842     0.0339742     0.0000041     0.0000000     0.0000035     0.0000006     0.0000000     0.0000000     0.0000000     0.0000000     0.0000000 
          24.            0.       12.0000       0.96007        5.3642        6.0126        4.8650        4.3294         0.024       29.1938     0.0341448     0.0000048     0.0000000     0.0000042     0.0000006     0.0000000     0.0000000     0.0000000     0.0000000     0.0000000 
          25.            0.       11.0000       0.95316        5.3634        6.0155        4.8591        4.3194         0.025       28.6354     0.0343596     0.0000058     0.0000000     0.0000052     0.0000006     0.0000000     0.0000000     0.0000000     0.0000000     0.0000000 
          26.            0.       10.0000       0.94656        5.3652        6.0188        4.8556        4.3113         0.027       27.9993     0.0346337     0.0000070     0.0000000     0.0000064     0.0000006     0.0000000     0.0000000     0.0000000     0.0000000     0.0000000 
          26.            0.        9.0000       0.94056        5.3706        6.0225        4.8556        4.3060         0.029       27.2618     0.0349886     0.0000086     0.0000000     0.0000080     0.0000006     0.0000000     0.0000000     0.0000000     0.0000000     0.0000000 
          26.            0.        8.0000       0.93560        5.3805        6.0267        4.8605        4.3050         0.032       26.4128     0.0354587     0.0000107     0.0000000     0.0000101     0.0000007     0.0000000     0.0000000     0.0000000     0.0000000     0.0000000 
          27.            0.        7.0000       0.93236        5.3961        6.0312        4.8720        4.3102         0.035       25.4358     0.0361022     0.0000137     0.0000000     0.0000129     0.0000007     0.0000000     0.0000000     0.0000000     0.0000000     0.0000000 
          28.            0.        6.0000       0.93187        5.4187        6.0358        4.8927        4.3247         0.039       24.2860     0.0370097     0.0000179     0.0000000     0.0000171     0.0000008     0.0000000     0.0000000     0.0000000     0.0000000     0.0000000 
          28.            0.        5.0000       0.93584        5.4501        6.0408        4.9260        4.3534         0.043       22.9086     0.0383514     0.0000245     0.0000000     0.0000235     0.0000010     0.0000000     0.0000000     0.0000000     0.0000000     0.0000000 
          28.            0.        4.0000       0.94736        5.4923        6.0460        4.9779        4.4059         0.048       21.2683     0.0404498     0.0000355     0.0000000     0.0000341     0.0000013     0.0000000     0.0000000     0.0000000     0.0000000     0.0000000 
          29.            0.        3.0000       0.97246        5.5477        6.0512        5.0579        4.5025         0.050       19.1941     0.0440405     0.0000655     0.0000091     0.0000543     0.0000022     0.0000000     0.0000000     0.0000000     0.0000000     0.0000000 
          30.            0.        2.0000       1.02486        5.6167        6.0563        5.1749        4.6696         0.048       16.5331     0.0515143     0.0019836     0.0018764     0.0001020     0.0000052     0.0000000     0.0000000     0.0000000     0.0000000     0.0000000 
          30.            0.        1.0000       1.13970        5.6888        6.0613        5.3078        4.8821         0.039       14.4075     0.0738610     0.0305871     0.0302733     0.0002822     0.0000315     0.0000000     0.0000000     0.0000000     0.0000000     0.0000000 
          30.            0.        1.0000       1.10446        5.6952        6.0618        5.3198        4.9020         0.034       13.8994     0.0712939     0.0286669     0.0283758     0.0002652     0.0000259     0.0000000     0.0000000     0.0000000     0.0000000     0.0000000 
          31.            0.        1.0000       1.06910        5.7009        6.0622        5.3308        4.9207         0.037       13.8989     0.0687561     0.0268111     0.0265413     0.0002487     0.0000212     0.0000000     0.0000000     0.0000000     0.0000000     0.0000000 
          32.            0.        1.0000       1.03450        5.7063        6.0625        5.3413        4.9387         0.040       14.0615     0.0662960     0.0250599     0.0248097     0.0002330     0.0000173     0.0000000     0.0000000     0.0000000     0.0000000     0.0000000 
          32.            0.        1.0000       1.00223        5.7114        6.0629        5.3510        4.9556         0.044       14.2946     0.0640168     0.0220773     0.0218443     0.0002188     0.0000142     0.0000000     0.0000000     0.0000000     0.0000000     0.0000000 
          32.            0.        1.0000       0.97263        5.7161        6.0632        5.3601        4.9713         0.046       14.5548     0.0619383     0.0194917     0.0192738     0.0002061     0.0000118     0.0000000     0.0000000     0.0000000     0.0000000     0.0000000 
          33.            0.        1.0000       0.94560        5.7204        6.0635        5.3685        4.9857         0.048       14.8350     0.0600500     0.0172966     0.0170918     0.0001949     0.0000099     0.0000000     0.0000000     0.0000000     0.0000000     0.0000000 
          34.            0.        1.0000       0.92092        5.7245        6.0638        5.3762        4.9991         0.051       15.1295     0.0583332     0.0154269     0.0152335     0.0001850     0.0000084     0.0000000     0.0000000     0.0000000     0.0000000     0.0000000 
          34.            0.        1.0000       0.89832        5.7283        6.0641        5.3833        5.0114         0.053       15.4351     0.0567680     0.0138263     0.0136430     0.0001761     0.0000072     0.0000000     0.0000000     0.0000000     0.0000000     0.0000000 
          34.            0.        1.0000       0.87759        5.7318        6.0643        5.3900        5.0229         0.055       15.7495     0.0553367     0.0124487     0.0122744     0.0001681     0.0000062     0.0000000     0.0000000     0.0000000     0.0000000     0.0000000 
          35.            0.        1.0000       0.85850        5.7351        6.0646        5.3962        5.0336         0.057       16.0711     0.0540238     0.0112567     0.0110903     0.0001609     0.0000055     0.0000000     0.0000000     0.0000000     0.0000000     0.0000000 
          36.            0.        1.0000       0.84088        5.7382        6.0648        5.4020        5.0436         0.058       16.3985     0.0528155     0.0102200     0.0100608     0.0001544     0.0000048     0.0000000     0.0000000     0.0000000     0.0000000     0.0000000 
          36.            0.        1.0000       0.82457        5.7411        6.0650        5.4074        5.0530         0.060       16.7302     0.0517004     0.0093140     0.0091612     0.0001485     0.0000042     0.0000000     0.0000000     0.0000000     0.0000000     0.0000000 
          36.            0.        1.0000       0.80944        5.7438        6.0652        5.4125        5.0617         0.061       17.0654     0.0506684     0.0085186     0.0083716     0.0001432     0.0000038     0.0000000     0.0000000     0.0000000     0.0000000     0.0000000 
          37.            0.        1.0000       0.79536        5.7464        6.0655        5.4173        5.0700         0.062       17.4028     0.0497107     0.0078172     0.0076755     0.0001383     0.0000034     0.0000000     0.0000000     0.0000000     0.0000000     0.0000000 
          38.            0.        1.0000       0.78223        5.7489        6.0657        5.4219        5.0777         0.063       17.7418     0.0488198     0.0071962     0.0070594     0.0001338     0.0000031     0.0000000     0.0000000     0.0000000     0.0000000     0.0000000 
          38.            0.        1.0000       0.76997        5.7512        6.0658        5.4261        5.0851         0.064       18.0814     0.0479891     0.0066443     0.0065119     0.0001296     0.0000028     0.0000000     0.0000000     0.0000000     0.0000000     0.0000000 
          38.            0.        1.0000       0.75849        5.7534        6.0660        5.4302        5.0920         0.065       18.4212     0.0472128     0.0061520     0.0060236     0.0001258     0.0000025     0.0000000     0.0000000     0.0000000     0.0000000     0.0000000 
          39.            0.        1.0000       0.74771        5.7555        6.0662        5.4340        5.0986         0.066       18.7604     0.0464859     0.0057113     0.0055867     0.0001223     0.0000023     0.0000000     0.0000000     0.0000000     0.0000000     0.0000000 
          40.            0.        1.0000       0.73759        5.7575        6.0664        5.4377        5.1048         0.067       19.0986     0.0458038     0.0053155     0.0051943     0.0001190     0.0000021     0.0000000     0.0000000     0.0000000     0.0000000     0.0000000 
          40.            0.        1.0000       0.72805        5.7594        6.0665        5.4411        5.1107         0.067       19.4353     0.0451626     0.0049589     0.0048409     0.0001160     0.0000020     0.0000000     0.0000000     0.0000000     0.0000000     0.0000000 
          40.            0.        1.0000       0.71906        5.7612        6.0667        5.4445        5.1163         0.068       19.7703     0.0445587     0.0046367     0.0045217     0.0001132     0.0000018     0.0000000     0.0000000     0.0000000     0.0000000     0.0000000 
          41.            0.        1.0000       0.71056        5.7630        6.0668        5.4476        5.1217         0.068       20.1032     0.0439890     0.0043447     0.0042325     0.0001105     0.0000017     0.0000000     0.0000000     0.0000000     0.0000000     0.0000000 
          42.            0.        1.0000       0.70252        5.7647        6.0670        5.4506        5.1268         0.069       20.4337     0.0434506     0.0040794     0.0039697     0.0001080     0.0000016     0.0000000     0.0000000     0.0000000     0.0000000     0.0000000 
          42.            0.        1.0000       0.69490        5.7663        6.0671        5.4535        5.1317         0.069       20.7616     0.0429412     0.0038377     0.0037305     0.0001057     0.0000015     0.0000000     0.0000000     0.0000000     0.0000000     0.0000000 
          42.            0.        1.0000       0.68766        5.7678        6.0673        5.4562        5.1363         0.069       21.0867     0.0424583     0.0036169     0.0035120     0.0001036     0.0000014     0.0000000     0.0000000     0.0000000     0.0000000     0.0000000 
          43.            0.        1.0000       0.68079        5.7693        6.0674        5.4589        5.1408         0.070       21.4089     0.0420001     0.0034148     0.0033120     0.0001015     0.0000013     0.0000000     0.0000000     0.0000000     0.0000000     0.0000000 
          44.            0.        1.0000       0.67425        5.7707        6.0675        5.4614        5.1450         0.070       21.7280     0.0415645     0.0032294     0.0031286     0.0000996     0.0000012     0.0000000     0.0000000     0.0000000     0.0000000     0.0000000 
          44.            0.        1.0000       0.66802        5.7721        6.0677        5.4638        5.1491         0.070       22.0440     0.0411501     0.0030590     0.0029601     0.0000978     0.0000012     0.0000000     0.0000000     0.0000000     0.0000000     0.0000000 
          44.            0.        1.0000       0.66208        5.7734        6.0678        5.4661        5.1530         0.070       22.3567     0.0407552     0.0029019     0.0028048     0.0000960     0.0000011     0.0000000     0.0000000     0.0000000     0.0000000     0.0000000 
          45.            0.        1.0000       0.65641        5.7747        6.0679        5.4684        5.1567         0.070       22.6662     0.0403785     0.0027569     0.0026615     0.0000944     0.0000010     0.0000000     0.0000000     0.0000000     0.0000000     0.0000000 
          46.            0.        1.0000       0.65098        5.7759        6.0680        5.4705        5.1603         0.070       22.9724     0.0400188     0.0026228     0.0025289     0.0000929     0.0000010     0.0000000     0.0000000     0.0000000     0.0000000     0.0000000 
          46.            0.        1.0000       0.64579        5.7771        6.0681        5.4726        5.1638         0.070       23.2752     0.0396750     0.0024985     0.0024062     0.0000914     0.0000009     0.0000000     0.0000000     0.0000000     0.0000000     0.0000000 
          46.            0.        1.0000       0.64082        5.7782        6.0682        5.4746        5.1671         0.071       23.5746     0.0393459     0.0023831     0.0022922     0.0000900     0.0000009     0.0000000     0.0000000     0.0000000     0.0000000     0.0000000 
          47.            0.        1.0000       0.63605        5.7793        6.0683        5.4765        5.1703         0.071       23.8707     0.0390307     0.0022759     0.0021863     0.0000887     0.0000009     0.0000000     0.0000000     0.0000000     0.0000000     0.0000000 
          48.            0.        1.0000       0.63147        5.7804        6.0685        5.4784        5.1734         0.071       24.1634     0.0387284     0.0021759     0.0020877     0.0000874     0.0000008     0.0000000     0.0000000     0.0000000     0.0000000     0.0000000 
          48.            0.        1.0000       0.62708        5.7814        6.0686        5.4802        5.1763         0.071       24.4528     0.0384384     0.0020827     0.0019957     0.0000862     0.0000008     0.0000000     0.0000000     0.0000000     0.0000000     0.0000000 
          48.            0.        1.0000       0.62285        5.7824        6.0687        5.4819        5.1792         0.071       24.7389     0.0381597     0.0019957     0.0019098     0.0000851     0.0000008     0.0000000     0.0000000     0.0000000     0.0000000     0.0000000 
          49.            0.        1.0000       0.61878        5.7834        6.0688        5.4836        5.1819         0.071       25.0217     0.0378918     0.0019142     0.0018295     0.0000840     0.0000007     0.0000000     0.0000000     0.0000000     0.0000000     0.0000000 
          50.            0.        1.0000       0.61487        5.7843        6.0688        5.4852        5.1846         0.071       25.3012     0.0376341     0.0018379     0.0017543     0.0000829     0.0000007     0.0000000     0.0000000     0.0000000     0.0000000     0.0000000 
          50.            0.        1.0000       0.61109        5.7853        6.0689        5.4867        5.1872         0.071       25.5775     0.0373859     0.0017663     0.0016837     0.0000819     0.0000007     0.0000000     0.0000000     0.0000000     0.0000000     0.0000000 
          50.            0.        1.0000       0.60745        5.7861        6.0690        5.4882        5.1896         0.071       25.8507     0.0371468     0.0016990     0.0016174     0.0000809     0.0000006     0.0000000     0.0000000     0.0000000     0.0000000     0.0000000 
          51.            0.        1.0000       0.60394        5.7870        6.0691        5.4897        5.1920         0.071       26.1207     0.0369161     0.0016358     0.0015551     0.0000800     0.0000006     0.0000000     0.0000000     0.0000000     0.0000000     0.0000000 
          52.            0.        1.0000       0.60054        5.7878        6.0692        5.4911        5.1943         0.072       26.3875     0.0366936     0.0015762     0.0014965     0.0000791     0.0000006     0.0000000     0.0000000     0.0000000     0.0000000     0.0000000 
          52.            0.        1.0000       0.59726        5.7887        6.0693        5.4925        5.1965         0.072       26.6513     0.0364786     0.0015201     0.0014412     0.0000783     0.0000006     0.0000000     0.0000000     0.0000000     0.0000000     0.0000000 
          52.            0.        1.0000       0.59409        5.7894        6.0694        5.4938        5.1987         0.072       26.9122     0.0362709     0.0014671     0.0013891     0.0000774     0.0000006     0.0000000     0.0000000     0.0000000     0.0000000     0.0000000 
          53.            0.        1.0000       0.59102        5.7902        6.0694        5.4951        5.2008         0.072       27.1700     0.0360701     0.0014170     0.0013398     0.0000766     0.0000005     0.0000000     0.0000000     0.0000000     0.0000000     0.0000000 
          54.            0.        1.0000       0.58805        5.7910        6.0695        5.4963        5.2028         0.072       27.4249     0.0358758     0.0013696     0.0012932     0.0000759     0.0000005     0.0000000     0.0000000     0.0000000     0.0000000     0.0000000 
          54.            0.        1.0000       0.58517        5.7917        6.0696        5.4975        5.2047         0.073       27.6770     0.0356877     0.0013248     0.0012491     0.0000751     0.0000005     0.0000000     0.0000000     0.0000000     0.0000000     0.0000000 
          54.            0.        1.0000       0.58238        5.7924        6.0697        5.4987        5.2066         0.073       27.9263     0.0355055     0.0012823     0.0012074     0.0000744     0.0000005     0.0000000     0.0000000     0.0000000     0.0000000     0.0000000 
          55.            0.        1.0000       0.57967        5.7931        6.0698        5.4999        5.2084         0.073       28.1728     0.0353289     0.0012420     0.0011677     0.0000737     0.0000005     0.0000000     0.0000000     0.0000000     0.0000000     0.0000000 
          56.            0.        1.0000       0.57704        5.7938        6.0698        5.5010        5.2102         0.073       28.4166     0.0351577     0.0012037     0.0011301     0.0000731     0.0000005     0.0000000     0.0000000     0.0000000     0.0000000     0.0000000 
          56.            0.        1.0000       0.57449        5.7944        6.0699        5.5020        5.2119         0.074       28.6578     0.0349915     0.0011673     0.0010944     0.0000724     0.0000005     0.0000000     0.0000000     0.0000000     0.0000000     0.0000000 
          56.            0.        1.0000       0.57201        5.7950        6.0700        5.5031        5.2136         0.074       28.8963     0.0348303     0.0011327     0.0010604     0.0000718     0.0000004     0.0000000     0.0000000     0.0000000     0.0000000     0.0000000 
          57.            0.        1.0000       0.56960        5.7957        6.0700        5.5041        5.2152         0.075       29.1322     0.0346737     0.0010997     0.0010281     0.0000712     0.0000004     0.0000000     0.0000000     0.0000000     0.0000000     0.0000000 
          58.            0.        1.0000       0.56726        5.7963        6.0701        5.5051        5.2167         0.075       29.3657     0.0345215     0.0010684     0.0009973     0.0000706     0.0000004     0.0000000     0.0000000     0.0000000     0.0000000     0.0000000 
          58.            0.        1.0000       0.56498        5.7969        6.0702        5.5060        5.2182         0.075       29.5967     0.0343736     0.0010384     0.0009680     0.0000701     0.0000004     0.0000000     0.0000000     0.0000000     0.0000000     0.0000000 
          58.            0.        1.0000       0.56276        5.7974        6.0702        5.5070        5.2197         0.076       29.8252     0.0342297     0.0010099     0.0009399     0.0000695     0.0000004     0.0000000     0.0000000     0.0000000     0.0000000     0.0000000 
          59.            0.        1.0000       0.56060        5.7980        6.0703        5.5079        5.2211         0.076       30.0514     0.0340897     0.0009826     0.0009132     0.0000690     0.0000004     0.0000000     0.0000000     0.0000000     0.0000000     0.0000000 
          60.            0.        1.0000       0.55850        5.7985        6.0704        5.5087        5.2225         0.077       30.2752     0.0339535     0.0009565     0.0008877     0.0000685     0.0000004     0.0000000     0.0000000     0.0000000     0.0000000     0.0000000 
          60.            0.        1.0000       0.55645        5.7991        6.0704        5.5096        5.2238         0.077       30.4967     0.0338208     0.0009316     0.0008632     0.0000680     0.0000004     0.0000000     0.0000000     0.0000000     0.0000000     0.0000000 
          60.            0.        1.0000       0.55445        5.7996        6.0705        5.5104        5.2251         0.078       30.7161     0.0336915     0.0009077     0.0008399     0.0000675     0.0000004     0.0000000     0.0000000     0.0000000     0.0000000     0.0000000 
          61.            0.        1.0000       0.55250        5.8001        6.0705        5.5113        5.2264         0.079       30.9331     0.0335656     0.0008849     0.0008175     0.0000670     0.0000004     0.0000000     0.0000000     0.0000000     0.0000000     0.0000000 
          62.            0.        1.0000       0.55060        5.8006        6.0706        5.5121        5.2276         0.079       31.1481     0.0334427     0.0008630     0.0007961     0.0000666     0.0000004     0.0000000     0.0000000     0.0000000     0.0000000     0.0000000 
          62.            0.        1.0000       0.54875        5.8011        6.0707        5.5128        5.2289         0.080       31.3608     0.0333229     0.0008420     0.0007755     0.0000661     0.0000003     0.0000000     0.0000000     0.0000000     0.0000000     0.0000000 
          62.            0.        1.0000       0.54694        5.8016        6.0707        5.5136        5.2300         0.081       31.5716     0.0332061     0.0008219     0.0007558     0.0000657     0.0000003     0.0000000     0.0000000     0.0000000     0.0000000     0.0000000 
          63.            0.        1.0000       0.54517        5.8020        6.0708        5.5143        5.2312         0.081       31.7802     0.0330920     0.0008025     0.0007369     0.0000653     0.0000003     0.0000000     0.0000000     0.0000000     0.0000000     0.0000000 
          64.            0.        1.0000       0.54344        5.8025        6.0708        5.5151        5.2323         0.082       31.9869     0.0329806     0.0007840     0.0007188     0.0000649     0.0000003     0.0000000     0.0000000     0.0000000     0.0000000     0.0000000 
          64.            0.        1.0000       0.54175        5.8029        6.0709        5.5158        5.2333         0.083       32.1916     0.0328718     0.0007661     0.0007013     0.0000645     0.0000003     0.0000000     0.0000000     0.0000000     0.0000000     0.0000000 
          64.            0.        1.0000       0.54010        5.8034        6.0709        5.5164        5.2344         0.083       32.3944     0.0327656     0.0007489     0.0006846     0.0000641     0.0000003     0.0000000     0.0000000     0.0000000     0.0000000     0.0000000 
          65.            0.        1.0000       0.53849        5.8038        6.0710        5.5171        5.2354         0.084       32.5953     0.0326618     0.0007324     0.0006684     0.0000637     0.0000003     0.0000000     0.0000000     0.0000000     0.0000000     0.0000000 
          66.            0.        1.0000       0.53691        5.8042        6.0710        5.5178        5.2364         0.085       32.7944     0.0325603     0.0007165     0.0006529     0.0000633     0.0000003     0.0000000     0.0000000     0.0000000     0.0000000     0.0000000 
          66.            0.        1.0000       0.53536        5.8046        6.0711        5.5184        5.2374         0.086       32.9917     0.0324611     0.0007012     0.0006379     0.0000630     0.0000003     0.0000000     0.0000000     0.0000000     0.0000000     0.0000000 
          66.            0.        1.0000       0.53385        5.8050        6.0711        5.5190        5.2383         0.087       33.1873     0.0323641     0.0006864     0.0006235     0.0000626     0.0000003     0.0000000     0.0000000     0.0000000     0.0000000     0.0000000 
          67.            0.        1.0000       0.53238        5.8054        6.0712        5.5196        5.2392         0.088       33.3815     0.0322692     0.0006722     0.0006097     0.0000623     0.0000003     0.0000000     0.0000000     0.0000000     0.0000000     0.0000000 
          68.            0.        1.0000       0.53093        5.8058        6.0712        5.5202        5.2401         0.089       33.5750     0.0321766     0.0006585     0.0005963     0.0000619     0.0000003     0.0000000     0.0000000     0.0000000     0.0000000     0.0000000 
          68.            0.        1.0000       0.52952        5.8061        6.0713        5.5208        5.2410         0.090       33.7697     0.0320862     0.0006454     0.0005835     0.0000616     0.0000003     0.0000000     0.0000000     0.0000000     0.0000000     0.0000000 
          68.            0.        1.0000       0.52816        5.8065        6.0713        5.5214        5.2418         0.091       33.9712     0.0319989     0.0006328     0.0005713     0.0000613     0.0000003     0.0000000     0.0000000     0.0000000     0.0000000     0.0000000 
          69.            0.        1.0000       0.52689        5.8069        6.0714        5.5219        5.2427         0.092       34.1952     0.0319170     0.0006213     0.0005601     0.0000610     0.0000003     0.0000000     0.0000000     0.0000000     0.0000000     0.0000000 
          70.            0.        1.0000       0.52584        5.8072        6.0714        5.5226        5.2438         0.095       34.4744     0.0318476     0.0006119     0.0005508     0.0000607     0.0000003     0.0000000     0.0000000     0.0000000     0.0000000     0.0000000 
          70.            0.        1.0000       0.52778        5.8054        6.0711        5.5201        5.2408         0.113       35.5995     0.0319827     0.0006294     0.0005679     0.0000612     0.0000003     0.0000000     0.0000000     0.0000000     0.0000000     0.0000000 
          70.            0.        2.0000       0.46639        5.7571        6.0664        5.4393        5.1114         0.147       37.8275     0.0212072     0.0000216     0.0000000     0.0000216     0.0000000     0.0000000     0.0000000     0.0000000     0.0000000     0.0000000 
          71.            0.        3.0000       0.44235        5.7136        6.0618        5.3708        5.0102         0.171       39.3893     0.0174786     0.0000116     0.0000000     0.0000116     0.0000000     0.0000000     0.0000000     0.0000000     0.0000000     0.0000000 
          72.            0.        4.0000       0.42991        5.6778        6.0575        5.3201        4.9445         0.184       40.2379     0.0155908     0.0000074     0.0000000     0.0000074     0.0000000     0.0000000     0.0000000     0.0000000     0.0000000     0.0000000 
          72.            0.        5.0000       0.42261        5.6487        6.0534        5.2825        4.9009         0.191       40.5805     0.0144566     0.0000051     0.0000000     0.0000051     0.0000000     0.0000000     0.0000000     0.0000000     0.0000000     0.0000000 
          72.            0.        6.0000       0.41806        5.6248        6.0495        5.2539        4.8703         0.195       40.5848     0.0137115     0.0000037     0.0000000     0.0000037     0.0000000     0.0000000     0.0000000     0.0000000     0.0000000     0.0000000 
          73.            0.        7.0000       0.41516        5.6053        6.0458        5.2320        4.8481         0.197       40.3699     0.0131944     0.0000028     0.0000000     0.0000028     0.0000000     0.0000000     0.0000000     0.0000000     0.0000000     0.0000000 
          74.            0.        8.0000       0.41334        5.5893        6.0423        5.2151        4.8318         0.197       40.0161     0.0128214     0.0000021     0.0000000     0.0000021     0.0000000     0.0000000     0.0000000     0.0000000     0.0000000     0.0000000 
          74.            0.        9.0000       0.41227        5.5763        6.0389        5.2023        4.8200         0.196       39.5758     0.0125456     0.0000017     0.0000000     0.0000017     0.0000000     0.0000000     0.0000000     0.0000000     0.0000000     0.0000000 
          74.            0.       10.0000       0.41172        5.5659        6.0357        5.1926        4.8115         0.194       39.0824     0.0123376     0.0000013     0.0000000     0.0000013     0.0000000     0.0000000     0.0000000     0.0000000     0.0000000     0.0000000 
          75.            0.       11.0000       0.41153        5.5577        6.0327        5.1853        4.8056         0.193       38.5563     0.0121781     0.0000010     0.0000000     0.0000010     0.0000000     0.0000000     0.0000000     0.0000000     0.0000000     0.0000000 
          76.            0.       12.0000       0.41159        5.5511        6.0299        5.1801        4.8016         0.190       38.0090     0.0120546     0.0000008     0.0000000     0.0000008     0.0000000     0.0000000     0.0000000     0.0000000     0.0000000     0.0000000 
          76.            0.       13.0000       0.41179        5.5460        6.0273        5.1762        4.7990         0.188       37.4470     0.0119579     0.0000007     0.0000000     0.0000007     0.0000000     0.0000000     0.0000000     0.0000000     0.0000000     0.0000000 
          76.            0.       14.0000       0.41206        5.5418        6.0250        5.1733        4.7972         0.186       36.8735     0.0118817     0.0000006     0.0000000     0.0000006     0.0000000     0.0000000     0.0000000     0.0000000     0.0000000     0.0000000 
          77.            0.       15.0000       0.41234        5.5383        6.0229        5.1711        4.7959         0.184       36.2911     0.0118214     0.0000005     0.0000000     0.0000005     0.0000000     0.0000000     0.0000000     0.0000000     0.0000000     0.0000000 
          78.            0.       16.0000       0.41260        5.5352        6.0209        5.1692        4.7949         0.182       35.7034     0.0117732     0.0000004     0.0000000     0.0000004     0.0000000     0.0000000     0.0000000     0.0000000     0.0000000     0.0000000 
          78.            0.       17.0000       0.41282        5.5324        6.0190        5.1675        4.7939         0.180       35.1197     0.0117350     0.0000003     0.0000000     0.0000003     0.0000000     0.0000000     0.0000000     0.0000000     0.0000000     0.0000000 
          78.            0.       18.0000       0.41305        5.5298        6.0174        5.1660        4.7932         0.178       34.5656     0.0117050     0.0000003     0.0000000     0.0000003     0.0000000     0.0000000     0.0000000     0.0000000     0.0000000     0.0000000 
          79.            0.       19.0000       0.41338        5.5279        6.0161        5.1653        4.7931         0.177       34.0707     0.0116819     0.0000002     0.0000000     0.0000002     0.0000000     0.0000000     0.0000000     0.0000000     0.0000000     0.0000000 
          80.            0.       19.0000       0.41279        5.5254        6.0153        5.1625        4.7900         0.177       33.8372     0.0116798     0.0000002     0.0000000     0.0000002     0.0000000     0.0000000     0.0000000     0.0000000     0.0000000     0.0000000 
          80.            0.       19.0000       0.41281        5.5254        6.0153        5.1624        4.7898         0.178       33.8509     0.0116812     0.0000002     0.0000000     0.0000002     0.0000000     0.0000000     0.0000000     0.0000000     0.0000000     0.0000000 
          80.            0.       19.0000       0.41282        5.5253        6.0153        5.1623        4.7896         0.180       33.8560     0.0116825     0.0000002     0.0000000     0.0000002     0.0000000     0.0000000     0.0000000     0.0000000     0.0000000     0.0000000 
          81.            0.       19.0000       0.41282        5.5253        6.0153        5.1622        4.7894         0.181       33.8581     0.0116838     0.0000002     0.0000000     0.0000002     0.0000000     0.0000000     0.0000000     0.0000000     0.0000000     0.0000000 
          82.            0.       19.0000       0.41283        5.5252        6.0153        5.1620        4.7891         0.182       33.8593     0.0116851     0.0000002     0.0000000     0.0000002     0.0000000     0.0000000     0.0000000     0.0000000     0.0000000     0.0000000 
          82.            0.       19.0000       0.41283        5.5252        6.0153        5.1619        4.7889         0.184       33.8602     0.0116864     0.0000002     0.0000000     0.0000002     0.0000000     0.0000000     0.0000000     0.0000000     0.0000000     0.0000000 
          82.            0.       19.0000       0.41283        5.5251        6.0153        5.1618        4.7886         0.185       33.8609     0.0116877     0.0000002     0.0000000     0.0000002     0.0000000     0.0000000     0.0000000     0.0000000     0.0000000     0.0000000 
          83.            0.       19.0000       0.41284        5.5250        6.0153        5.1616        4.7884         0.187       33.8617     0.0116890     0.0000002     0.0000000     0.0000002     0.0000000     0.0000000     0.0000000     0.0000000     0.0000000     0.0000000 
          84.            0.       19.0000       0.41284        5.5250        6.0153        5.1615        4.7881         0.188       33.8624     0.0116903     0.0000002     0.0000000     0.0000002     0.0000000     0.0000000     0.0000000     0.0000000     0.0000000     0.0000000 
          84.            0.       19.0000       0.41285        5.5249        6.0153        5.1614        4.7879         0.190       33.8631     0.0116917     0.0000002     0.0000000     0.0000002     0.0000000     0.0000000     0.0000000     0.0000000     0.0000000     0.0000000 
          84.            0.       19.0000       0.41285        5.5249        6.0153        5.1612        4.7876         0.191       33.8639     0.0116930     0.0000002     0.0000000     0.0000002     0.0000000     0.0000000     0.0000000     0.0000000     0.0000000     0.0000000 
          85.            0.       19.0000       0.41285        5.5248        6.0153        5.1611        4.7873         0.193       33.8647     0.0116943     0.0000002     0.0000000     0.0000002     0.0000000     0.0000000     0.0000000     0.0000000     0.0000000     0.0000000 
          86.            0.       19.0000       0.41286        5.5248        6.0153        5.1610        4.7871         0.194       33.8654     0.0116957     0.0000002     0.0000000     0.0000002     0.0000000     0.0000000     0.0000000     0.0000000     0.0000000     0.0000000 
          86.            0.       19.0000       0.41286        5.5247        6.0153        5.1608        4.7868         0.196       33.8662     0.0116970     0.0000002     0.0000000     0.0000002     0.0000000     0.0000000     0.0000000     0.0000000     0.0000000     0.0000000 
          86.            0.       19.0000       0.41286        5.5246        6.0153        5.1607        4.7866         0.198       33.8670     0.0116984     0.0000002     0.0000000     0.0000002     0.0000000     0.0000000     0.0000000     0.0000000     0.0000000     0.0000000 
          87.            0.       19.0000       0.41287        5.5246        6.0153        5.1606        4.7863         0.199       33.8678     0.0116997     0.0000002     0.0000000     0.0000002     0.0000000     0.0000000     0.0000000     0.0000000     0.0000000     0.0000000 
          88.            0.       19.0000       0.41287        5.5245        6.0153        5.1604        4.7860         0.201       33.8686     0.0117011     0.0000002     0.0000000     0.0000002     0.0000000     0.0000000     0.0000000     0.0000000     0.0000000     0.0000000 
          88.            0.       19.0000       0.41287        5.5244        6.0153        5.1603        4.7858         0.203       33.8695     0.0117025     0.0000002     0.0000000     0.0000002     0.0000000     0.0000000     0.0000000     0.0000000     0.0000000     0.0000000 
          88.            0.       19.0000       0.41288        5.5244        6.0153        5.1601        4.7855         0.204       33.8703     0.0117039     0.0000002     0.0000000     0.0000002     0.0000000     0.0000000     0.0000000     0.0000000     0.0000000     0.0000000 
          89.            0.       19.0000       0.41288        5.5243        6.0153        5.1600        4.7852         0.206       33.8711     0.0117053     0.0000002     0.0000000     0.0000002     0.0000000     0.0000000     0.0000000     0.0000000     0.0000000     0.0000000 
          90.            0.       19.0000       0.41289        5.5243        6.0153        5.1599        4.7850         0.208       33.8720     0.0117067     0.0000002     0.0000000     0.0000002     0.0000000     0.0000000     0.0000000     0.0000000     0.0000000     0.0000000 
          90.            0.       19.0000       0.41289        5.5242        6.0153        5.1597        4.7847         0.209       33.8729     0.0117081     0.0000002     0.0000000     0.0000002     0.0000000     0.0000000     0.0000000     0.0000000     0.0000000     0.0000000 
          90.            0.       19.0000       0.41289        5.5241        6.0153        5.1596        4.7844         0.211       33.8737     0.0117095     0.0000002     0.0000000     0.0000002     0.0000000     0.0000000     0.0000000     0.0000000     0.0000000     0.0000000 
          91.            0.       19.0000       0.41290        5.5241        6.0153        5.1594        4.7842         0.213       33.8746     0.0117109     0.0000002     0.0000000     0.0000002     0.0000000     0.0000000     0.0000000     0.0000000     0.0000000     0.0000000 
          92.            0.       19.0000       0.41290        5.5240        6.0153        5.1593        4.7839         0.215       33.8755     0.0117124     0.0000002     0.0000000     0.0000002     0.0000000     0.0000000     0.0000000     0.0000000     0.0000000     0.0000000 
          92.            0.       19.0000       0.41291        5.5239        6.0153        5.1591        4.7836         0.217       33.8764     0.0117138     0.0000002     0.0000000     0.0000002     0.0000000     0.0000000     0.0000000     0.0000000     0.0000000     0.0000000 
          92.            0.       19.0000       0.41291        5.5239        6.0153        5.1590        4.7833         0.219       33.8773     0.0117153     0.0000002     0.0000000     0.0000002     0.0000000     0.0000000     0.0000000     0.0000000     0.0000000     0.0000000 
          93.            0.       19.0000       0.41291        5.5238        6.0153        5.1588        4.7830         0.220       33.8783     0.0117168     0.0000002     0.0000000     0.0000002     0.0000000     0.0000000     0.0000000     0.0000000     0.0000000     0.0000000 
          94.            0.       19.0000       0.41292        5.5237        6.0153        5.1587        4.7828         0.222       33.8792     0.0117182     0.0000002     0.0000000     0.0000002     0.0000000     0.0000000     0.0000000     0.0000000     0.0000000     0.0000000 
          94.            0.       19.0000       0.41292        5.5237        6.0153        5.1585        4.7825         0.224       33.8802     0.0117197     0.0000002     0.0000000     0.0000002     0.0000000     0.0000000     0.0000000     0.0000000     0.0000000     0.0000000 
          94.            0.       19.0000       0.41293        5.5236        6.0153        5.1584        4.7822         0.226       33.8811     0.0117212     0.0000002     0.0000000     0.0000002     0.0000000     0.0000000     0.0000000     0.0000000     0.0000000     0.0000000 
          95.            0.       19.0000       0.41293        5.5235        6.0153        5.1582        4.7819         0.228       33.8821     0.0117227     0.0000002     0.0000000     0.0000002     0.0000000     0.0000000     0.0000000     0.0000000     0.0000000     0.0000000 
          96.            0.       19.0000       0.41293        5.5235        6.0153        5.1581        4.7816         0.230       33.8831     0.0117242     0.0000002     0.0000000     0.0000002     0.0000000     0.0000000     0.0000000     0.0000000     0.0000000     0.0000000 
          96.            0.       19.0000       0.41294        5.5234        6.0153        5.1579        4.7813         0.232       33.8841     0.0117257     0.0000002     0.0000000     0.0000002     0.0000000     0.0000000     0.0000000     0.0000000     0.0000000     0.0000000 
          96.            0.       19.0000       0.41294        5.5233        6.0153        5.1578        4.7810         0.234       33.8851     0.0117272     0.0000002     0.0000000     0.0000002     0.0000000     0.0000000     0.0000000     0.0000000     0.0000000     0.0000000 
          97.            0.       19.0000       0.41295        5.5233        6.0153        5.1576        4.7808         0.236       33.8861     0.0117288     0.0000002     0.0000000     0.0000002     0.0000000     0.0000000     0.0000000     0.0000000     0.0000000     0.0000000 
          98.            0.       19.0000       0.41295        5.5232        6.0153        5.1575        4.7805         0.238       33.8872     0.0117303     0.0000002     0.0000000     0.0000002     0.0000000     0.0000000     0.0000000     0.0000000     0.0000000     0.0000000 
          98.            0.       19.0000       0.41296        5.5231        6.0153        5.1573        4.7802         0.240       33.8882     0.0117319     0.0000002     0.0000000     0.0000002     0.0000000     0.0000000     0.0000000     0.0000000     0.0000000     0.0000000 
          98.            0.       19.0000       0.41296        5.5231        6.0153        5.1572        4.7799         0.242       33.8892     0.0117334     0.0000002     0.0000000     0.0000002     0.0000000     0.0000000     0.0000000     0.0000000     0.0000000     0.0000000 
          99.            0.       19.0000       0.41297        5.5230        6.0153        5.1570        4.7796         0.245       33.8903     0.0117350     0.0000002     0.0000000     0.0000002     0.0000000     0.0000000     0.0000000     0.0000000     0.0000000     0.0000000 
         100.            0.       19.0000       0.41297        5.5229        6.0153        5.1568        4.7793         0.247       33.8914     0.0117366     0.0000002     0.0000000     0.0000002     0.0000000     0.0000000     0.0000000     0.0000000     0.0000000     0.0000000 
         100.            0.       19.0000       0.41298        5.5229        6.0153        5.1567        4.7790         0.249       33.8925     0.0117382     0.0000002     0.0000000     0.0000002     0.0000000     0.0000000     0.0000000     0.0000000     0.0000000     0.0000000 
