%
%
% Run:2017  Table:COMPGRID          SWAN version:41.10A
%
%       Xp            Yp            Depth         Hsig          Tm_10         TPsmoo        Tm01          Tm02          Dir           Dspr          Steepn        Dissip        Ssurf         Sfric         Swcap         Redist        Snl3          Snl4          Genera        Swind    
%       [m]           [m]           [m]           [m]           [sec]         [sec]         [sec]         [sec]         [degr]        [degr]        [ ]           [m2/s]        [m2/s]        [m2/s]        [m2/s]        [m2/s]        [m2/s]        [m2/s]        [m2/s]        [m2/s]   
%
           0.            0.       19.0000       1.25601        3.6030        4.0067        3.2862        2.9394         0.014       31.7917     0.0930970     0.0000001     0.0000000     0.0000000     0.0000001     0.0000000     0.0000000     0.0000000     0.0000000     0.0000000 
           0.            0.       19.0000       1.25574        3.6038        4.0067        3.2879        2.9424         0.013       31.7889     0.0928840     0.0000834     0.0000000     0.0000001     0.0000833     0.0000000     0.0000000     0.0000000     0.0000000     0.0000000 
           1.            0.       19.0000       1.25546        3.6045        4.0067        3.2896        2.9455         0.013       31.7861     0.0926725     0.0000831     0.0000000     0.0000001     0.0000830     0.0000000     0.0000000     0.0000000     0.0000000     0.0000000 
           2.            0.       19.0000       1.25519        3.6053        4.0067        3.2914        2.9485         0.013       31.7834     0.0924630     0.0000827     0.0000000     0.0000001     0.0000827     0.0000000     0.0000000     0.0000000     0.0000000     0.0000000 
           2.            0.       19.0000       1.25492        3.6060        4.0067        3.2931        2.9515         0.013       31.7807     0.0922556     0.0000824     0.0000000     0.0000001     0.0000823     0.0000000     0.0000000     0.0000000     0.0000000     0.0000000 
           2.            0.       19.0000       1.25465        3.6067        4.0068        3.2948        2.9545         0.013       31.7781     0.0920504     0.0000821     0.0000000     0.0000001     0.0000820     0.0000000     0.0000000     0.0000000     0.0000000     0.0000000 
           3.            0.       19.0000       1.25439        3.6075        4.0068        3.2964        2.9574         0.012       31.7755     0.0918473     0.0000818     0.0000000     0.0000001     0.0000817     0.0000000     0.0000000     0.0000000     0.0000000     0.0000000 
           4.            0.       19.0000       1.25412        3.6082        4.0068        3.2981        2.9603         0.012       31.7729     0.0916462     0.0000815     0.0000000     0.0000001     0.0000814     0.0000000     0.0000000     0.0000000     0.0000000     0.0000000 
           4.            0.       19.0000       1.25386        3.6089        4.0068        3.2997        2.9632         0.012       31.7704     0.0914474     0.0000811     0.0000000     0.0000001     0.0000811     0.0000000     0.0000000     0.0000000     0.0000000     0.0000000 
           4.            0.       19.0000       1.25360        3.6096        4.0068        3.3014        2.9661         0.012       31.7680     0.0912504     0.0000808     0.0000000     0.0000001     0.0000808     0.0000000     0.0000000     0.0000000     0.0000000     0.0000000 
           5.            0.       19.0000       1.25334        3.6103        4.0068        3.3030        2.9690         0.012       31.7656     0.0910555     0.0000805     0.0000000     0.0000001     0.0000805     0.0000000     0.0000000     0.0000000     0.0000000     0.0000000 
           6.            0.       19.0000       1.25308        3.6110        4.0068        3.3046        2.9718         0.012       31.7632     0.0908625     0.0000802     0.0000000     0.0000001     0.0000802     0.0000000     0.0000000     0.0000000     0.0000000     0.0000000 
           6.            0.       19.0000       1.25283        3.6117        4.0068        3.3062        2.9747         0.011       31.7609     0.0906714     0.0000799     0.0000000     0.0000001     0.0000799     0.0000000     0.0000000     0.0000000     0.0000000     0.0000000 
           6.            0.       19.0000       1.25257        3.6124        4.0068        3.3078        2.9775         0.011       31.7586     0.0904823     0.0000796     0.0000000     0.0000001     0.0000796     0.0000000     0.0000000     0.0000000     0.0000000     0.0000000 
           7.            0.       19.0000       1.25232        3.6131        4.0068        3.3094        2.9802         0.011       31.7563     0.0902949     0.0000794     0.0000000     0.0000001     0.0000793     0.0000000     0.0000000     0.0000000     0.0000000     0.0000000 
           8.            0.       19.0000       1.25207        3.6138        4.0068        3.3109        2.9830         0.011       31.7541     0.0901095     0.0000791     0.0000000     0.0000001     0.0000790     0.0000000     0.0000000     0.0000000     0.0000000     0.0000000 
           8.            0.       19.0000       1.25182        3.6144        4.0068        3.3125        2.9858         0.011       31.7519     0.0899257     0.0000788     0.0000000     0.0000001     0.0000787     0.0000000     0.0000000     0.0000000     0.0000000     0.0000000 
           8.            0.       19.0000       1.25157        3.6151        4.0068        3.3140        2.9885         0.011       31.7497     0.0897437     0.0000785     0.0000000     0.0000001     0.0000784     0.0000000     0.0000000     0.0000000     0.0000000     0.0000000 
           9.            0.       19.0000       1.25133        3.6158        4.0069        3.3155        2.9912         0.011       31.7476     0.0895635     0.0000782     0.0000000     0.0000001     0.0000781     0.0000000     0.0000000     0.0000000     0.0000000     0.0000000 
          10.            0.       19.0000       1.25108        3.6164        4.0069        3.3170        2.9939         0.010       31.7455     0.0893850     0.0000779     0.0000000     0.0000001     0.0000779     0.0000000     0.0000000     0.0000000     0.0000000     0.0000000 
          10.            0.       19.0000       1.25084        3.6171        4.0069        3.3185        2.9966         0.010       31.7435     0.0892082     0.0000777     0.0000000     0.0000001     0.0000776     0.0000000     0.0000000     0.0000000     0.0000000     0.0000000 
          10.            0.       19.0000       1.25060        3.6177        4.0069        3.3200        2.9992         0.010       31.7414     0.0890331     0.0000774     0.0000000     0.0000001     0.0000773     0.0000000     0.0000000     0.0000000     0.0000000     0.0000000 
          11.            0.       19.0000       1.25036        3.6183        4.0069        3.3215        3.0019         0.010       31.7395     0.0888595     0.0000771     0.0000000     0.0000001     0.0000771     0.0000000     0.0000000     0.0000000     0.0000000     0.0000000 
          12.            0.       19.0000       1.25012        3.6190        4.0069        3.3230        3.0045         0.010       31.7375     0.0886875     0.0000769     0.0000000     0.0000001     0.0000768     0.0000000     0.0000000     0.0000000     0.0000000     0.0000000 
          12.            0.       19.0000       1.24988        3.6196        4.0069        3.3244        3.0071         0.010       31.7355     0.0885172     0.0000766     0.0000000     0.0000001     0.0000765     0.0000000     0.0000000     0.0000000     0.0000000     0.0000000 
          12.            0.       19.0000       1.24965        3.6202        4.0069        3.3259        3.0097         0.009       31.7336     0.0883484     0.0000763     0.0000000     0.0000001     0.0000763     0.0000000     0.0000000     0.0000000     0.0000000     0.0000000 
          13.            0.       19.0000       1.24941        3.6209        4.0069        3.3273        3.0122         0.009       31.7317     0.0881812     0.0000761     0.0000000     0.0000001     0.0000760     0.0000000     0.0000000     0.0000000     0.0000000     0.0000000 
          14.            0.       19.0000       1.24918        3.6215        4.0069        3.3287        3.0148         0.009       31.7299     0.0880154     0.0000758     0.0000000     0.0000001     0.0000757     0.0000000     0.0000000     0.0000000     0.0000000     0.0000000 
          14.            0.       19.0000       1.24895        3.6221        4.0069        3.3301        3.0173         0.009       31.7280     0.0878511     0.0000756     0.0000000     0.0000001     0.0000755     0.0000000     0.0000000     0.0000000     0.0000000     0.0000000 
          14.            0.       19.0000       1.24872        3.6227        4.0069        3.3315        3.0199         0.009       31.7262     0.0876884     0.0000753     0.0000000     0.0000001     0.0000752     0.0000000     0.0000000     0.0000000     0.0000000     0.0000000 
          15.            0.       19.0000       1.24849        3.6233        4.0070        3.3329        3.0224         0.009       31.7244     0.0875271     0.0000751     0.0000000     0.0000001     0.0000750     0.0000000     0.0000000     0.0000000     0.0000000     0.0000000 
          16.            0.       19.0000       1.24826        3.6239        4.0070        3.3343        3.0248         0.009       31.7227     0.0873672     0.0000748     0.0000000     0.0000001     0.0000747     0.0000000     0.0000000     0.0000000     0.0000000     0.0000000 
          16.            0.       19.0000       1.24804        3.6245        4.0070        3.3357        3.0273         0.009       31.7209     0.0872087     0.0000746     0.0000000     0.0000001     0.0000745     0.0000000     0.0000000     0.0000000     0.0000000     0.0000000 
          16.            0.       19.0000       1.24781        3.6251        4.0070        3.3371        3.0298         0.008       31.7192     0.0870516     0.0000743     0.0000000     0.0000001     0.0000742     0.0000000     0.0000000     0.0000000     0.0000000     0.0000000 
          17.            0.       19.0000       1.24759        3.6257        4.0070        3.3384        3.0322         0.008       31.7175     0.0868958     0.0000741     0.0000000     0.0000001     0.0000740     0.0000000     0.0000000     0.0000000     0.0000000     0.0000000 
          18.            0.       19.0000       1.24737        3.6263        4.0070        3.3397        3.0346         0.008       31.7159     0.0867415     0.0000738     0.0000000     0.0000001     0.0000738     0.0000000     0.0000000     0.0000000     0.0000000     0.0000000 
          18.            0.       19.0000       1.24714        3.6269        4.0070        3.3411        3.0371         0.008       31.7142     0.0865884     0.0000736     0.0000000     0.0000001     0.0000735     0.0000000     0.0000000     0.0000000     0.0000000     0.0000000 
          18.            0.       19.0000       1.24692        3.6275        4.0070        3.3424        3.0394         0.008       31.7126     0.0864367     0.0000734     0.0000000     0.0000001     0.0000733     0.0000000     0.0000000     0.0000000     0.0000000     0.0000000 
          19.            0.       19.0000       1.24671        3.6280        4.0070        3.3437        3.0418         0.008       31.7110     0.0862864     0.0000731     0.0000000     0.0000001     0.0000731     0.0000000     0.0000000     0.0000000     0.0000000     0.0000000 
          20.            0.       19.0000       1.24649        3.6286        4.0070        3.3450        3.0442         0.008       31.7094     0.0861372     0.0000729     0.0000000     0.0000001     0.0000728     0.0000000     0.0000000     0.0000000     0.0000000     0.0000000 
          20.            0.       19.0000       1.24627        3.6292        4.0070        3.3463        3.0465         0.008       31.7078     0.0859893     0.0000727     0.0000000     0.0000001     0.0000726     0.0000000     0.0000000     0.0000000     0.0000000     0.0000000 
          20.            0.       19.0000       1.24606        3.6297        4.0070        3.3476        3.0489         0.007       31.7062     0.0858427     0.0000724     0.0000000     0.0000001     0.0000724     0.0000000     0.0000000     0.0000000     0.0000000     0.0000000 
          21.            0.       19.0000       1.24584        3.6303        4.0070        3.3489        3.0512         0.007       31.7047     0.0856974     0.0000722     0.0000000     0.0000001     0.0000722     0.0000000     0.0000000     0.0000000     0.0000000     0.0000000 
          22.            0.       19.0000       1.24563        3.6309        4.0071        3.3502        3.0535         0.007       31.7032     0.0855532     0.0000720     0.0000000     0.0000001     0.0000719     0.0000000     0.0000000     0.0000000     0.0000000     0.0000000 
          22.            0.       19.0000       1.24542        3.6314        4.0071        3.3514        3.0558         0.007       31.7017     0.0854102     0.0000718     0.0000000     0.0000001     0.0000717     0.0000000     0.0000000     0.0000000     0.0000000     0.0000000 
          22.            0.       19.0000       1.24521        3.6320        4.0071        3.3527        3.0581         0.007       31.7002     0.0852685     0.0000716     0.0000000     0.0000001     0.0000715     0.0000000     0.0000000     0.0000000     0.0000000     0.0000000 
          23.            0.       19.0000       1.24500        3.6325        4.0071        3.3539        3.0604         0.007       31.6987     0.0851278     0.0000713     0.0000000     0.0000001     0.0000713     0.0000000     0.0000000     0.0000000     0.0000000     0.0000000 
          24.            0.       19.0000       1.24479        3.6330        4.0071        3.3551        3.0626         0.007       31.6973     0.0849885     0.0000711     0.0000000     0.0000001     0.0000711     0.0000000     0.0000000     0.0000000     0.0000000     0.0000000 
          24.            0.       19.0000       1.24458        3.6336        4.0071        3.3564        3.0648         0.007       31.6959     0.0848502     0.0000709     0.0000000     0.0000001     0.0000708     0.0000000     0.0000000     0.0000000     0.0000000     0.0000000 
          24.            0.       19.0000       1.24438        3.6341        4.0071        3.3576        3.0671         0.007       31.6944     0.0847130     0.0000707     0.0000000     0.0000001     0.0000706     0.0000000     0.0000000     0.0000000     0.0000000     0.0000000 
          25.            0.       19.0000       1.24417        3.6346        4.0071        3.3588        3.0693         0.007       31.6930     0.0845769     0.0000705     0.0000000     0.0000001     0.0000704     0.0000000     0.0000000     0.0000000     0.0000000     0.0000000 
          26.            0.       19.0000       1.24397        3.6352        4.0071        3.3600        3.0715         0.006       31.6917     0.0844420     0.0000703     0.0000000     0.0000001     0.0000702     0.0000000     0.0000000     0.0000000     0.0000000     0.0000000 
          26.            0.       19.0000       1.24376        3.6357        4.0071        3.3612        3.0737         0.006       31.6903     0.0843082     0.0000701     0.0000000     0.0000001     0.0000700     0.0000000     0.0000000     0.0000000     0.0000000     0.0000000 
          26.            0.       19.0000       1.24356        3.6362        4.0071        3.3624        3.0758         0.006       31.6889     0.0841754     0.0000699     0.0000000     0.0000001     0.0000698     0.0000000     0.0000000     0.0000000     0.0000000     0.0000000 
          27.            0.       19.0000       1.24336        3.6367        4.0071        3.3636        3.0780         0.006       31.6876     0.0840437     0.0000697     0.0000000     0.0000001     0.0000696     0.0000000     0.0000000     0.0000000     0.0000000     0.0000000 
          28.            0.       19.0000       1.24316        3.6373        4.0071        3.3647        3.0801         0.006       31.6863     0.0839131     0.0000695     0.0000000     0.0000001     0.0000694     0.0000000     0.0000000     0.0000000     0.0000000     0.0000000 
          28.            0.       19.0000       1.24296        3.6378        4.0071        3.3659        3.0823         0.006       31.6850     0.0837835     0.0000693     0.0000000     0.0000001     0.0000692     0.0000000     0.0000000     0.0000000     0.0000000     0.0000000 
          28.            0.       19.0000       1.24276        3.6383        4.0072        3.3671        3.0844         0.006       31.6837     0.0836549     0.0000691     0.0000000     0.0000001     0.0000690     0.0000000     0.0000000     0.0000000     0.0000000     0.0000000 
          29.            0.       19.0000       1.24256        3.6388        4.0072        3.3682        3.0865         0.006       31.6824     0.0835273     0.0000689     0.0000000     0.0000001     0.0000688     0.0000000     0.0000000     0.0000000     0.0000000     0.0000000 
          30.            0.       19.0000       1.24237        3.6393        4.0072        3.3693        3.0886         0.006       31.6811     0.0834008     0.0000687     0.0000000     0.0000001     0.0000686     0.0000000     0.0000000     0.0000000     0.0000000     0.0000000 
          30.            0.       19.0000       1.24217        3.6398        4.0072        3.3705        3.0907         0.006       31.6799     0.0832752     0.0000685     0.0000000     0.0000001     0.0000684     0.0000000     0.0000000     0.0000000     0.0000000     0.0000000 
          30.            0.       19.0000       1.24198        3.6403        4.0072        3.3716        3.0928         0.006       31.6786     0.0831507     0.0000683     0.0000000     0.0000001     0.0000682     0.0000000     0.0000000     0.0000000     0.0000000     0.0000000 
          31.            0.       19.0000       1.24178        3.6408        4.0072        3.3727        3.0948         0.006       31.6774     0.0830271     0.0000681     0.0000000     0.0000001     0.0000680     0.0000000     0.0000000     0.0000000     0.0000000     0.0000000 
          32.            0.       19.0000       1.24159        3.6413        4.0072        3.3738        3.0969         0.005       31.6762     0.0829044     0.0000679     0.0000000     0.0000001     0.0000678     0.0000000     0.0000000     0.0000000     0.0000000     0.0000000 
          32.            0.       19.0000       1.24140        3.6418        4.0072        3.3749        3.0989         0.005       31.6750     0.0827827     0.0000677     0.0000000     0.0000001     0.0000676     0.0000000     0.0000000     0.0000000     0.0000000     0.0000000 
          32.            0.       19.0000       1.24121        3.6423        4.0072        3.3760        3.1009         0.005       31.6737     0.0826619     0.0000675     0.0000000     0.0000001     0.0000675     0.0000000     0.0000000     0.0000000     0.0000000     0.0000000 
          33.            0.       19.0000       1.24102        3.6427        4.0072        3.3771        3.1029         0.005       31.6726     0.0825421     0.0000673     0.0000000     0.0000001     0.0000673     0.0000000     0.0000000     0.0000000     0.0000000     0.0000000 
          34.            0.       19.0000       1.24083        3.6432        4.0072        3.3782        3.1049         0.005       31.6714     0.0824232     0.0000672     0.0000000     0.0000001     0.0000671     0.0000000     0.0000000     0.0000000     0.0000000     0.0000000 
          34.            0.       19.0000       1.24064        3.6437        4.0072        3.3793        3.1069         0.005       31.6703     0.0823052     0.0000670     0.0000000     0.0000001     0.0000669     0.0000000     0.0000000     0.0000000     0.0000000     0.0000000 
          34.            0.       19.0000       1.24046        3.6442        4.0072        3.3804        3.1089         0.005       31.6691     0.0821881     0.0000668     0.0000000     0.0000001     0.0000667     0.0000000     0.0000000     0.0000000     0.0000000     0.0000000 
          35.            0.       19.0000       1.24027        3.6446        4.0073        3.3814        3.1109         0.005       31.6680     0.0820719     0.0000666     0.0000000     0.0000001     0.0000665     0.0000000     0.0000000     0.0000000     0.0000000     0.0000000 
          36.            0.       19.0000       1.24008        3.6451        4.0073        3.3825        3.1128         0.005       31.6670     0.0819566     0.0000664     0.0000000     0.0000001     0.0000664     0.0000000     0.0000000     0.0000000     0.0000000     0.0000000 
          36.            0.       19.0000       1.23985        3.6455        4.0073        3.3835        3.1147         0.005       31.6594     0.0818422     0.0000662     0.0000000     0.0000001     0.0000662     0.0000000     0.0000000     0.0000000     0.0000000     0.0000000 
          36.            0.       18.0000       1.23901        3.6448        4.0070        3.3836        3.1158         0.005       31.6416     0.0817441     0.0000661     0.0000000     0.0000001     0.0000660     0.0000000     0.0000000     0.0000000     0.0000000     0.0000000 
          37.            0.       17.0000       1.23791        3.6439        4.0066        3.3833        3.1165         0.005       31.6166     0.0816490     0.0000660     0.0000000     0.0000001     0.0000658     0.0000000     0.0000000     0.0000000     0.0000000     0.0000000 
          38.            0.       16.0000       1.23648        3.6425        4.0060        3.3826        3.1168         0.005       31.5838     0.0815586     0.0000658     0.0000000     0.0000002     0.0000656     0.0000000     0.0000000     0.0000000     0.0000000     0.0000000 
          38.            0.       15.0000       1.23460        3.6406        4.0052        3.3815        3.1165         0.005       31.5402     0.0814739     0.0000657     0.0000000     0.0000003     0.0000654     0.0000000     0.0000000     0.0000000     0.0000000     0.0000000 
          38.            0.       14.0000       1.23212        3.6381        4.0041        3.3796        3.1156         0.005       31.4823     0.0813977     0.0000655     0.0000000     0.0000004     0.0000651     0.0000000     0.0000000     0.0000000     0.0000000     0.0000000 
          39.            0.       13.0000       1.22882        3.6349        4.0026        3.3770        3.1138         0.005       31.4053     0.0813283     0.0000654     0.0000000     0.0000006     0.0000648     0.0000000     0.0000000     0.0000000     0.0000000     0.0000000 
          40.            0.       12.0000       1.22444        3.6308        4.0008        3.3733        3.1108         0.005       31.2998     0.0812715     0.0000652     0.0000000     0.0000009     0.0000643     0.0000000     0.0000000     0.0000000     0.0000000     0.0000000 
          40.            0.       11.0000       1.21862        3.6258        3.9986        3.3683        3.1063         0.005       31.1606     0.0812285     0.0000651     0.0000000     0.0000013     0.0000638     0.0000000     0.0000000     0.0000000     0.0000000     0.0000000 
          40.            0.       10.0000       1.21099        3.6198        3.9962        3.3619        3.1001         0.005       30.9660     0.0812093     0.0000650     0.0000000     0.0000019     0.0000631     0.0000000     0.0000000     0.0000000     0.0000000     0.0000000 
          41.            0.        9.0000       1.20115        3.6128        3.9938        3.3538        3.0919         0.005       30.6984     0.0812260     0.0000651     0.0000000     0.0000029     0.0000622     0.0000000     0.0000000     0.0000000     0.0000000     0.0000000 
          42.            0.        8.0000       1.18878        3.6052        3.9921        3.3443        3.0817         0.006       30.3173     0.0813078     0.0000656     0.0000000     0.0000043     0.0000613     0.0000000     0.0000000     0.0000000     0.0000000     0.0000000 
          42.            0.        7.0000       1.17382        3.5978        3.9919        3.3340        3.0697         0.006       29.7784     0.0815047     0.0000670     0.0000000     0.0000065     0.0000605     0.0000000     0.0000000     0.0000000     0.0000000     0.0000000 
          42.            0.        6.0000       1.15667        3.5923        3.9939        3.3243        3.0573         0.007       29.0308     0.0819127     0.0000701     0.0000000     0.0000100     0.0000600     0.0000000     0.0000000     0.0000000     0.0000000     0.0000000 
          43.            0.        5.0000       1.13846        3.5913        3.9981        3.3179        3.0468         0.008       27.9978     0.0827179     0.0000765     0.0000000     0.0000157     0.0000607     0.0000000     0.0000000     0.0000000     0.0000000     0.0000000 
          44.            0.        4.0000       1.12156        3.5990        4.0039        3.3198        3.0431         0.010       26.5399     0.0843048     0.0000906     0.0000008     0.0000256     0.0000642     0.0000000     0.0000000     0.0000000     0.0000000     0.0000000 
          44.            0.        3.0000       1.11107        3.6220        4.0111        3.3388        3.0557         0.013       24.4662     0.0876218     0.0002686     0.0001490     0.0000447     0.0000750     0.0000000     0.0000000     0.0000000     0.0000000     0.0000000 
          44.            0.        2.0000       1.11617        3.6709        4.0192        3.3943        3.1109         0.015       21.3579     0.0950441     0.0058995     0.0056989     0.0000902     0.0001105     0.0000000     0.0000000     0.0000000     0.0000000     0.0000000 
          45.            0.        1.0000       1.16103        3.7528        4.0276        3.5152        3.2729         0.015       18.7145     0.1182955     0.0481294     0.0475377     0.0002569     0.0003349     0.0000000     0.0000000     0.0000000     0.0000000     0.0000000 
          46.            0.        1.0000       1.10072        3.7659        4.0287        3.5384        3.3106         0.015       18.0602     0.1107073     0.0429509     0.0424826     0.0002316     0.0002367     0.0000000     0.0000000     0.0000000     0.0000000     0.0000000 
          46.            0.        1.0000       1.04194        3.7790        4.0297        3.5617        3.3491         0.017       18.1166     0.1034525     0.0382226     0.0378486     0.0002082     0.0001658     0.0000000     0.0000000     0.0000000     0.0000000     0.0000000 
          46.            0.        1.0000       0.98905        3.7909        4.0306        3.5827        3.3840         0.020       18.4637     0.0970804     0.0313118     0.0310053     0.0001881     0.0001183     0.0000000     0.0000000     0.0000000     0.0000000     0.0000000 
          47.            0.        1.0000       0.94312        3.8013        4.0315        3.6009        3.4142         0.021       18.9516     0.0916750     0.0255423     0.0252838     0.0001715     0.0000870     0.0000000     0.0000000     0.0000000     0.0000000     0.0000000 
          48.            0.        1.0000       0.90358        3.8104        4.0322        3.6165        3.4398         0.022       19.5226     0.0871200     0.0211357     0.0209120     0.0001577     0.0000661     0.0000000     0.0000000     0.0000000     0.0000000     0.0000000 
          48.            0.        1.0000       0.86946        3.8183        4.0330        3.6299        3.4615         0.023       20.1479     0.0832631     0.0177347     0.0175368     0.0001463     0.0000516     0.0000000     0.0000000     0.0000000     0.0000000     0.0000000 
          48.            0.        1.0000       0.83985        3.8252        4.0336        3.6414        3.4800         0.024       20.8103     0.0799678     0.0150723     0.0148943     0.0001367     0.0000413     0.0000000     0.0000000     0.0000000     0.0000000     0.0000000 
          49.            0.        1.0000       0.81394        3.8313        4.0342        3.6514        3.4959         0.025       21.4985     0.0771243     0.0129577     0.0127953     0.0001286     0.0000338     0.0000000     0.0000000     0.0000000     0.0000000     0.0000000 
          50.            0.        1.0000       0.79111        3.8368        4.0348        3.6602        3.5096         0.026       22.2041     0.0746476     0.0112549     0.0111051     0.0001216     0.0000282     0.0000000     0.0000000     0.0000000     0.0000000     0.0000000 
          50.            0.        1.0000       0.77085        3.8417        4.0353        3.6679        3.5217         0.027       22.9208     0.0724720     0.0098662     0.0097268     0.0001156     0.0000239     0.0000000     0.0000000     0.0000000     0.0000000     0.0000000 
          50.            0.        1.0000       0.75275        3.8461        4.0357        3.6749        3.5323         0.029       23.6437     0.0705461     0.0087208     0.0085900     0.0001103     0.0000205     0.0000000     0.0000000     0.0000000     0.0000000     0.0000000 
          51.            0.        1.0000       0.73650        3.8501        4.0362        3.6811        3.5416         0.030       24.3689     0.0688298     0.0077661     0.0076426     0.0001057     0.0000179     0.0000000     0.0000000     0.0000000     0.0000000     0.0000000 
          52.            0.        1.0000       0.72182        3.8538        4.0366        3.6867        3.5500         0.031       25.0933     0.0672908     0.0069630     0.0068457     0.0001016     0.0000157     0.0000000     0.0000000     0.0000000     0.0000000     0.0000000 
          52.            0.        1.0000       0.70849        3.8571        4.0369        3.6918        3.5574         0.033       25.8149     0.0659036     0.0062816     0.0061697     0.0000979     0.0000140     0.0000000     0.0000000     0.0000000     0.0000000     0.0000000 
          52.            0.        1.0000       0.69635        3.8602        4.0373        3.6964        3.5641         0.035       26.5324     0.0646471     0.0056989     0.0055918     0.0000946     0.0000125     0.0000000     0.0000000     0.0000000     0.0000000     0.0000000 
          53.            0.        1.0000       0.68525        3.8631        4.0376        3.7006        3.5701         0.036       27.2461     0.0635043     0.0051974     0.0050944     0.0000917     0.0000113     0.0000000     0.0000000     0.0000000     0.0000000     0.0000000 
          54.            0.        1.0000       0.67507        3.8657        4.0379        3.7045        3.5755         0.039       27.9595     0.0624619     0.0047633     0.0046640     0.0000890     0.0000103     0.0000000     0.0000000     0.0000000     0.0000000     0.0000000 
          54.            0.        1.0000       0.66574        3.8682        4.0382        3.7081        3.5804         0.041       28.6847     0.0615106     0.0043869     0.0042908     0.0000866     0.0000094     0.0000000     0.0000000     0.0000000     0.0000000     0.0000000 
          54.            0.        1.0000       0.65730        3.8706        4.0385        3.7115        3.5850         0.044       29.4516     0.0606490     0.0040630     0.0039699     0.0000845     0.0000087     0.0000000     0.0000000     0.0000000     0.0000000     0.0000000 
          55.            0.        1.0000       0.65443        3.8718        4.0384        3.7139        3.5891         0.051       31.6280     0.0603134     0.0039550     0.0038628     0.0000838     0.0000084     0.0000000     0.0000000     0.0000000     0.0000000     0.0000000 
          56.            0.        2.0000       0.60363        3.8244        4.0313        3.6520        3.5126         0.063       35.0421     0.0433620     0.0000310     0.0000012     0.0000279     0.0000019     0.0000000     0.0000000     0.0000000     0.0000000     0.0000000 
          56.            0.        3.0000       0.59393        3.7922        4.0250        3.6153        3.4741         0.066       36.6059     0.0381140     0.0000150     0.0000000     0.0000139     0.0000011     0.0000000     0.0000000     0.0000000     0.0000000     0.0000000 
          56.            0.        4.0000       0.59459        3.7732        4.0199        3.5965        3.4566         0.066       37.0747     0.0358113     0.0000088     0.0000000     0.0000079     0.0000008     0.0000000     0.0000000     0.0000000     0.0000000     0.0000000 
          57.            0.        5.0000       0.59840        3.7633        4.0156        3.5884        3.4505         0.065       36.9546     0.0346393     0.0000056     0.0000000     0.0000049     0.0000007     0.0000000     0.0000000     0.0000000     0.0000000     0.0000000 
          58.            0.        6.0000       0.60304        3.7592        4.0124        3.5865        3.4502         0.065       36.5467     0.0340028     0.0000038     0.0000000     0.0000031     0.0000007     0.0000000     0.0000000     0.0000000     0.0000000     0.0000000 
          58.            0.        7.0000       0.60757        3.7584        4.0106        3.5877        3.4528         0.064       36.0272     0.0336481     0.0000027     0.0000000     0.0000020     0.0000007     0.0000000     0.0000000     0.0000000     0.0000000     0.0000000 
          58.            0.        8.0000       0.61157        3.7596        4.0100        3.5904        3.4565         0.063       35.5015     0.0334475     0.0000020     0.0000000     0.0000013     0.0000007     0.0000000     0.0000000     0.0000000     0.0000000     0.0000000 
          59.            0.        9.0000       0.61490        3.7616        4.0103        3.5935        3.4603         0.063       35.0278     0.0333323     0.0000015     0.0000000     0.0000009     0.0000007     0.0000000     0.0000000     0.0000000     0.0000000     0.0000000 
          60.            0.       10.0000       0.61757        3.7639        4.0110        3.5966        3.4637         0.063       34.6303     0.0332651     0.0000012     0.0000000     0.0000006     0.0000007     0.0000000     0.0000000     0.0000000     0.0000000     0.0000000 
          60.            0.       11.0000       0.61964        3.7662        4.0120        3.5993        3.4667         0.063       34.3111     0.0332238     0.0000010     0.0000000     0.0000004     0.0000007     0.0000000     0.0000000     0.0000000     0.0000000     0.0000000 
          60.            0.       12.0000       0.62121        3.7683        4.0130        3.6016        3.4690         0.063       34.0611     0.0331979     0.0000009     0.0000000     0.0000003     0.0000007     0.0000000     0.0000000     0.0000000     0.0000000     0.0000000 
          61.            0.       13.0000       0.62237        3.7701        4.0139        3.6035        3.4709         0.064       33.8676     0.0331800     0.0000008     0.0000000     0.0000002     0.0000007     0.0000000     0.0000000     0.0000000     0.0000000     0.0000000 
          62.            0.       14.0000       0.62322        3.7715        4.0146        3.6049        3.4723         0.065       33.7186     0.0331681     0.0000008     0.0000000     0.0000001     0.0000007     0.0000000     0.0000000     0.0000000     0.0000000     0.0000000 
          62.            0.       15.0000       0.62383        3.7727        4.0152        3.6061        3.4733         0.066       33.6038     0.0331590     0.0000007     0.0000000     0.0000001     0.0000007     0.0000000     0.0000000     0.0000000     0.0000000     0.0000000 
          62.            0.       16.0000       0.62426        3.7737        4.0157        3.6069        3.4740         0.067       33.5153     0.0331533     0.0000007     0.0000000     0.0000001     0.0000007     0.0000000     0.0000000     0.0000000     0.0000000     0.0000000 
          63.            0.       17.0000       0.62458        3.7744        4.0160        3.6075        3.4745         0.068       33.4478     0.0331497     0.0000007     0.0000000     0.0000000     0.0000007     0.0000000     0.0000000     0.0000000     0.0000000     0.0000000 
          64.            0.       18.0000       0.62481        3.7750        4.0162        3.6080        3.4748         0.069       33.3974     0.0331475     0.0000007     0.0000000     0.0000000     0.0000007     0.0000000     0.0000000     0.0000000     0.0000000     0.0000000 
          64.            0.       19.0000       0.62497        3.7755        4.0164        3.6084        3.4750         0.070       33.3602     0.0331457     0.0000007     0.0000000     0.0000000     0.0000007     0.0000000     0.0000000     0.0000000     0.0000000     0.0000000 
          64.            0.       19.0000       0.62492        3.7753        4.0163        3.6081        3.4747         0.071       33.3450     0.0331495     0.0000007     0.0000000     0.0000000     0.0000007     0.0000000     0.0000000     0.0000000     0.0000000     0.0000000 
          65.            0.       19.0000       0.62493        3.7753        4.0163        3.6080        3.4744         0.073       33.3470     0.0331540     0.0000007     0.0000000     0.0000000     0.0000007     0.0000000     0.0000000     0.0000000     0.0000000     0.0000000 
          66.            0.       19.0000       0.62493        3.7752        4.0163        3.6079        3.4742         0.074       33.3481     0.0331586     0.0000007     0.0000000     0.0000000     0.0000007     0.0000000     0.0000000     0.0000000     0.0000000     0.0000000 
          66.            0.       19.0000       0.62493        3.7752        4.0163        3.6078        3.4740         0.076       33.3490     0.0331632     0.0000007     0.0000000     0.0000000     0.0000007     0.0000000     0.0000000     0.0000000     0.0000000     0.0000000 
          66.            0.       19.0000       0.62494        3.7752        4.0163        3.6077        3.4738         0.077       33.3499     0.0331678     0.0000007     0.0000000     0.0000000     0.0000007     0.0000000     0.0000000     0.0000000     0.0000000     0.0000000 
          67.            0.       19.0000       0.62494        3.7751        4.0163        3.6076        3.4735         0.079       33.3507     0.0331725     0.0000007     0.0000000     0.0000000     0.0000007     0.0000000     0.0000000     0.0000000     0.0000000     0.0000000 
          68.            0.       19.0000       0.62495        3.7751        4.0163        3.6075        3.4733         0.080       33.3515     0.0331773     0.0000007     0.0000000     0.0000000     0.0000007     0.0000000     0.0000000     0.0000000     0.0000000     0.0000000 
          68.            0.       19.0000       0.62495        3.7750        4.0164        3.6074        3.4731         0.082       33.3524     0.0331821     0.0000007     0.0000000     0.0000000     0.0000007     0.0000000     0.0000000     0.0000000     0.0000000     0.0000000 
          68.            0.       19.0000       0.62496        3.7750        4.0164        3.6073        3.4728         0.083       33.3533     0.0331870     0.0000007     0.0000000     0.0000000     0.0000007     0.0000000     0.0000000     0.0000000     0.0000000     0.0000000 
          69.            0.       19.0000       0.62496        3.7749        4.0164        3.6072        3.4726         0.085       33.3543     0.0331919     0.0000007     0.0000000     0.0000000     0.0000007     0.0000000     0.0000000     0.0000000     0.0000000     0.0000000 
          70.            0.       19.0000       0.62497        3.7749        4.0164        3.6071        3.4723         0.087       33.3553     0.0331969     0.0000007     0.0000000     0.0000000     0.0000007     0.0000000     0.0000000     0.0000000     0.0000000     0.0000000 
          70.            0.       19.0000       0.62497        3.7748        4.0164        3.6069        3.4721         0.089       33.3563     0.0332019     0.0000007     0.0000000     0.0000000     0.0000007     0.0000000     0.0000000     0.0000000     0.0000000     0.0000000 
          70.            0.       19.0000       0.62498        3.7748        4.0164        3.6068        3.4718         0.091       33.3573     0.0332070     0.0000007     0.0000000     0.0000000     0.0000007     0.0000000     0.0000000     0.0000000     0.0000000     0.0000000 
          71.            0.       19.0000       0.62499        3.7747        4.0164        3.6067        3.4716         0.092       33.3584     0.0332121     0.0000007     0.0000000     0.0000000     0.0000007     0.0000000     0.0000000     0.0000000     0.0000000     0.0000000 
          72.            0.       19.0000       0.62499        3.7747        4.0164        3.6066        3.4713         0.094       33.3595     0.0332173     0.0000007     0.0000000     0.0000000     0.0000007     0.0000000     0.0000000     0.0000000     0.0000000     0.0000000 
          72.            0.       19.0000       0.62500        3.7746        4.0164        3.6065        3.4711         0.096       33.3606     0.0332225     0.0000007     0.0000000     0.0000000     0.0000007     0.0000000     0.0000000     0.0000000     0.0000000     0.0000000 
          72.            0.       19.0000       0.62500        3.7746        4.0164        3.6063        3.4708         0.098       33.3618     0.0332278     0.0000007     0.0000000     0.0000000     0.0000007     0.0000000     0.0000000     0.0000000     0.0000000     0.0000000 
          73.            0.       19.0000       0.62501        3.7745        4.0164        3.6062        3.4705         0.100       33.3630     0.0332332     0.0000007     0.0000000     0.0000000     0.0000007     0.0000000     0.0000000     0.0000000     0.0000000     0.0000000 
          74.            0.       19.0000       0.62502        3.7745        4.0164        3.6061        3.4703         0.102       33.3643     0.0332386     0.0000007     0.0000000     0.0000000     0.0000007     0.0000000     0.0000000     0.0000000     0.0000000     0.0000000 
          74.            0.       19.0000       0.62503        3.7744        4.0164        3.6060        3.4700         0.104       33.3655     0.0332440     0.0000007     0.0000000     0.0000000     0.0000007     0.0000000     0.0000000     0.0000000     0.0000000     0.0000000 
          74.            0.       19.0000       0.62503        3.7744        4.0164        3.6058        3.4698         0.107       33.3668     0.0332495     0.0000007     0.0000000     0.0000000     0.0000007     0.0000000     0.0000000     0.0000000     0.0000000     0.0000000 
          75.            0.       19.0000       0.62504        3.7743        4.0164        3.6057        3.4695         0.109       33.3682     0.0332550     0.0000007     0.0000000     0.0000000     0.0000007     0.0000000     0.0000000     0.0000000     0.0000000     0.0000000 
          76.            0.       19.0000       0.62505        3.7743        4.0164        3.6056        3.4692         0.111       33.3696     0.0332606     0.0000007     0.0000000     0.0000000     0.0000007     0.0000000     0.0000000     0.0000000     0.0000000     0.0000000 
          76.            0.       19.0000       0.62506        3.7742        4.0164        3.6055        3.4689         0.113       33.3710     0.0332662     0.0000007     0.0000000     0.0000000     0.0000007     0.0000000     0.0000000     0.0000000     0.0000000     0.0000000 
          76.            0.       19.0000       0.62506        3.7742        4.0164        3.6053        3.4687         0.116       33.3724     0.0332719     0.0000007     0.0000000     0.0000000     0.0000007     0.0000000     0.0000000     0.0000000     0.0000000     0.0000000 
          77.            0.       19.0000       0.62507        3.7741        4.0164        3.6052        3.4684         0.118       33.3739     0.0332776     0.0000007     0.0000000     0.0000000     0.0000007     0.0000000     0.0000000     0.0000000     0.0000000     0.0000000 
          78.            0.       19.0000       0.62508        3.7740        4.0164        3.6051        3.4681         0.121       33.3754     0.0332834     0.0000007     0.0000000     0.0000000     0.0000007     0.0000000     0.0000000     0.0000000     0.0000000     0.0000000 
          78.            0.       19.0000       0.62509        3.7740        4.0164        3.6049        3.4678         0.123       33.3770     0.0332892     0.0000007     0.0000000     0.0000000     0.0000007     0.0000000     0.0000000     0.0000000     0.0000000     0.0000000 
          78.            0.       19.0000       0.62510        3.7739        4.0164        3.6048        3.4676         0.126       33.3785     0.0332951     0.0000007     0.0000000     0.0000000     0.0000007     0.0000000     0.0000000     0.0000000     0.0000000     0.0000000 
          79.            0.       19.0000       0.62511        3.7739        4.0164        3.6046        3.4673         0.128       33.3802     0.0333010     0.0000007     0.0000000     0.0000000     0.0000007     0.0000000     0.0000000     0.0000000     0.0000000     0.0000000 
          80.            0.       19.0000       0.62512        3.7738        4.0164        3.6045        3.4670         0.131       33.3818     0.0333070     0.0000007     0.0000000     0.0000000     0.0000007     0.0000000     0.0000000     0.0000000     0.0000000     0.0000000 
          80.            0.       19.0000       0.62512        3.7737        4.0164        3.6044        3.4667         0.134       33.3835     0.0333130     0.0000007     0.0000000     0.0000000     0.0000007     0.0000000     0.0000000     0.0000000     0.0000000     0.0000000 
          80.            0.       19.0000       0.62513        3.7737        4.0164        3.6042        3.4664         0.136       33.3852     0.0333190     0.0000007     0.0000000     0.0000000     0.0000007     0.0000000     0.0000000     0.0000000     0.0000000     0.0000000 
          81.            0.       19.0000       0.62514        3.7736        4.0164        3.6041        3.4661         0.139       33.3870     0.0333251     0.0000007     0.0000000     0.0000000     0.0000007     0.0000000     0.0000000     0.0000000     0.0000000     0.0000000 
          82.            0.       19.0000       0.62515        3.7735        4.0164        3.6039        3.4658         0.142       33.3888     0.0333313     0.0000007     0.0000000     0.0000000     0.0000007     0.0000000     0.0000000     0.0000000     0.0000000     0.0000000 
          82.            0.       19.0000       0.62516        3.7735        4.0164        3.6038        3.4655         0.145       33.3906     0.0333375     0.0000007     0.0000000     0.0000000     0.0000007     0.0000000     0.0000000     0.0000000     0.0000000     0.0000000 
          82.            0.       19.0000       0.62517        3.7734        4.0164        3.6036        3.4652         0.148       33.3925     0.0333437     0.0000007     0.0000000     0.0000000     0.0000007     0.0000000     0.0000000     0.0000000     0.0000000     0.0000000 
          83.            0.       19.0000       0.62518        3.7733        4.0164        3.6035        3.4649         0.151       33.3943     0.0333500     0.0000007     0.0000000     0.0000000     0.0000007     0.0000000     0.0000000     0.0000000     0.0000000     0.0000000 
          84.            0.       19.0000       0.62520        3.7733        4.0164        3.6033        3.4646         0.154       33.3963     0.0333563     0.0000007     0.0000000     0.0000000     0.0000007     0.0000000     0.0000000     0.0000000     0.0000000     0.0000000 
          84.            0.       19.0000       0.62521        3.7732        4.0164        3.6032        3.4643         0.157       33.3982     0.0333627     0.0000007     0.0000000     0.0000000     0.0000007     0.0000000     0.0000000     0.0000000     0.0000000     0.0000000 
          84.            0.       19.0000       0.62522        3.7731        4.0164        3.6030        3.4640         0.160       33.4002     0.0333691     0.0000007     0.0000000     0.0000000     0.0000007     0.0000000     0.0000000     0.0000000     0.0000000     0.0000000 
          85.            0.       19.0000       0.62523        3.7731        4.0164        3.6029        3.4637         0.163       33.4022     0.0333756     0.0000007     0.0000000     0.0000000     0.0000007     0.0000000     0.0000000     0.0000000     0.0000000     0.0000000 
          86.            0.       19.0000       0.62524        3.7730        4.0164        3.6027        3.4634         0.167       33.4043     0.0333821     0.0000007     0.0000000     0.0000000     0.0000007     0.0000000     0.0000000     0.0000000     0.0000000     0.0000000 
          86.            0.       19.0000       0.62525        3.7729        4.0164        3.6026        3.4631         0.170       33.4064     0.0333887     0.0000007     0.0000000     0.0000000     0.0000007     0.0000000     0.0000000     0.0000000     0.0000000     0.0000000 
          86.            0.       19.0000       0.62526        3.7729        4.0164        3.6024        3.4628         0.173       33.4086     0.0333953     0.0000007     0.0000000     0.0000000     0.0000007     0.0000000     0.0000000     0.0000000     0.0000000     0.0000000 
          87.            0.       19.0000       0.62528        3.7728        4.0164        3.6023        3.4625         0.177       33.4107     0.0334019     0.0000007     0.0000000     0.0000000     0.0000007     0.0000000     0.0000000     0.0000000     0.0000000     0.0000000 
          88.            0.       19.0000       0.62529        3.7727        4.0164        3.6021        3.4622         0.180       33.4129     0.0334086     0.0000007     0.0000000     0.0000000     0.0000007     0.0000000     0.0000000     0.0000000     0.0000000     0.0000000 
          88.            0.       19.0000       0.62530        3.7726        4.0164        3.6020        3.4619         0.183       33.4152     0.0334154     0.0000007     0.0000000     0.0000000     0.0000007     0.0000000     0.0000000     0.0000000     0.0000000     0.0000000 
          88.            0.       19.0000       0.62531        3.7726        4.0164        3.6018        3.4616         0.187       33.4174     0.0334221     0.0000007     0.0000000     0.0000000     0.0000007     0.0000000     0.0000000     0.0000000     0.0000000     0.0000000 
          89.            0.       19.0000       0.62533        3.7725        4.0164        3.6016        3.4612         0.191       33.4197     0.0334290     0.0000007     0.0000000     0.0000000     0.0000007     0.0000000     0.0000000     0.0000000     0.0000000     0.0000000 
          90.            0.       19.0000       0.62534        3.7724        4.0164        3.6015        3.4609         0.194       33.4221     0.0334358     0.0000007     0.0000000     0.0000000     0.0000007     0.0000000     0.0000000     0.0000000     0.0000000     0.0000000 
          90.            0.       19.0000       0.62535        3.7723        4.0164        3.6013        3.4606         0.198       33.4244     0.0334427     0.0000007     0.0000000     0.0000000     0.0000007     0.0000000     0.0000000     0.0000000     0.0000000     0.0000000 
          90.            0.       19.0000       0.62537        3.7723        4.0164        3.6012        3.4603         0.202       33.4268     0.0334497     0.0000007     0.0000000     0.0000000     0.0000007     0.0000000     0.0000000     0.0000000     0.0000000     0.0000000 
          91.            0.       19.0000       0.62538        3.7722        4.0164        3.6010        3.4600         0.205       33.4292     0.0334566     0.0000007     0.0000000     0.0000000     0.0000007     0.0000000     0.0000000     0.0000000     0.0000000     0.0000000 
          92.            0.       19.0000       0.62539        3.7721        4.0164        3.6008        3.4596         0.209       33.4317     0.0334637     0.0000007     0.0000000     0.0000000     0.0000007     0.0000000     0.0000000     0.0000000     0.0000000     0.0000000 
          92.            0.       19.0000       0.62541        3.7720        4.0164        3.6007        3.4593         0.213       33.4342     0.0334707     0.0000007     0.0000000     0.0000000     0.0000007     0.0000000     0.0000000     0.0000000     0.0000000     0.0000000 
          92.            0.       19.0000       0.62542        3.7720        4.0164        3.6005        3.4590         0.217       33.4367     0.0334778     0.0000007     0.0000000     0.0000000     0.0000007     0.0000000     0.0000000     0.0000000     0.0000000     0.0000000 
          93.            0.       19.0000       0.62544        3.7719        4.0163        3.6003        3.4586         0.221       33.4393     0.0334850     0.0000007     0.0000000     0.0000000     0.0000007     0.0000000     0.0000000     0.0000000     0.0000000     0.0000000 
          94.            0.       19.0000       0.62545        3.7718        4.0163        3.6002        3.4583         0.225       33.4419     0.0334921     0.0000007     0.0000000     0.0000000     0.0000007     0.0000000     0.0000000     0.0000000     0.0000000     0.0000000 
          94.            0.       19.0000       0.62547        3.7717        4.0163        3.6000        3.4580         0.229       33.4445     0.0334994     0.0000007     0.0000000     0.0000000     0.0000007     0.0000000     0.0000000     0.0000000     0.0000000     0.0000000 
          94.            0.       19.0000       0.62548        3.7716        4.0163        3.5998        3.4576         0.233       33.4471     0.0335066     0.0000007     0.0000000     0.0000000     0.0000007     0.0000000     0.0000000     0.0000000     0.0000000     0.0000000 
          95.            0.       19.0000       0.62550        3.7716        4.0163        3.5997        3.4573         0.237       33.4498     0.0335139     0.0000007     0.0000000     0.0000000     0.0000007     0.0000000     0.0000000     0.0000000     0.0000000     0.0000000 
          96.            0.       19.0000       0.62551        3.7715        4.0163        3.5995        3.4570         0.241       33.4525     0.0335212     0.0000007     0.0000000     0.0000000     0.0000007     0.0000000     0.0000000     0.0000000     0.0000000     0.0000000 
          96.            0.       19.0000       0.62553        3.7714        4.0163        3.5993        3.4566         0.245       33.4553     0.0335286     0.0000007     0.0000000     0.0000000     0.0000007     0.0000000     0.0000000     0.0000000     0.0000000     0.0000000 
          96.            0.       19.0000       0.62554        3.7713        4.0163        3.5992        3.4563         0.250       33.4580     0.0335360     0.0000007     0.0000000     0.0000000     0.0000007     0.0000000     0.0000000     0.0000000     0.0000000     0.0000000 
          97.            0.       19.0000       0.62556        3.7712        4.0163        3.5990        3.4560         0.254       33.4608     0.0335434     0.0000007     0.0000000     0.0000000     0.0000007     0.0000000     0.0000000     0.0000000     0.0000000     0.0000000 
          98.            0.       19.0000       0.62557        3.7712        4.0163        3.5988        3.4556         0.258       33.4637     0.0335509     0.0000007     0.0000000     0.0000000     0.0000007     0.0000000     0.0000000     0.0000000     0.0000000     0.0000000 
          98.            0.       19.0000       0.62559        3.7711        4.0163        3.5986        3.4553         0.263       33.4665     0.0335584     0.0000007     0.0000000     0.0000000     0.0000007     0.0000000     0.0000000     0.0000000     0.0000000     0.0000000 
          98.            0.       19.0000       0.62561        3.7710        4.0163        3.5985        3.4549         0.267       33.4694     0.0335659     0.0000007     0.0000000     0.0000000     0.0000007     0.0000000     0.0000000     0.0000000     0.0000000     0.0000000 
          99.            0.       19.0000       0.62562        3.7709        4.0163        3.5983        3.4546         0.272       33.4723     0.0335735     0.0000007     0.0000000     0.0000000     0.0000007     0.0000000     0.0000000     0.0000000     0.0000000     0.0000000 
         100.            0.       19.0000       0.62564        3.7708        4.0163        3.5981        3.4543         0.276       33.4753     0.0335811     0.0000007     0.0000000     0.0000000     0.0000007     0.0000000     0.0000000     0.0000000     0.0000000     0.0000000 
         100.            0.       19.0000       0.62566        3.7707        4.0163        3.5979        3.4539         0.281       33.4783     0.0335887     0.0000007     0.0000000     0.0000000     0.0000007     0.0000000     0.0000000     0.0000000     0.0000000     0.0000000 
