%
%
% Run:2017  Table:COMPGRID          SWAN version:41.10A
%
%       Xp            Yp            Depth         Hsig          Tm_10         TPsmoo        Tm01          Tm02          Dir           Dspr          Steepn        Dissip        Ssurf         Sfric         Swcap         Redist        Snl3          Snl4          Genera        Swind    
%       [m]           [m]           [m]           [m]           [sec]         [sec]         [sec]         [sec]         [degr]        [degr]        [ ]           [m2/s]        [m2/s]        [m2/s]        [m2/s]        [m2/s]        [m2/s]        [m2/s]        [m2/s]        [m2/s]   
%
           0.            0.       21.0000       1.50563        1.8011        2.0033        1.6425        1.4690         0.000       31.5097     0.4466131     0.0000004     0.0000000     0.0000000     0.0000004     0.0000000     0.0000000     0.0000000     0.0000000     0.0000000 
           0.            0.       21.0000       1.37860        1.8933        2.0075        1.8135        1.7494         0.000       30.8976     0.2882929     0.0370465     0.0000000     0.0000000     0.0370465     0.0000000     0.0000000     0.0000000     0.0000000     0.0000000 
           1.            0.       21.0000       1.30353        1.9388        2.0109        1.8853        1.8558         0.000       30.5116     0.2422509     0.0180781     0.0000000     0.0000000     0.0180781     0.0000000     0.0000000     0.0000000     0.0000000     0.0000000 
           2.            0.       21.0000       1.25627        1.9615        2.0136        1.9151        1.8902         0.001       30.2591     0.2250389     0.0123358     0.0000000     0.0000000     0.0123358     0.0000000     0.0000000     0.0000000     0.0000000     0.0000000 
           2.            0.       21.0000       1.22221        1.9760        2.0158        1.9331        1.9106         0.001       30.0773     0.2142877     0.0095276     0.0000000     0.0000000     0.0095276     0.0000000     0.0000000     0.0000000     0.0000000     0.0000000 
           2.            0.       21.0000       1.19563        1.9862        2.0176        1.9455        1.9243         0.001       29.9330     0.2066495     0.0078472     0.0000000     0.0000000     0.0078472     0.0000000     0.0000000     0.0000000     0.0000000     0.0000000 
           3.            0.       21.0000       1.17364        1.9942        2.0192        1.9550        1.9347         0.001       29.8135     0.2006731     0.0066986     0.0000000     0.0000000     0.0066986     0.0000000     0.0000000     0.0000000     0.0000000     0.0000000 
           4.            0.       21.0000       1.15475        2.0008        2.0206        1.9627        1.9431         0.001       29.7115     0.1957388     0.0058520     0.0000000     0.0000000     0.0058520     0.0000000     0.0000000     0.0000000     0.0000000     0.0000000 
           4.            0.       21.0000       1.13814        2.0065        2.0218        1.9692        1.9502         0.001       29.6215     0.1915259     0.0051973     0.0000000     0.0000000     0.0051973     0.0000000     0.0000000     0.0000000     0.0000000     0.0000000 
           4.            0.       21.0000       1.12327        2.0114        2.0230        1.9749        1.9563         0.001       29.5406     0.1878429     0.0046733     0.0000000     0.0000000     0.0046733     0.0000000     0.0000000     0.0000000     0.0000000     0.0000000 
           5.            0.       21.0000       1.10980        2.0159        2.0241        1.9799        1.9617         0.001       29.4671     0.1845681     0.0042431     0.0000000     0.0000000     0.0042431     0.0000000     0.0000000     0.0000000     0.0000000     0.0000000 
           6.            0.       21.0000       1.09746        2.0199        2.0250        1.9844        1.9666         0.001       29.3995     0.1816195     0.0038832     0.0000000     0.0000000     0.0038832     0.0000000     0.0000000     0.0000000     0.0000000     0.0000000 
           6.            0.       21.0000       1.08609        2.0235        2.0260        1.9885        1.9709         0.001       29.3370     0.1789383     0.0035773     0.0000000     0.0000000     0.0035773     0.0000000     0.0000000     0.0000000     0.0000000     0.0000000 
           6.            0.       21.0000       1.07553        2.0268        2.0268        1.9923        1.9749         0.001       29.2788     0.1764809     0.0033141     0.0000000     0.0000000     0.0033141     0.0000000     0.0000000     0.0000000     0.0000000     0.0000000 
           7.            0.       21.0000       1.06568        2.0299        2.0277        1.9957        1.9786         0.001       29.2244     0.1742139     0.0030852     0.0000000     0.0000000     0.0030852     0.0000000     0.0000000     0.0000000     0.0000000     0.0000000 
           8.            0.       21.0000       1.05645        2.0328        2.0284        1.9989        1.9820         0.001       29.1732     0.1721106     0.0028842     0.0000000     0.0000000     0.0028842     0.0000000     0.0000000     0.0000000     0.0000000     0.0000000 
           8.            0.       21.0000       1.04777        2.0355        2.0292        2.0019        1.9852         0.001       29.1251     0.1701500     0.0027064     0.0000000     0.0000000     0.0027064     0.0000000     0.0000000     0.0000000     0.0000000     0.0000000 
           8.            0.       21.0000       1.03957        2.0381        2.0299        2.0047        1.9882         0.001       29.0795     0.1683146     0.0025481     0.0000000     0.0000000     0.0025481     0.0000000     0.0000000     0.0000000     0.0000000     0.0000000 
           9.            0.       21.0000       1.03181        2.0405        2.0305        2.0074        1.9910         0.001       29.0363     0.1665901     0.0024061     0.0000000     0.0000000     0.0024061     0.0000000     0.0000000     0.0000000     0.0000000     0.0000000 
          10.            0.       21.0000       1.02443        2.0427        2.0312        2.0099        1.9936         0.001       28.9952     0.1649643     0.0022782     0.0000000     0.0000000     0.0022782     0.0000000     0.0000000     0.0000000     0.0000000     0.0000000 
          10.            0.       21.0000       1.01742        2.0449        2.0318        2.0122        1.9961         0.001       28.9560     0.1634271     0.0021622     0.0000000     0.0000000     0.0021622     0.0000000     0.0000000     0.0000000     0.0000000     0.0000000 
          10.            0.       21.0000       1.01072        2.0469        2.0323        2.0145        1.9984         0.001       28.9186     0.1619700     0.0020568     0.0000000     0.0000000     0.0020568     0.0000000     0.0000000     0.0000000     0.0000000     0.0000000 
          11.            0.       21.0000       1.00432        2.0489        2.0329        2.0166        2.0007         0.001       28.8827     0.1605850     0.0019604     0.0000000     0.0000000     0.0019604     0.0000000     0.0000000     0.0000000     0.0000000     0.0000000 
          12.            0.       21.0000       0.99819        2.0508        2.0335        2.0186        2.0028         0.001       28.8484     0.1592661     0.0018721     0.0000000     0.0000000     0.0018721     0.0000000     0.0000000     0.0000000     0.0000000     0.0000000 
          12.            0.       21.0000       0.99231        2.0526        2.0340        2.0205        2.0048         0.001       28.8155     0.1580074     0.0017907     0.0000000     0.0000000     0.0017907     0.0000000     0.0000000     0.0000000     0.0000000     0.0000000 
          12.            0.       21.0000       0.98666        2.0543        2.0345        2.0224        2.0068         0.002       28.7838     0.1568038     0.0017157     0.0000000     0.0000000     0.0017157     0.0000000     0.0000000     0.0000000     0.0000000     0.0000000 
          13.            0.       21.0000       0.98123        2.0559        2.0350        2.0242        2.0086         0.002       28.7533     0.1556511     0.0016462     0.0000000     0.0000000     0.0016462     0.0000000     0.0000000     0.0000000     0.0000000     0.0000000 
          14.            0.       21.0000       0.97599        2.0575        2.0354        2.0259        2.0104         0.002       28.7239     0.1545455     0.0015817     0.0000000     0.0000000     0.0015817     0.0000000     0.0000000     0.0000000     0.0000000     0.0000000 
          14.            0.       21.0000       0.97093        2.0590        2.0359        2.0275        2.0121         0.002       28.6955     0.1534832     0.0015216     0.0000000     0.0000000     0.0015216     0.0000000     0.0000000     0.0000000     0.0000000     0.0000000 
          14.            0.       21.0000       0.96605        2.0605        2.0363        2.0291        2.0138         0.002       28.6681     0.1524613     0.0014656     0.0000000     0.0000000     0.0014656     0.0000000     0.0000000     0.0000000     0.0000000     0.0000000 
          15.            0.       21.0000       0.96133        2.0619        2.0368        2.0306        2.0154         0.002       28.6416     0.1514770     0.0014132     0.0000000     0.0000000     0.0014132     0.0000000     0.0000000     0.0000000     0.0000000     0.0000000 
          16.            0.       21.0000       0.95677        2.0633        2.0372        2.0321        2.0169         0.002       28.6160     0.1505279     0.0013642     0.0000000     0.0000000     0.0013642     0.0000000     0.0000000     0.0000000     0.0000000     0.0000000 
          16.            0.       21.0000       0.95234        2.0647        2.0376        2.0335        2.0184         0.002       28.5911     0.1496115     0.0013181     0.0000000     0.0000000     0.0013181     0.0000000     0.0000000     0.0000000     0.0000000     0.0000000 
          16.            0.       21.0000       0.94805        2.0659        2.0380        2.0349        2.0198         0.002       28.5670     0.1487258     0.0012748     0.0000000     0.0000000     0.0012748     0.0000000     0.0000000     0.0000000     0.0000000     0.0000000 
          17.            0.       21.0000       0.94389        2.0672        2.0384        2.0362        2.0212         0.002       28.5436     0.1478690     0.0012341     0.0000000     0.0000000     0.0012341     0.0000000     0.0000000     0.0000000     0.0000000     0.0000000 
          18.            0.       21.0000       0.93984        2.0684        2.0388        2.0375        2.0226         0.002       28.5208     0.1470394     0.0011956     0.0000000     0.0000000     0.0011956     0.0000000     0.0000000     0.0000000     0.0000000     0.0000000 
          18.            0.       21.0000       0.93591        2.0696        2.0391        2.0388        2.0239         0.002       28.4988     0.1462354     0.0011592     0.0000000     0.0000000     0.0011592     0.0000000     0.0000000     0.0000000     0.0000000     0.0000000 
          18.            0.       21.0000       0.93209        2.0708        2.0395        2.0400        2.0251         0.002       28.4773     0.1454556     0.0011248     0.0000000     0.0000000     0.0011248     0.0000000     0.0000000     0.0000000     0.0000000     0.0000000 
          19.            0.       21.0000       0.92837        2.0719        2.0398        2.0412        2.0264         0.002       28.4564     0.1446985     0.0010922     0.0000000     0.0000000     0.0010922     0.0000000     0.0000000     0.0000000     0.0000000     0.0000000 
          20.            0.       21.0000       0.92474        2.0730        2.0402        2.0424        2.0276         0.002       28.4360     0.1439630     0.0010613     0.0000000     0.0000000     0.0010613     0.0000000     0.0000000     0.0000000     0.0000000     0.0000000 
          20.            0.       21.0000       0.92121        2.0741        2.0405        2.0435        2.0287         0.002       28.4162     0.1432481     0.0010319     0.0000000     0.0000000     0.0010319     0.0000000     0.0000000     0.0000000     0.0000000     0.0000000 
          20.            0.       21.0000       0.91776        2.0751        2.0408        2.0446        2.0299         0.002       28.3969     0.1425526     0.0010039     0.0000000     0.0000000     0.0010039     0.0000000     0.0000000     0.0000000     0.0000000     0.0000000 
          21.            0.       21.0000       0.91440        2.0761        2.0412        2.0457        2.0310         0.002       28.3781     0.1418757     0.0009773     0.0000000     0.0000000     0.0009773     0.0000000     0.0000000     0.0000000     0.0000000     0.0000000 
          22.            0.       21.0000       0.91112        2.0771        2.0415        2.0467        2.0321         0.002       28.3596     0.1412163     0.0009520     0.0000000     0.0000000     0.0009520     0.0000000     0.0000000     0.0000000     0.0000000     0.0000000 
          22.            0.       21.0000       0.90791        2.0781        2.0418        2.0477        2.0331         0.002       28.3417     0.1405737     0.0009277     0.0000000     0.0000000     0.0009277     0.0000000     0.0000000     0.0000000     0.0000000     0.0000000 
          22.            0.       21.0000       0.90478        2.0790        2.0421        2.0487        2.0341         0.002       28.3242     0.1399470     0.0009046     0.0000000     0.0000000     0.0009046     0.0000000     0.0000000     0.0000000     0.0000000     0.0000000 
          23.            0.       21.0000       0.90172        2.0800        2.0424        2.0497        2.0352         0.002       28.3070     0.1393355     0.0008825     0.0000000     0.0000000     0.0008825     0.0000000     0.0000000     0.0000000     0.0000000     0.0000000 
          24.            0.       21.0000       0.89872        2.0809        2.0427        2.0507        2.0361         0.002       28.2903     0.1387388     0.0008614     0.0000000     0.0000000     0.0008614     0.0000000     0.0000000     0.0000000     0.0000000     0.0000000 
          24.            0.       21.0000       0.89579        2.0818        2.0430        2.0516        2.0371         0.002       28.2739     0.1381559     0.0008411     0.0000000     0.0000000     0.0008411     0.0000000     0.0000000     0.0000000     0.0000000     0.0000000 
          24.            0.       21.0000       0.89292        2.0826        2.0432        2.0525        2.0380         0.002       28.2579     0.1375864     0.0008217     0.0000000     0.0000000     0.0008217     0.0000000     0.0000000     0.0000000     0.0000000     0.0000000 
          25.            0.       21.0000       0.89011        2.0835        2.0435        2.0534        2.0390         0.002       28.2422     0.1370297     0.0008031     0.0000000     0.0000000     0.0008031     0.0000000     0.0000000     0.0000000     0.0000000     0.0000000 
          26.            0.       21.0000       0.88736        2.0843        2.0438        2.0543        2.0399         0.002       28.2268     0.1364853     0.0007852     0.0000000     0.0000000     0.0007852     0.0000000     0.0000000     0.0000000     0.0000000     0.0000000 
          26.            0.       21.0000       0.88466        2.0852        2.0441        2.0551        2.0407         0.002       28.2118     0.1359526     0.0007680     0.0000000     0.0000000     0.0007680     0.0000000     0.0000000     0.0000000     0.0000000     0.0000000 
          26.            0.       21.0000       0.88201        2.0860        2.0443        2.0560        2.0416         0.002       28.1971     0.1354313     0.0007515     0.0000000     0.0000000     0.0007515     0.0000000     0.0000000     0.0000000     0.0000000     0.0000000 
          27.            0.       21.0000       0.87942        2.0868        2.0446        2.0568        2.0424         0.002       28.1827     0.1349208     0.0007356     0.0000000     0.0000000     0.0007356     0.0000000     0.0000000     0.0000000     0.0000000     0.0000000 
          28.            0.       21.0000       0.87687        2.0875        2.0448        2.0576        2.0433         0.002       28.1685     0.1344208     0.0007203     0.0000000     0.0000000     0.0007203     0.0000000     0.0000000     0.0000000     0.0000000     0.0000000 
          28.            0.       21.0000       0.87437        2.0883        2.0451        2.0584        2.0441         0.002       28.1547     0.1339309     0.0007055     0.0000000     0.0000000     0.0007055     0.0000000     0.0000000     0.0000000     0.0000000     0.0000000 
          28.            0.       21.0000       0.87192        2.0891        2.0453        2.0592        2.0449         0.002       28.1411     0.1334507     0.0006913     0.0000000     0.0000000     0.0006913     0.0000000     0.0000000     0.0000000     0.0000000     0.0000000 
          29.            0.       21.0000       0.86951        2.0898        2.0456        2.0599        2.0457         0.003       28.1277     0.1329798     0.0006776     0.0000000     0.0000000     0.0006776     0.0000000     0.0000000     0.0000000     0.0000000     0.0000000 
          30.            0.       21.0000       0.86715        2.0905        2.0458        2.0607        2.0465         0.003       28.1147     0.1325180     0.0006644     0.0000000     0.0000000     0.0006644     0.0000000     0.0000000     0.0000000     0.0000000     0.0000000 
          30.            0.       21.0000       0.86482        2.0912        2.0460        2.0614        2.0472         0.003       28.1018     0.1320648     0.0006516     0.0000000     0.0000000     0.0006516     0.0000000     0.0000000     0.0000000     0.0000000     0.0000000 
          30.            0.       21.0000       0.86254        2.0919        2.0463        2.0622        2.0480         0.003       28.0892     0.1316200     0.0006393     0.0000000     0.0000000     0.0006393     0.0000000     0.0000000     0.0000000     0.0000000     0.0000000 
          31.            0.       21.0000       0.86029        2.0926        2.0465        2.0629        2.0487         0.003       28.0768     0.1311835     0.0006273     0.0000000     0.0000000     0.0006273     0.0000000     0.0000000     0.0000000     0.0000000     0.0000000 
          32.            0.       21.0000       0.85808        2.0933        2.0467        2.0636        2.0494         0.003       28.0647     0.1307547     0.0006158     0.0000000     0.0000000     0.0006158     0.0000000     0.0000000     0.0000000     0.0000000     0.0000000 
          32.            0.       21.0000       0.85591        2.0940        2.0469        2.0643        2.0501         0.003       28.0528     0.1303336     0.0006046     0.0000000     0.0000000     0.0006046     0.0000000     0.0000000     0.0000000     0.0000000     0.0000000 
          32.            0.       21.0000       0.85377        2.0946        2.0472        2.0650        2.0508         0.003       28.0410     0.1299197     0.0005938     0.0000000     0.0000000     0.0005938     0.0000000     0.0000000     0.0000000     0.0000000     0.0000000 
          33.            0.       21.0000       0.85167        2.0953        2.0474        2.0656        2.0515         0.003       28.0295     0.1295130     0.0005834     0.0000000     0.0000000     0.0005834     0.0000000     0.0000000     0.0000000     0.0000000     0.0000000 
          34.            0.       21.0000       0.84960        2.0959        2.0476        2.0663        2.0522         0.003       28.0182     0.1291132     0.0005732     0.0000000     0.0000000     0.0005732     0.0000000     0.0000000     0.0000000     0.0000000     0.0000000 
          34.            0.       21.0000       0.84756        2.0966        2.0478        2.0669        2.0528         0.003       28.0070     0.1287201     0.0005634     0.0000000     0.0000000     0.0005634     0.0000000     0.0000000     0.0000000     0.0000000     0.0000000 
          34.            0.       21.0000       0.84556        2.0972        2.0480        2.0676        2.0535         0.003       27.9961     0.1283335     0.0005539     0.0000000     0.0000000     0.0005539     0.0000000     0.0000000     0.0000000     0.0000000     0.0000000 
          35.            0.       21.0000       0.84358        2.0978        2.0482        2.0682        2.0541         0.003       27.9853     0.1279531     0.0005446     0.0000000     0.0000000     0.0005446     0.0000000     0.0000000     0.0000000     0.0000000     0.0000000 
          36.            0.       21.0000       0.84163        2.0984        2.0484        2.0688        2.0548         0.003       27.9748     0.1275788     0.0005356     0.0000000     0.0000000     0.0005356     0.0000000     0.0000000     0.0000000     0.0000000     0.0000000 
          36.            0.       21.0000       0.83971        2.0990        2.0486        2.0695        2.0554         0.003       27.9643     0.1272105     0.0005269     0.0000000     0.0000000     0.0005269     0.0000000     0.0000000     0.0000000     0.0000000     0.0000000 
          36.            0.       20.0000       0.83782        2.0996        2.0488        2.0701        2.0560         0.003       27.9541     0.1268479     0.0005184     0.0000000     0.0000000     0.0005184     0.0000000     0.0000000     0.0000000     0.0000000     0.0000000 
          37.            0.       19.0000       0.83596        2.1002        2.0490        2.0707        2.0566         0.003       27.9440     0.1264909     0.0005102     0.0000000     0.0000000     0.0005102     0.0000000     0.0000000     0.0000000     0.0000000     0.0000000 
          38.            0.       18.0000       0.83412        2.1007        2.0492        2.0712        2.0572         0.003       27.9341     0.1261393     0.0005022     0.0000000     0.0000000     0.0005022     0.0000000     0.0000000     0.0000000     0.0000000     0.0000000 
          38.            0.       17.0000       0.83231        2.1013        2.0494        2.0718        2.0578         0.004       27.9243     0.1257930     0.0004944     0.0000000     0.0000000     0.0004944     0.0000000     0.0000000     0.0000000     0.0000000     0.0000000 
          38.            0.       16.0000       0.83053        2.1019        2.0496        2.0724        2.0584         0.004       27.9147     0.1254519     0.0004868     0.0000000     0.0000000     0.0004868     0.0000000     0.0000000     0.0000000     0.0000000     0.0000000 
          39.            0.       15.0000       0.82877        2.1024        2.0497        2.0730        2.0590         0.004       27.9052     0.1251157     0.0004795     0.0000000     0.0000000     0.0004795     0.0000000     0.0000000     0.0000000     0.0000000     0.0000000 
          40.            0.       14.0000       0.82703        2.1030        2.0499        2.0735        2.0596         0.004       27.8959     0.1247845     0.0004723     0.0000000     0.0000000     0.0004723     0.0000000     0.0000000     0.0000000     0.0000000     0.0000000 
          40.            0.       13.0000       0.82531        2.1035        2.0501        2.0741        2.0601         0.004       27.8867     0.1244580     0.0004653     0.0000000     0.0000000     0.0004653     0.0000000     0.0000000     0.0000000     0.0000000     0.0000000 
          40.            0.       12.0000       0.82362        2.1040        2.0503        2.0746        2.0607         0.004       27.8774     0.1241361     0.0004585     0.0000000     0.0000000     0.0004585     0.0000000     0.0000000     0.0000000     0.0000000     0.0000000 
          41.            0.       11.0000       0.82195        2.1045        2.0505        2.0752        2.0612         0.004       27.8681     0.1238195     0.0004519     0.0000000     0.0000000     0.0004519     0.0000000     0.0000000     0.0000000     0.0000000     0.0000000 
          42.            0.       10.0000       0.82029        2.1050        2.0506        2.0757        2.0617         0.004       27.8584     0.1235070     0.0004455     0.0000000     0.0000000     0.0004455     0.0000000     0.0000000     0.0000000     0.0000000     0.0000000 
          42.            0.        9.0000       0.81864        2.1055        2.0508        2.0762        2.0622         0.004       27.8479     0.1232012     0.0004392     0.0000000     0.0000000     0.0004392     0.0000000     0.0000000     0.0000000     0.0000000     0.0000000 
          42.            0.        8.0000       0.81697        2.1059        2.0510        2.0766        2.0627         0.004       27.8349     0.1228987     0.0004331     0.0000000     0.0000000     0.0004331     0.0000000     0.0000000     0.0000000     0.0000000     0.0000000 
          43.            0.        7.0000       0.81521        2.1062        2.0511        2.0769        2.0631         0.005       27.8153     0.1226065     0.0004272     0.0000000     0.0000000     0.0004272     0.0000000     0.0000000     0.0000000     0.0000000     0.0000000 
          44.            0.        6.0000       0.81316        2.1061        2.0512        2.0770        2.0631         0.004       27.7810     0.1223277     0.0004214     0.0000000     0.0000001     0.0004213     0.0000000     0.0000000     0.0000000     0.0000000     0.0000000 
          44.            0.        5.0000       0.81019        2.1052        2.0512        2.0763        2.0626         0.005       27.7086     0.1220363     0.0004150     0.0000000     0.0000002     0.0004148     0.0000000     0.0000000     0.0000000     0.0000000     0.0000000 
          44.            0.        4.0000       0.80439        2.1028        2.0507        2.0742        2.0607         0.005       27.5150     0.1216382     0.0004053     0.0000000     0.0000007     0.0004046     0.0000000     0.0000000     0.0000000     0.0000000     0.0000000 
          45.            0.        3.0000       0.79170        2.0989        2.0491        2.0707        2.0573         0.007       27.3269     0.1209946     0.0003884     0.0000001     0.0000028     0.0003855     0.0000000     0.0000000     0.0000000     0.0000000     0.0000000 
          46.            0.        3.0000       0.79008        2.0993        2.0493        2.0711        2.0577         0.008       27.2724     0.1207026     0.0003830     0.0000001     0.0000028     0.0003801     0.0000000     0.0000000     0.0000000     0.0000000     0.0000000 
          46.            0.        3.0000       0.78860        2.0997        2.0494        2.0715        2.0581         0.008       27.2452     0.1204280     0.0003781     0.0000001     0.0000028     0.0003752     0.0000000     0.0000000     0.0000000     0.0000000     0.0000000 
          46.            0.        3.0000       0.78719        2.1002        2.0495        2.0719        2.0585         0.008       27.2314     0.1201620     0.0003734     0.0000001     0.0000028     0.0003705     0.0000000     0.0000000     0.0000000     0.0000000     0.0000000 
          47.            0.        3.0000       0.78581        2.1006        2.0497        2.0724        2.0590         0.008       27.2223     0.1199009     0.0003688     0.0000001     0.0000028     0.0003659     0.0000000     0.0000000     0.0000000     0.0000000     0.0000000 
          48.            0.        3.0000       0.78445        2.1010        2.0498        2.0728        2.0594         0.008       27.2148     0.1196435     0.0003643     0.0000001     0.0000028     0.0003615     0.0000000     0.0000000     0.0000000     0.0000000     0.0000000 
          48.            0.        3.0000       0.78311        2.1014        2.0500        2.0732        2.0599         0.009       27.2079     0.1193892     0.0003599     0.0000001     0.0000028     0.0003571     0.0000000     0.0000000     0.0000000     0.0000000     0.0000000 
          48.            0.        3.0000       0.78178        2.1019        2.0501        2.0737        2.0603         0.009       27.2013     0.1191379     0.0003557     0.0000001     0.0000027     0.0003528     0.0000000     0.0000000     0.0000000     0.0000000     0.0000000 
          49.            0.        3.0000       0.78047        2.1023        2.0503        2.0741        2.0608         0.009       27.1949     0.1188895     0.0003515     0.0000001     0.0000027     0.0003487     0.0000000     0.0000000     0.0000000     0.0000000     0.0000000 
          50.            0.        3.0000       0.77917        2.1027        2.0504        2.0745        2.0612         0.009       27.1885     0.1186439     0.0003474     0.0000001     0.0000027     0.0003446     0.0000000     0.0000000     0.0000000     0.0000000     0.0000000 
          50.            0.        3.0000       0.77788        2.1031        2.0506        2.0749        2.0616         0.009       27.1823     0.1184011     0.0003434     0.0000001     0.0000027     0.0003406     0.0000000     0.0000000     0.0000000     0.0000000     0.0000000 
          50.            0.        3.0000       0.77661        2.1035        2.0507        2.0754        2.0620         0.009       27.1761     0.1181609     0.0003394     0.0000001     0.0000027     0.0003366     0.0000000     0.0000000     0.0000000     0.0000000     0.0000000 
          51.            0.        3.0000       0.77535        2.1039        2.0509        2.0758        2.0624         0.010       27.1701     0.1179234     0.0003356     0.0000001     0.0000027     0.0003328     0.0000000     0.0000000     0.0000000     0.0000000     0.0000000 
          52.            0.        3.0000       0.77410        2.1043        2.0510        2.0762        2.0629         0.010       27.1641     0.1176884     0.0003318     0.0000001     0.0000027     0.0003290     0.0000000     0.0000000     0.0000000     0.0000000     0.0000000 
          52.            0.        3.0000       0.77287        2.1047        2.0511        2.0766        2.0633         0.010       27.1582     0.1174560     0.0003281     0.0000001     0.0000027     0.0003253     0.0000000     0.0000000     0.0000000     0.0000000     0.0000000 
          52.            0.        3.0000       0.77165        2.1051        2.0513        2.0770        2.0637         0.010       27.1525     0.1172261     0.0003245     0.0000001     0.0000027     0.0003217     0.0000000     0.0000000     0.0000000     0.0000000     0.0000000 
          53.            0.        3.0000       0.77044        2.1055        2.0514        2.0774        2.0641         0.010       27.1467     0.1169986     0.0003209     0.0000001     0.0000027     0.0003182     0.0000000     0.0000000     0.0000000     0.0000000     0.0000000 
          54.            0.        3.0000       0.76924        2.1059        2.0515        2.0778        2.0645         0.011       27.1408     0.1167734     0.0003174     0.0000001     0.0000027     0.0003147     0.0000000     0.0000000     0.0000000     0.0000000     0.0000000 
          54.            0.        3.0000       0.76805        2.1063        2.0517        2.0782        2.0649         0.011       27.1345     0.1165505     0.0003140     0.0000000     0.0000027     0.0003113     0.0000000     0.0000000     0.0000000     0.0000000     0.0000000 
          54.            0.        3.0000       0.76687        2.1066        2.0518        2.0785        2.0653         0.011       27.1266     0.1163296     0.0003107     0.0000000     0.0000027     0.0003079     0.0000000     0.0000000     0.0000000     0.0000000     0.0000000 
          55.            0.        3.0000       0.76635        2.1074        2.0520        2.0793        2.0660         0.011       27.3023     0.1161748     0.0003085     0.0000000     0.0000027     0.0003058     0.0000000     0.0000000     0.0000000     0.0000000     0.0000000 
          56.            0.        4.0000       0.77676        2.1125        2.0539        2.0840        2.0706         0.011       27.6288     0.1163548     0.0003151     0.0000000     0.0000007     0.0003144     0.0000000     0.0000000     0.0000000     0.0000000     0.0000000 
          56.            0.        5.0000       0.77972        2.1158        2.0548        2.0870        2.0734         0.010       27.7858     0.1162329     0.0003147     0.0000000     0.0000002     0.0003145     0.0000000     0.0000000     0.0000000     0.0000000     0.0000000 
          56.            0.        6.0000       0.77998        2.1176        2.0551        2.0886        2.0749         0.010       27.8552     0.1160169     0.0003120     0.0000000     0.0000001     0.0003119     0.0000000     0.0000000     0.0000000     0.0000000     0.0000000 
          57.            0.        7.0000       0.77930        2.1186        2.0553        2.0894        2.0757         0.011       27.8828     0.1157834     0.0003087     0.0000000     0.0000000     0.0003086     0.0000000     0.0000000     0.0000000     0.0000000     0.0000000 
          58.            0.        8.0000       0.77830        2.1192        2.0555        2.0900        2.0763         0.011       27.8896     0.1155582     0.0003053     0.0000000     0.0000000     0.0003053     0.0000000     0.0000000     0.0000000     0.0000000     0.0000000 
          58.            0.        9.0000       0.77720        2.1197        2.0556        2.0905        2.0767         0.012       27.8873     0.1153403     0.0003021     0.0000000     0.0000000     0.0003021     0.0000000     0.0000000     0.0000000     0.0000000     0.0000000 
          58.            0.       10.0000       0.77606        2.1201        2.0557        2.0909        2.0771         0.012       27.8813     0.1151231     0.0002989     0.0000000     0.0000000     0.0002988     0.0000000     0.0000000     0.0000000     0.0000000     0.0000000 
          59.            0.       11.0000       0.77492        2.1204        2.0558        2.0913        2.0775         0.013       27.8736     0.1149103     0.0002957     0.0000000     0.0000000     0.0002957     0.0000000     0.0000000     0.0000000     0.0000000     0.0000000 
          60.            0.       12.0000       0.77378        2.1208        2.0560        2.0916        2.0779         0.013       27.8655     0.1146992     0.0002926     0.0000000     0.0000000     0.0002926     0.0000000     0.0000000     0.0000000     0.0000000     0.0000000 
          60.            0.       13.0000       0.77265        2.1212        2.0561        2.0920        2.0783         0.014       27.8570     0.1144910     0.0002896     0.0000000     0.0000000     0.0002896     0.0000000     0.0000000     0.0000000     0.0000000     0.0000000 
          60.            0.       14.0000       0.77152        2.1215        2.0562        2.0924        2.0786         0.015       27.8487     0.1142848     0.0002866     0.0000000     0.0000000     0.0002866     0.0000000     0.0000000     0.0000000     0.0000000     0.0000000 
          61.            0.       15.0000       0.77041        2.1219        2.0563        2.0927        2.0790         0.015       27.8404     0.1140806     0.0002837     0.0000000     0.0000000     0.0002837     0.0000000     0.0000000     0.0000000     0.0000000     0.0000000 
          62.            0.       16.0000       0.76931        2.1222        2.0565        2.0931        2.0793         0.016       27.8321     0.1138785     0.0002809     0.0000000     0.0000000     0.0002809     0.0000000     0.0000000     0.0000000     0.0000000     0.0000000 
          62.            0.       17.0000       0.76822        2.1226        2.0566        2.0934        2.0797         0.016       27.8241     0.1136782     0.0002781     0.0000000     0.0000000     0.0002781     0.0000000     0.0000000     0.0000000     0.0000000     0.0000000 
          62.            0.       18.0000       0.76714        2.1229        2.0567        2.0938        2.0800         0.017       27.8161     0.1134799     0.0002753     0.0000000     0.0000000     0.0002753     0.0000000     0.0000000     0.0000000     0.0000000     0.0000000 
          63.            0.       19.0000       0.76607        2.1233        2.0568        2.0941        2.0804         0.018       27.8081     0.1132834     0.0002726     0.0000000     0.0000000     0.0002726     0.0000000     0.0000000     0.0000000     0.0000000     0.0000000 
          64.            0.       20.0000       0.76501        2.1236        2.0569        2.0944        2.0807         0.019       27.8003     0.1130889     0.0002699     0.0000000     0.0000000     0.0002699     0.0000000     0.0000000     0.0000000     0.0000000     0.0000000 
          64.            0.       21.0000       0.76395        2.1239        2.0571        2.0948        2.0811         0.019       27.7927     0.1128960     0.0002673     0.0000000     0.0000000     0.0002673     0.0000000     0.0000000     0.0000000     0.0000000     0.0000000 
          64.            0.       21.0000       0.76291        2.1243        2.0572        2.0951        2.0814         0.020       27.7851     0.1127051     0.0002648     0.0000000     0.0000000     0.0002648     0.0000000     0.0000000     0.0000000     0.0000000     0.0000000 
          65.            0.       21.0000       0.76187        2.1246        2.0573        2.0955        2.0817         0.021       27.7775     0.1125159     0.0002622     0.0000000     0.0000000     0.0002622     0.0000000     0.0000000     0.0000000     0.0000000     0.0000000 
          66.            0.       21.0000       0.76085        2.1249        2.0574        2.0958        2.0821         0.022       27.7701     0.1123283     0.0002597     0.0000000     0.0000000     0.0002597     0.0000000     0.0000000     0.0000000     0.0000000     0.0000000 
          66.            0.       21.0000       0.75983        2.1252        2.0575        2.0961        2.0824         0.022       27.7628     0.1121425     0.0002573     0.0000000     0.0000000     0.0002573     0.0000000     0.0000000     0.0000000     0.0000000     0.0000000 
          66.            0.       21.0000       0.75882        2.1256        2.0576        2.0964        2.0827         0.023       27.7555     0.1119583     0.0002549     0.0000000     0.0000000     0.0002549     0.0000000     0.0000000     0.0000000     0.0000000     0.0000000 
          67.            0.       21.0000       0.75782        2.1259        2.0577        2.0968        2.0831         0.024       27.7484     0.1117757     0.0002525     0.0000000     0.0000000     0.0002525     0.0000000     0.0000000     0.0000000     0.0000000     0.0000000 
          68.            0.       21.0000       0.75683        2.1262        2.0579        2.0971        2.0834         0.025       27.7413     0.1115949     0.0002502     0.0000000     0.0000000     0.0002502     0.0000000     0.0000000     0.0000000     0.0000000     0.0000000 
          68.            0.       21.0000       0.75585        2.1265        2.0580        2.0974        2.0837         0.026       27.7343     0.1114155     0.0002479     0.0000000     0.0000000     0.0002479     0.0000000     0.0000000     0.0000000     0.0000000     0.0000000 
          68.            0.       21.0000       0.75487        2.1268        2.0581        2.0977        2.0840         0.026       27.7274     0.1112377     0.0002457     0.0000000     0.0000000     0.0002457     0.0000000     0.0000000     0.0000000     0.0000000     0.0000000 
          69.            0.       21.0000       0.75391        2.1271        2.0582        2.0980        2.0843         0.027       27.7205     0.1110615     0.0002435     0.0000000     0.0000000     0.0002435     0.0000000     0.0000000     0.0000000     0.0000000     0.0000000 
          70.            0.       21.0000       0.75295        2.1275        2.0583        2.0983        2.0847         0.028       27.7137     0.1108868     0.0002413     0.0000000     0.0000000     0.0002413     0.0000000     0.0000000     0.0000000     0.0000000     0.0000000 
          70.            0.       21.0000       0.75200        2.1278        2.0584        2.0987        2.0850         0.029       27.7070     0.1107135     0.0002391     0.0000000     0.0000000     0.0002391     0.0000000     0.0000000     0.0000000     0.0000000     0.0000000 
          70.            0.       21.0000       0.75105        2.1281        2.0585        2.0990        2.0853         0.030       27.7004     0.1105417     0.0002370     0.0000000     0.0000000     0.0002370     0.0000000     0.0000000     0.0000000     0.0000000     0.0000000 
          71.            0.       21.0000       0.75012        2.1284        2.0586        2.0993        2.0856         0.031       27.6939     0.1103714     0.0002349     0.0000000     0.0000000     0.0002349     0.0000000     0.0000000     0.0000000     0.0000000     0.0000000 
          72.            0.       21.0000       0.74919        2.1287        2.0587        2.0996        2.0859         0.032       27.6874     0.1102025     0.0002329     0.0000000     0.0000000     0.0002329     0.0000000     0.0000000     0.0000000     0.0000000     0.0000000 
          72.            0.       21.0000       0.74827        2.1290        2.0588        2.0999        2.0862         0.033       27.6810     0.1100350     0.0002309     0.0000000     0.0000000     0.0002309     0.0000000     0.0000000     0.0000000     0.0000000     0.0000000 
          72.            0.       21.0000       0.74735        2.1293        2.0589        2.1002        2.0865         0.034       27.6746     0.1098689     0.0002289     0.0000000     0.0000000     0.0002289     0.0000000     0.0000000     0.0000000     0.0000000     0.0000000 
          73.            0.       21.0000       0.74644        2.1296        2.0590        2.1005        2.0868         0.035       27.6683     0.1097041     0.0002270     0.0000000     0.0000000     0.0002270     0.0000000     0.0000000     0.0000000     0.0000000     0.0000000 
          74.            0.       21.0000       0.74554        2.1298        2.0591        2.1008        2.0871         0.036       27.6621     0.1095406     0.0002250     0.0000000     0.0000000     0.0002250     0.0000000     0.0000000     0.0000000     0.0000000     0.0000000 
          74.            0.       21.0000       0.74465        2.1301        2.0592        2.1011        2.0874         0.037       27.6560     0.1093786     0.0002231     0.0000000     0.0000000     0.0002231     0.0000000     0.0000000     0.0000000     0.0000000     0.0000000 
          74.            0.       21.0000       0.74376        2.1304        2.0593        2.1013        2.0877         0.038       27.6499     0.1092177     0.0002213     0.0000000     0.0000000     0.0002213     0.0000000     0.0000000     0.0000000     0.0000000     0.0000000 
          75.            0.       21.0000       0.74288        2.1307        2.0594        2.1016        2.0880         0.039       27.6439     0.1090582     0.0002194     0.0000000     0.0000000     0.0002194     0.0000000     0.0000000     0.0000000     0.0000000     0.0000000 
          76.            0.       21.0000       0.74201        2.1310        2.0595        2.1019        2.0883         0.040       27.6379     0.1088999     0.0002176     0.0000000     0.0000000     0.0002176     0.0000000     0.0000000     0.0000000     0.0000000     0.0000000 
          76.            0.       21.0000       0.74114        2.1313        2.0596        2.1022        2.0885         0.041       27.6320     0.1087429     0.0002158     0.0000000     0.0000000     0.0002158     0.0000000     0.0000000     0.0000000     0.0000000     0.0000000 
          76.            0.       21.0000       0.74028        2.1316        2.0597        2.1025        2.0888         0.042       27.6261     0.1085871     0.0002141     0.0000000     0.0000000     0.0002141     0.0000000     0.0000000     0.0000000     0.0000000     0.0000000 
          77.            0.       21.0000       0.73943        2.1318        2.0598        2.1028        2.0891         0.043       27.6204     0.1084325     0.0002123     0.0000000     0.0000000     0.0002123     0.0000000     0.0000000     0.0000000     0.0000000     0.0000000 
          78.            0.       21.0000       0.73858        2.1321        2.0599        2.1030        2.0894         0.045       27.6146     0.1082791     0.0002106     0.0000000     0.0000000     0.0002106     0.0000000     0.0000000     0.0000000     0.0000000     0.0000000 
          78.            0.       21.0000       0.73774        2.1324        2.0600        2.1033        2.0897         0.046       27.6090     0.1081269     0.0002089     0.0000000     0.0000000     0.0002089     0.0000000     0.0000000     0.0000000     0.0000000     0.0000000 
          78.            0.       21.0000       0.73690        2.1327        2.0601        2.1036        2.0899         0.047       27.6033     0.1079759     0.0002073     0.0000000     0.0000000     0.0002073     0.0000000     0.0000000     0.0000000     0.0000000     0.0000000 
          79.            0.       21.0000       0.73607        2.1329        2.0602        2.1039        2.0902         0.048       27.5978     0.1078260     0.0002056     0.0000000     0.0000000     0.0002056     0.0000000     0.0000000     0.0000000     0.0000000     0.0000000 
          80.            0.       21.0000       0.73525        2.1332        2.0603        2.1041        2.0905         0.049       27.5923     0.1076772     0.0002040     0.0000000     0.0000000     0.0002040     0.0000000     0.0000000     0.0000000     0.0000000     0.0000000 
          80.            0.       21.0000       0.73443        2.1335        2.0604        2.1044        2.0908         0.050       27.5868     0.1075295     0.0002024     0.0000000     0.0000000     0.0002024     0.0000000     0.0000000     0.0000000     0.0000000     0.0000000 
          80.            0.       21.0000       0.73362        2.1337        2.0605        2.1047        2.0910         0.052       27.5814     0.1073830     0.0002008     0.0000000     0.0000000     0.0002008     0.0000000     0.0000000     0.0000000     0.0000000     0.0000000 
          81.            0.       21.0000       0.73281        2.1340        2.0606        2.1049        2.0913         0.053       27.5761     0.1072375     0.0001993     0.0000000     0.0000000     0.0001993     0.0000000     0.0000000     0.0000000     0.0000000     0.0000000 
          82.            0.       21.0000       0.73201        2.1343        2.0607        2.1052        2.0916         0.054       27.5708     0.1070931     0.0001978     0.0000000     0.0000000     0.0001978     0.0000000     0.0000000     0.0000000     0.0000000     0.0000000 
          82.            0.       21.0000       0.73121        2.1345        2.0608        2.1055        2.0918         0.055       27.5655     0.1069498     0.0001963     0.0000000     0.0000000     0.0001963     0.0000000     0.0000000     0.0000000     0.0000000     0.0000000 
          82.            0.       21.0000       0.73042        2.1348        2.0609        2.1057        2.0921         0.057       27.5603     0.1068075     0.0001948     0.0000000     0.0000000     0.0001948     0.0000000     0.0000000     0.0000000     0.0000000     0.0000000 
          83.            0.       21.0000       0.72964        2.1351        2.0610        2.1060        2.0923         0.058       27.5552     0.1066662     0.0001933     0.0000000     0.0000000     0.0001933     0.0000000     0.0000000     0.0000000     0.0000000     0.0000000 
          84.            0.       21.0000       0.72886        2.1353        2.0611        2.1062        2.0926         0.059       27.5501     0.1065259     0.0001919     0.0000000     0.0000000     0.0001919     0.0000000     0.0000000     0.0000000     0.0000000     0.0000000 
          84.            0.       21.0000       0.72808        2.1356        2.0612        2.1065        2.0929         0.061       27.5451     0.1063867     0.0001904     0.0000000     0.0000000     0.0001904     0.0000000     0.0000000     0.0000000     0.0000000     0.0000000 
          84.            0.       21.0000       0.72732        2.1358        2.0613        2.1068        2.0931         0.062       27.5401     0.1062485     0.0001890     0.0000000     0.0000000     0.0001890     0.0000000     0.0000000     0.0000000     0.0000000     0.0000000 
          85.            0.       21.0000       0.72655        2.1361        2.0614        2.1070        2.0934         0.063       27.5351     0.1061112     0.0001876     0.0000000     0.0000000     0.0001876     0.0000000     0.0000000     0.0000000     0.0000000     0.0000000 
          86.            0.       21.0000       0.72579        2.1363        2.0615        2.1073        2.0936         0.065       27.5302     0.1059748     0.0001862     0.0000000     0.0000000     0.0001862     0.0000000     0.0000000     0.0000000     0.0000000     0.0000000 
          86.            0.       21.0000       0.72504        2.1366        2.0615        2.1075        2.0939         0.066       27.5254     0.1058395     0.0001849     0.0000000     0.0000000     0.0001849     0.0000000     0.0000000     0.0000000     0.0000000     0.0000000 
          86.            0.       21.0000       0.72429        2.1368        2.0616        2.1078        2.0941         0.068       27.5206     0.1057051     0.0001836     0.0000000     0.0000000     0.0001836     0.0000000     0.0000000     0.0000000     0.0000000     0.0000000 
          87.            0.       21.0000       0.72355        2.1371        2.0617        2.1080        2.0944         0.069       27.5158     0.1055716     0.0001822     0.0000000     0.0000000     0.0001822     0.0000000     0.0000000     0.0000000     0.0000000     0.0000000 
          88.            0.       21.0000       0.72281        2.1373        2.0618        2.1082        2.0946         0.071       27.5111     0.1054391     0.0001809     0.0000000     0.0000000     0.0001809     0.0000000     0.0000000     0.0000000     0.0000000     0.0000000 
          88.            0.       21.0000       0.72207        2.1376        2.0619        2.1085        2.0949         0.072       27.5064     0.1053074     0.0001796     0.0000000     0.0000000     0.0001796     0.0000000     0.0000000     0.0000000     0.0000000     0.0000000 
          88.            0.       21.0000       0.72135        2.1378        2.0620        2.1087        2.0951         0.074       27.5018     0.1051767     0.0001784     0.0000000     0.0000000     0.0001784     0.0000000     0.0000000     0.0000000     0.0000000     0.0000000 
          89.            0.       21.0000       0.72062        2.1380        2.0621        2.1090        2.0953         0.075       27.4972     0.1050468     0.0001771     0.0000000     0.0000000     0.0001771     0.0000000     0.0000000     0.0000000     0.0000000     0.0000000 
          90.            0.       21.0000       0.71990        2.1383        2.0622        2.1092        2.0956         0.077       27.4927     0.1049178     0.0001759     0.0000000     0.0000000     0.0001759     0.0000000     0.0000000     0.0000000     0.0000000     0.0000000 
          90.            0.       21.0000       0.71919        2.1385        2.0622        2.1094        2.0958         0.078       27.4882     0.1047897     0.0001746     0.0000000     0.0000000     0.0001746     0.0000000     0.0000000     0.0000000     0.0000000     0.0000000 
          90.            0.       21.0000       0.71847        2.1387        2.0623        2.1097        2.0961         0.080       27.4837     0.1046625     0.0001734     0.0000000     0.0000000     0.0001734     0.0000000     0.0000000     0.0000000     0.0000000     0.0000000 
          91.            0.       21.0000       0.71777        2.1390        2.0624        2.1099        2.0963         0.081       27.4793     0.1045360     0.0001722     0.0000000     0.0000000     0.0001722     0.0000000     0.0000000     0.0000000     0.0000000     0.0000000 
          92.            0.       21.0000       0.71707        2.1392        2.0625        2.1102        2.0965         0.083       27.4749     0.1044105     0.0001711     0.0000000     0.0000000     0.0001711     0.0000000     0.0000000     0.0000000     0.0000000     0.0000000 
          92.            0.       21.0000       0.71637        2.1395        2.0626        2.1104        2.0968         0.085       27.4706     0.1042857     0.0001699     0.0000000     0.0000000     0.0001699     0.0000000     0.0000000     0.0000000     0.0000000     0.0000000 
          92.            0.       21.0000       0.71567        2.1397        2.0627        2.1106        2.0970         0.086       27.4663     0.1041618     0.0001687     0.0000000     0.0000000     0.0001687     0.0000000     0.0000000     0.0000000     0.0000000     0.0000000 
          93.            0.       21.0000       0.71499        2.1399        2.0628        2.1108        2.0972         0.088       27.4620     0.1040387     0.0001676     0.0000000     0.0000000     0.0001676     0.0000000     0.0000000     0.0000000     0.0000000     0.0000000 
          94.            0.       21.0000       0.71430        2.1401        2.0628        2.1111        2.0975         0.090       27.4578     0.1039163     0.0001665     0.0000000     0.0000000     0.0001665     0.0000000     0.0000000     0.0000000     0.0000000     0.0000000 
          94.            0.       21.0000       0.71362        2.1404        2.0629        2.1113        2.0977         0.091       27.4536     0.1037948     0.0001654     0.0000000     0.0000000     0.0001654     0.0000000     0.0000000     0.0000000     0.0000000     0.0000000 
          94.            0.       21.0000       0.71294        2.1406        2.0630        2.1115        2.0979         0.093       27.4495     0.1036740     0.0001643     0.0000000     0.0000000     0.0001643     0.0000000     0.0000000     0.0000000     0.0000000     0.0000000 
          95.            0.       21.0000       0.71227        2.1408        2.0631        2.1118        2.0981         0.095       27.4454     0.1035541     0.0001632     0.0000000     0.0000000     0.0001632     0.0000000     0.0000000     0.0000000     0.0000000     0.0000000 
          96.            0.       21.0000       0.71160        2.1410        2.0632        2.1120        2.0984         0.097       27.4413     0.1034348     0.0001621     0.0000000     0.0000000     0.0001621     0.0000000     0.0000000     0.0000000     0.0000000     0.0000000 
          96.            0.       21.0000       0.71094        2.1413        2.0632        2.1122        2.0986         0.098       27.4373     0.1033164     0.0001610     0.0000000     0.0000000     0.0001610     0.0000000     0.0000000     0.0000000     0.0000000     0.0000000 
          96.            0.       21.0000       0.71028        2.1415        2.0633        2.1124        2.0988         0.100       27.4333     0.1031987     0.0001600     0.0000000     0.0000000     0.0001600     0.0000000     0.0000000     0.0000000     0.0000000     0.0000000 
          97.            0.       21.0000       0.70962        2.1417        2.0634        2.1126        2.0990         0.102       27.4293     0.1030817     0.0001590     0.0000000     0.0000000     0.0001590     0.0000000     0.0000000     0.0000000     0.0000000     0.0000000 
          98.            0.       21.0000       0.70897        2.1419        2.0635        2.1129        2.0992         0.104       27.4254     0.1029654     0.0001579     0.0000000     0.0000000     0.0001579     0.0000000     0.0000000     0.0000000     0.0000000     0.0000000 
          98.            0.       21.0000       0.70832        2.1421        2.0636        2.1131        2.0994         0.106       27.4215     0.1028499     0.0001569     0.0000000     0.0000000     0.0001569     0.0000000     0.0000000     0.0000000     0.0000000     0.0000000 
          98.            0.       21.0000       0.70767        2.1424        2.0636        2.1133        2.0997         0.108       27.4176     0.1027351     0.0001559     0.0000000     0.0000000     0.0001559     0.0000000     0.0000000     0.0000000     0.0000000     0.0000000 
          99.            0.       21.0000       0.70703        2.1426        2.0637        2.1135        2.0999         0.110       27.4138     0.1026210     0.0001549     0.0000000     0.0000000     0.0001549     0.0000000     0.0000000     0.0000000     0.0000000     0.0000000 
         100.            0.       21.0000       0.70639        2.1428        2.0638        2.1137        2.1001         0.112       27.4100     0.1025076     0.0001540     0.0000000     0.0000000     0.0001540     0.0000000     0.0000000     0.0000000     0.0000000     0.0000000 
         100.            0.       21.0000       0.70576        2.1430        2.0639        2.1139        2.1003         0.114       27.4063     0.1023953     0.0001530     0.0000000     0.0000000     0.0001530     0.0000000     0.0000000     0.0000000     0.0000000     0.0000000 
