%
%
% Run:2017  Table:COMPGRID          SWAN version:41.10A
%
%       Xp            Yp            Depth         Hsig          Tm_10         TPsmoo        Tm01          Tm02          Dir           Dspr          Steepn        Dissip        Ssurf         Sfric         Swcap         Redist        Snl3          Snl4          Genera        Swind    
%       [m]           [m]           [m]           [m]           [sec]         [sec]         [sec]         [sec]         [degr]        [degr]        [ ]           [m2/s]        [m2/s]        [m2/s]        [m2/s]        [m2/s]        [m2/s]        [m2/s]        [m2/s]        [m2/s]   
%
           0.            0.       20.0000       1.51064        7.2074        8.0134        6.5749        5.8826         0.026       32.4097     0.0293716     0.0000001     0.0000000     0.0000001     0.0000000     0.0000000     0.0000000     0.0000000     0.0000000     0.0000000 
           0.            0.       20.0000       1.51063        7.2074        8.0134        6.5749        5.8826         0.026       32.4096     0.0293714     0.0000077     0.0000000     0.0000071     0.0000006     0.0000000     0.0000000     0.0000000     0.0000000     0.0000000 
           1.            0.       20.0000       1.51063        7.2074        8.0134        6.5749        5.8826         0.026       32.4095     0.0293712     0.0000077     0.0000000     0.0000071     0.0000006     0.0000000     0.0000000     0.0000000     0.0000000     0.0000000 
           2.            0.       20.0000       1.51063        7.2074        8.0134        6.5749        5.8826         0.026       32.4094     0.0293710     0.0000077     0.0000000     0.0000071     0.0000006     0.0000000     0.0000000     0.0000000     0.0000000     0.0000000 
           2.            0.       20.0000       1.51062        7.2074        8.0134        6.5749        5.8826         0.026       32.4094     0.0293708     0.0000077     0.0000000     0.0000071     0.0000006     0.0000000     0.0000000     0.0000000     0.0000000     0.0000000 
           2.            0.       20.0000       1.51062        7.2074        8.0134        6.5749        5.8826         0.026       32.4093     0.0293706     0.0000077     0.0000000     0.0000071     0.0000006     0.0000000     0.0000000     0.0000000     0.0000000     0.0000000 
           3.            0.       20.0000       1.51061        7.2074        8.0134        6.5749        5.8826         0.026       32.4092     0.0293704     0.0000077     0.0000000     0.0000071     0.0000006     0.0000000     0.0000000     0.0000000     0.0000000     0.0000000 
           4.            0.       20.0000       1.51061        7.2074        8.0134        6.5749        5.8827         0.026       32.4091     0.0293701     0.0000077     0.0000000     0.0000071     0.0000006     0.0000000     0.0000000     0.0000000     0.0000000     0.0000000 
           4.            0.       20.0000       1.51060        7.2074        8.0134        6.5749        5.8827         0.026       32.4090     0.0293699     0.0000077     0.0000000     0.0000071     0.0000006     0.0000000     0.0000000     0.0000000     0.0000000     0.0000000 
           4.            0.       20.0000       1.51060        7.2074        8.0134        6.5749        5.8827         0.026       32.4090     0.0293697     0.0000077     0.0000000     0.0000071     0.0000006     0.0000000     0.0000000     0.0000000     0.0000000     0.0000000 
           5.            0.       20.0000       1.51060        7.2074        8.0134        6.5749        5.8827         0.026       32.4089     0.0293695     0.0000077     0.0000000     0.0000071     0.0000006     0.0000000     0.0000000     0.0000000     0.0000000     0.0000000 
           6.            0.       20.0000       1.51059        7.2074        8.0134        6.5749        5.8827         0.025       32.4088     0.0293693     0.0000077     0.0000000     0.0000071     0.0000006     0.0000000     0.0000000     0.0000000     0.0000000     0.0000000 
           6.            0.       20.0000       1.51059        7.2074        8.0134        6.5750        5.8827         0.025       32.4087     0.0293691     0.0000077     0.0000000     0.0000071     0.0000006     0.0000000     0.0000000     0.0000000     0.0000000     0.0000000 
           6.            0.       20.0000       1.51058        7.2074        8.0134        6.5750        5.8827         0.025       32.4086     0.0293689     0.0000077     0.0000000     0.0000071     0.0000006     0.0000000     0.0000000     0.0000000     0.0000000     0.0000000 
           7.            0.       20.0000       1.51058        7.2074        8.0134        6.5750        5.8827         0.025       32.4086     0.0293687     0.0000077     0.0000000     0.0000071     0.0000006     0.0000000     0.0000000     0.0000000     0.0000000     0.0000000 
           8.            0.       20.0000       1.51057        7.2074        8.0134        6.5750        5.8828         0.025       32.4085     0.0293685     0.0000077     0.0000000     0.0000071     0.0000006     0.0000000     0.0000000     0.0000000     0.0000000     0.0000000 
           8.            0.       20.0000       1.51057        7.2074        8.0134        6.5750        5.8828         0.025       32.4084     0.0293683     0.0000077     0.0000000     0.0000071     0.0000006     0.0000000     0.0000000     0.0000000     0.0000000     0.0000000 
           8.            0.       20.0000       1.51057        7.2074        8.0134        6.5750        5.8828         0.025       32.4084     0.0293681     0.0000077     0.0000000     0.0000071     0.0000006     0.0000000     0.0000000     0.0000000     0.0000000     0.0000000 
           9.            0.       20.0000       1.51056        7.2074        8.0134        6.5750        5.8828         0.025       32.4083     0.0293679     0.0000077     0.0000000     0.0000071     0.0000006     0.0000000     0.0000000     0.0000000     0.0000000     0.0000000 
          10.            0.       20.0000       1.51056        7.2074        8.0134        6.5750        5.8828         0.025       32.4082     0.0293677     0.0000077     0.0000000     0.0000071     0.0000006     0.0000000     0.0000000     0.0000000     0.0000000     0.0000000 
          10.            0.       20.0000       1.51055        7.2074        8.0134        6.5750        5.8828         0.025       32.4081     0.0293674     0.0000077     0.0000000     0.0000071     0.0000006     0.0000000     0.0000000     0.0000000     0.0000000     0.0000000 
          10.            0.       20.0000       1.51055        7.2074        8.0134        6.5750        5.8828         0.025       32.4080     0.0293672     0.0000077     0.0000000     0.0000071     0.0000006     0.0000000     0.0000000     0.0000000     0.0000000     0.0000000 
          11.            0.       20.0000       1.51054        7.2074        8.0134        6.5750        5.8829         0.024       32.4080     0.0293671     0.0000077     0.0000000     0.0000071     0.0000006     0.0000000     0.0000000     0.0000000     0.0000000     0.0000000 
          12.            0.       20.0000       1.51054        7.2074        8.0134        6.5750        5.8829         0.024       32.4079     0.0293668     0.0000077     0.0000000     0.0000071     0.0000006     0.0000000     0.0000000     0.0000000     0.0000000     0.0000000 
          12.            0.       20.0000       1.51053        7.2074        8.0134        6.5750        5.8829         0.024       32.4079     0.0293666     0.0000077     0.0000000     0.0000071     0.0000006     0.0000000     0.0000000     0.0000000     0.0000000     0.0000000 
          12.            0.       20.0000       1.51053        7.2074        8.0134        6.5750        5.8829         0.024       32.4078     0.0293664     0.0000077     0.0000000     0.0000071     0.0000006     0.0000000     0.0000000     0.0000000     0.0000000     0.0000000 
          13.            0.       20.0000       1.51053        7.2075        8.0134        6.5750        5.8829         0.024       32.4077     0.0293662     0.0000077     0.0000000     0.0000071     0.0000006     0.0000000     0.0000000     0.0000000     0.0000000     0.0000000 
          14.            0.       20.0000       1.51052        7.2075        8.0134        6.5750        5.8829         0.024       32.4076     0.0293660     0.0000077     0.0000000     0.0000071     0.0000006     0.0000000     0.0000000     0.0000000     0.0000000     0.0000000 
          14.            0.       20.0000       1.51052        7.2075        8.0134        6.5751        5.8829         0.024       32.4076     0.0293658     0.0000077     0.0000000     0.0000071     0.0000006     0.0000000     0.0000000     0.0000000     0.0000000     0.0000000 
          14.            0.       20.0000       1.51051        7.2075        8.0134        6.5751        5.8829         0.024       32.4075     0.0293656     0.0000077     0.0000000     0.0000071     0.0000006     0.0000000     0.0000000     0.0000000     0.0000000     0.0000000 
          15.            0.       20.0000       1.51051        7.2075        8.0134        6.5751        5.8829         0.024       32.4074     0.0293654     0.0000077     0.0000000     0.0000071     0.0000006     0.0000000     0.0000000     0.0000000     0.0000000     0.0000000 
          16.            0.       20.0000       1.51050        7.2075        8.0134        6.5751        5.8830         0.024       32.4074     0.0293652     0.0000077     0.0000000     0.0000071     0.0000006     0.0000000     0.0000000     0.0000000     0.0000000     0.0000000 
          16.            0.       20.0000       1.51050        7.2075        8.0134        6.5751        5.8830         0.024       32.4073     0.0293650     0.0000077     0.0000000     0.0000071     0.0000006     0.0000000     0.0000000     0.0000000     0.0000000     0.0000000 
          16.            0.       20.0000       1.51050        7.2075        8.0134        6.5751        5.8830         0.024       32.4072     0.0293648     0.0000077     0.0000000     0.0000071     0.0000006     0.0000000     0.0000000     0.0000000     0.0000000     0.0000000 
          17.            0.       20.0000       1.51049        7.2075        8.0134        6.5751        5.8830         0.023       32.4072     0.0293646     0.0000077     0.0000000     0.0000071     0.0000006     0.0000000     0.0000000     0.0000000     0.0000000     0.0000000 
          18.            0.       20.0000       1.51049        7.2075        8.0134        6.5751        5.8830         0.023       32.4071     0.0293644     0.0000077     0.0000000     0.0000071     0.0000006     0.0000000     0.0000000     0.0000000     0.0000000     0.0000000 
          18.            0.       20.0000       1.51048        7.2075        8.0134        6.5751        5.8830         0.023       32.4070     0.0293642     0.0000077     0.0000000     0.0000071     0.0000006     0.0000000     0.0000000     0.0000000     0.0000000     0.0000000 
          18.            0.       20.0000       1.51048        7.2075        8.0134        6.5751        5.8830         0.023       32.4070     0.0293640     0.0000077     0.0000000     0.0000071     0.0000006     0.0000000     0.0000000     0.0000000     0.0000000     0.0000000 
          19.            0.       20.0000       1.51047        7.2075        8.0134        6.5751        5.8830         0.023       32.4070     0.0293638     0.0000077     0.0000000     0.0000071     0.0000006     0.0000000     0.0000000     0.0000000     0.0000000     0.0000000 
          20.            0.       20.0000       1.51047        7.2075        8.0134        6.5751        5.8831         0.023       32.4071     0.0293636     0.0000077     0.0000000     0.0000071     0.0000006     0.0000000     0.0000000     0.0000000     0.0000000     0.0000000 
          20.            0.       20.0000       1.51047        7.2075        8.0134        6.5751        5.8831         0.023       32.4077     0.0293634     0.0000077     0.0000000     0.0000071     0.0000006     0.0000000     0.0000000     0.0000000     0.0000000     0.0000000 
          20.            0.       20.0000       1.51048        7.2075        8.0134        6.5752        5.8831         0.023       32.4096     0.0293633     0.0000077     0.0000000     0.0000071     0.0000006     0.0000000     0.0000000     0.0000000     0.0000000     0.0000000 
          21.            0.       20.0000       1.50880        7.2056        8.0130        6.5727        5.8803         0.024       32.2187     0.0293566     0.0000077     0.0000000     0.0000070     0.0000006     0.0000000     0.0000000     0.0000000     0.0000000     0.0000000 
          22.            0.       19.0000       1.50177        7.2044        8.0149        6.5676        5.8718         0.027       31.8007     0.0294773     0.0000085     0.0000000     0.0000079     0.0000007     0.0000000     0.0000000     0.0000000     0.0000000     0.0000000 
          22.            0.       18.0000       1.49453        7.2041        8.0170        6.5631        5.8635         0.028       31.3290     0.0296146     0.0000095     0.0000000     0.0000089     0.0000007     0.0000000     0.0000000     0.0000000     0.0000000     0.0000000 
          22.            0.       17.0000       1.48760        7.2052        8.0193        6.5600        5.8564         0.031       30.8182     0.0297738     0.0000106     0.0000000     0.0000100     0.0000007     0.0000000     0.0000000     0.0000000     0.0000000     0.0000000 
          23.            0.       16.0000       1.48125        7.2081        8.0218        6.5588        5.8511         0.034       30.2882     0.0299602     0.0000120     0.0000000     0.0000113     0.0000007     0.0000000     0.0000000     0.0000000     0.0000000     0.0000000 
          24.            0.       15.0000       1.47563        7.2131        8.0246        6.5600        5.8479         0.036       29.7599     0.0301806     0.0000135     0.0000000     0.0000128     0.0000007     0.0000000     0.0000000     0.0000000     0.0000000     0.0000000 
          24.            0.       14.0000       1.47086        7.2203        8.0275        6.5637        5.8471         0.038       29.2247     0.0304422     0.0000153     0.0000000     0.0000146     0.0000007     0.0000000     0.0000000     0.0000000     0.0000000     0.0000000 
          24.            0.       13.0000       1.46712        7.2298        8.0305        6.5703        5.8492         0.042       28.6505     0.0307575     0.0000176     0.0000000     0.0000168     0.0000008     0.0000000     0.0000000     0.0000000     0.0000000     0.0000000 
          25.            0.       12.0000       1.46470        7.2422        8.0338        6.5804        5.8548         0.046       28.0375     0.0311375     0.0000203     0.0000000     0.0000195     0.0000008     0.0000000     0.0000000     0.0000000     0.0000000     0.0000000 
          26.            0.       11.0000       1.46399        7.2576        8.0372        6.5947        5.8649         0.050       27.3948     0.0316032     0.0000236     0.0000000     0.0000228     0.0000009     0.0000000     0.0000000     0.0000000     0.0000000     0.0000000 
          26.            0.       10.0000       1.46545        7.2765        8.0407        6.6138        5.8804         0.054       26.7378     0.0321816     0.0000279     0.0000000     0.0000269     0.0000009     0.0000000     0.0000000     0.0000000     0.0000000     0.0000000 
          26.            0.        9.0000       1.46972        7.2992        8.0442        6.6388        5.9029         0.059       26.0334     0.0329106     0.0000333     0.0000000     0.0000323     0.0000010     0.0000000     0.0000000     0.0000000     0.0000000     0.0000000 
          27.            0.        8.0000       1.47768        7.3260        8.0479        6.6710        5.9346         0.065       25.2580     0.0338458     0.0000406     0.0000000     0.0000394     0.0000012     0.0000000     0.0000000     0.0000000     0.0000000     0.0000000 
          28.            0.        7.0000       1.49066        7.3575        8.0517        6.7119        5.9789         0.071       24.4142     0.0350722     0.0000505     0.0000000     0.0000491     0.0000015     0.0000000     0.0000000     0.0000000     0.0000000     0.0000000 
          28.            0.        6.0000       1.51056        7.3940        8.0554        6.7640        6.0411         0.077       23.5066     0.0367301     0.0000649     0.0000000     0.0000629     0.0000019     0.0000000     0.0000000     0.0000000     0.0000000     0.0000000 
          28.            0.        5.0000       1.54043        7.4359        8.0591        6.8295        6.1276         0.081       22.4434     0.0390814     0.0000930     0.0000063     0.0000841     0.0000027     0.0000000     0.0000000     0.0000000     0.0000000     0.0000000 
          29.            0.        4.0000       1.58569        7.4826        8.0628        6.9094        6.2436         0.082       21.1460     0.0426879     0.0004676     0.0003442     0.0001190     0.0000044     0.0000000     0.0000000     0.0000000     0.0000000     0.0000000 
          30.            0.        3.0000       1.65576        7.5326        8.0664        7.0006        6.3861         0.074       19.6032     0.0488312     0.0058949     0.0057015     0.0001846     0.0000089     0.0000000     0.0000000     0.0000000     0.0000000     0.0000000 
          30.            0.        2.0000       1.77006        7.5820        8.0700        7.0933        6.5388         0.061       18.3957     0.0609089     0.0390231     0.0386602     0.0003365     0.0000265     0.0000000     0.0000000     0.0000000     0.0000000     0.0000000 
          30.            0.        2.0000       1.74814        7.5856        8.0702        7.1003        6.5507         0.055       18.0843     0.0600467     0.0368680     0.0365153     0.0003283     0.0000245     0.0000000     0.0000000     0.0000000     0.0000000     0.0000000 
          31.            0.        2.0000       1.72757        7.5888        8.0704        7.1066        6.5616         0.055       18.1498     0.0592436     0.0349125     0.0345691     0.0003207     0.0000227     0.0000000     0.0000000     0.0000000     0.0000000     0.0000000 
          32.            0.        2.0000       1.70784        7.5918        8.0706        7.1124        6.5717         0.056       18.3080     0.0584787     0.0330988     0.0327642     0.0003135     0.0000212     0.0000000     0.0000000     0.0000000     0.0000000     0.0000000 
          32.            0.        2.0000       1.68894        7.5945        8.0708        7.1179        6.5812         0.057       18.4972     0.0577488     0.0314158     0.0310894     0.0003067     0.0000198     0.0000000     0.0000000     0.0000000     0.0000000     0.0000000 
          32.            0.        2.0000       1.67082        7.5972        8.0710        7.1232        6.5904         0.058       18.6980     0.0570511     0.0298525     0.0295338     0.0003002     0.0000185     0.0000000     0.0000000     0.0000000     0.0000000     0.0000000 
          33.            0.        2.0000       1.65344        7.5998        8.0712        7.1282        6.5993         0.060       18.9038     0.0563836     0.0283983     0.0280870     0.0002940     0.0000173     0.0000000     0.0000000     0.0000000     0.0000000     0.0000000 
          34.            0.        2.0000       1.63676        7.6023        8.0713        7.1331        6.6078         0.061       19.1122     0.0557443     0.0270440     0.0267395     0.0002882     0.0000162     0.0000000     0.0000000     0.0000000     0.0000000     0.0000000 
          34.            0.        2.0000       1.62074        7.6047        8.0715        7.1378        6.6161         0.062       19.3223     0.0551316     0.0257809     0.0254830     0.0002826     0.0000153     0.0000000     0.0000000     0.0000000     0.0000000     0.0000000 
          34.            0.        2.0000       1.60534        7.6070        8.0717        7.1424        6.6240         0.064       19.5335     0.0545438     0.0246015     0.0243098     0.0002773     0.0000144     0.0000000     0.0000000     0.0000000     0.0000000     0.0000000 
          35.            0.        2.0000       1.59053        7.6092        8.0718        7.1468        6.6317         0.065       19.7456     0.0539794     0.0234989     0.0232130     0.0002723     0.0000136     0.0000000     0.0000000     0.0000000     0.0000000     0.0000000 
          36.            0.        2.0000       1.57628        7.6114        8.0720        7.1510        6.6392         0.066       19.9584     0.0534372     0.0224667     0.0221864     0.0002675     0.0000129     0.0000000     0.0000000     0.0000000     0.0000000     0.0000000 
          36.            0.        2.0000       1.56255        7.6135        8.0721        7.1551        6.6464         0.068       20.1717     0.0529158     0.0214995     0.0212244     0.0002629     0.0000122     0.0000000     0.0000000     0.0000000     0.0000000     0.0000000 
          36.            0.        2.0000       1.54931        7.6156        8.0723        7.1591        6.6534         0.069       20.3854     0.0524142     0.0205919     0.0203219     0.0002585     0.0000115     0.0000000     0.0000000     0.0000000     0.0000000     0.0000000 
          37.            0.        2.0000       1.53655        7.6176        8.0724        7.1630        6.6602         0.070       20.5994     0.0519312     0.0197396     0.0194743     0.0002543     0.0000110     0.0000000     0.0000000     0.0000000     0.0000000     0.0000000 
          38.            0.        2.0000       1.52424        7.6195        8.0725        7.1668        6.6668         0.072       20.8134     0.0514658     0.0189381     0.0186774     0.0002503     0.0000104     0.0000000     0.0000000     0.0000000     0.0000000     0.0000000 
          38.            0.        2.0000       1.51235        7.6214        8.0727        7.1704        6.6731         0.073       21.0274     0.0510172     0.0181838     0.0179274     0.0002464     0.0000099     0.0000000     0.0000000     0.0000000     0.0000000     0.0000000 
          38.            0.        2.0000       1.50087        7.6232        8.0728        7.1740        6.6793         0.075       21.2413     0.0505844     0.0174730     0.0172208     0.0002427     0.0000095     0.0000000     0.0000000     0.0000000     0.0000000     0.0000000 
          39.            0.        2.0000       1.48977        7.6250        8.0729        7.1774        6.6853         0.076       21.4550     0.0501666     0.0168028     0.0165545     0.0002392     0.0000090     0.0000000     0.0000000     0.0000000     0.0000000     0.0000000 
          40.            0.        2.0000       1.47904        7.6267        8.0731        7.1808        6.6912         0.077       21.6684     0.0497631     0.0161700     0.0159256     0.0002358     0.0000086     0.0000000     0.0000000     0.0000000     0.0000000     0.0000000 
          40.            0.        2.0000       1.46865        7.6284        8.0732        7.1840        6.6969         0.079       21.8813     0.0493731     0.0155722     0.0153314     0.0002325     0.0000083     0.0000000     0.0000000     0.0000000     0.0000000     0.0000000 
          40.            0.        2.0000       1.45860        7.6301        8.0733        7.1872        6.7024         0.080       22.0938     0.0489961     0.0150068     0.0147695     0.0002294     0.0000079     0.0000000     0.0000000     0.0000000     0.0000000     0.0000000 
          41.            0.        2.0000       1.44886        7.6317        8.0734        7.1903        6.7078         0.082       22.3057     0.0486313     0.0144716     0.0142376     0.0002264     0.0000076     0.0000000     0.0000000     0.0000000     0.0000000     0.0000000 
          42.            0.        2.0000       1.43942        7.6332        8.0735        7.1933        6.7130         0.083       22.5170     0.0482782     0.0139646     0.0137338     0.0002235     0.0000073     0.0000000     0.0000000     0.0000000     0.0000000     0.0000000 
          42.            0.        2.0000       1.43027        7.6348        8.0737        7.1962        6.7182         0.084       22.7276     0.0479362     0.0134839     0.0132562     0.0002207     0.0000070     0.0000000     0.0000000     0.0000000     0.0000000     0.0000000 
          42.            0.        2.0000       1.42140        7.6363        8.0738        7.1990        6.7231         0.086       22.9375     0.0476050     0.0130277     0.0128030     0.0002180     0.0000068     0.0000000     0.0000000     0.0000000     0.0000000     0.0000000 
          43.            0.        2.0000       1.41279        7.6377        8.0739        7.2018        6.7280         0.087       23.1466     0.0472837     0.0125945     0.0123727     0.0002153     0.0000065     0.0000000     0.0000000     0.0000000     0.0000000     0.0000000 
          44.            0.        2.0000       1.40443        7.6391        8.0740        7.2045        6.7327         0.088       23.3549     0.0469723     0.0121828     0.0119638     0.0002128     0.0000063     0.0000000     0.0000000     0.0000000     0.0000000     0.0000000 
          44.            0.        2.0000       1.39631        7.6405        8.0741        7.2072        6.7373         0.090       23.5623     0.0466700     0.0117913     0.0115748     0.0002104     0.0000060     0.0000000     0.0000000     0.0000000     0.0000000     0.0000000 
          44.            0.        2.0000       1.38842        7.6419        8.0742        7.2097        6.7418         0.091       23.7688     0.0463767     0.0114186     0.0112047     0.0002080     0.0000058     0.0000000     0.0000000     0.0000000     0.0000000     0.0000000 
          45.            0.        2.0000       1.38076        7.6432        8.0743        7.2123        6.7462         0.093       23.9744     0.0460918     0.0110636     0.0108522     0.0002058     0.0000056     0.0000000     0.0000000     0.0000000     0.0000000     0.0000000 
          46.            0.        2.0000       1.37330        7.6445        8.0744        7.2147        6.7505         0.094       24.1790     0.0458150     0.0107252     0.0105162     0.0002036     0.0000055     0.0000000     0.0000000     0.0000000     0.0000000     0.0000000 
          46.            0.        2.0000       1.36605        7.6458        8.0745        7.2171        6.7547         0.095       24.3825     0.0455460     0.0104025     0.0101958     0.0002015     0.0000053     0.0000000     0.0000000     0.0000000     0.0000000     0.0000000 
          46.            0.        2.0000       1.35899        7.6470        8.0746        7.2195        6.7588         0.097       24.5851     0.0452844     0.0100945     0.0098900     0.0001994     0.0000051     0.0000000     0.0000000     0.0000000     0.0000000     0.0000000 
          47.            0.        2.0000       1.35212        7.6482        8.0747        7.2218        6.7628         0.098       24.7867     0.0450300     0.0098003     0.0095979     0.0001974     0.0000049     0.0000000     0.0000000     0.0000000     0.0000000     0.0000000 
          48.            0.        2.0000       1.34543        7.6494        8.0748        7.2240        6.7667         0.099       24.9871     0.0447824     0.0095192     0.0093189     0.0001955     0.0000048     0.0000000     0.0000000     0.0000000     0.0000000     0.0000000 
          48.            0.        2.0000       1.33891        7.6505        8.0748        7.2262        6.7705         0.101       25.1865     0.0445414     0.0092503     0.0090521     0.0001936     0.0000047     0.0000000     0.0000000     0.0000000     0.0000000     0.0000000 
          48.            0.        2.0000       1.33256        7.6517        8.0749        7.2283        6.7742         0.102       25.3849     0.0443067     0.0089931     0.0087968     0.0001918     0.0000045     0.0000000     0.0000000     0.0000000     0.0000000     0.0000000 
          49.            0.        2.0000       1.32636        7.6528        8.0750        7.2304        6.7779         0.104       25.5821     0.0440781     0.0087469     0.0085525     0.0001900     0.0000044     0.0000000     0.0000000     0.0000000     0.0000000     0.0000000 
          50.            0.        2.0000       1.32032        7.6539        8.0751        7.2325        6.7815         0.105       25.7781     0.0438554     0.0085110     0.0083184     0.0001883     0.0000043     0.0000000     0.0000000     0.0000000     0.0000000     0.0000000 
          50.            0.        2.0000       1.31443        7.6550        8.0752        7.2345        6.7850         0.106       25.9731     0.0436382     0.0082849     0.0080941     0.0001867     0.0000042     0.0000000     0.0000000     0.0000000     0.0000000     0.0000000 
          50.            0.        2.0000       1.30868        7.6560        8.0753        7.2365        6.7884         0.108       26.1669     0.0434265     0.0080681     0.0078790     0.0001850     0.0000040     0.0000000     0.0000000     0.0000000     0.0000000     0.0000000 
          51.            0.        2.0000       1.30307        7.6570        8.0753        7.2384        6.7917         0.109       26.3597     0.0432200     0.0078600     0.0076726     0.0001835     0.0000039     0.0000000     0.0000000     0.0000000     0.0000000     0.0000000 
          52.            0.        2.0000       1.29759        7.6580        8.0754        7.2403        6.7950         0.110       26.5512     0.0430185     0.0076603     0.0074745     0.0001819     0.0000038     0.0000000     0.0000000     0.0000000     0.0000000     0.0000000 
          52.            0.        2.0000       1.29224        7.6590        8.0755        7.2421        6.7982         0.112       26.7417     0.0428219     0.0074684     0.0072842     0.0001805     0.0000037     0.0000000     0.0000000     0.0000000     0.0000000     0.0000000 
          52.            0.        2.0000       1.28702        7.6600        8.0756        7.2439        6.8014         0.113       26.9310     0.0426298     0.0072841     0.0071014     0.0001790     0.0000036     0.0000000     0.0000000     0.0000000     0.0000000     0.0000000 
          53.            0.        2.0000       1.28191        7.6609        8.0757        7.2457        6.8045         0.114       27.1191     0.0424424     0.0071068     0.0069256     0.0001776     0.0000036     0.0000000     0.0000000     0.0000000     0.0000000     0.0000000 
          54.            0.        2.0000       1.27691        7.6619        8.0757        7.2474        6.8075         0.116       27.3061     0.0422592     0.0069363     0.0067566     0.0001762     0.0000035     0.0000000     0.0000000     0.0000000     0.0000000     0.0000000 
          54.            0.        2.0000       1.27203        7.6628        8.0758        7.2491        6.8104         0.117       27.4920     0.0420803     0.0067722     0.0065939     0.0001749     0.0000034     0.0000000     0.0000000     0.0000000     0.0000000     0.0000000 
          54.            0.        2.0000       1.26726        7.6637        8.0759        7.2508        6.8133         0.118       27.6767     0.0419054     0.0066142     0.0064372     0.0001736     0.0000033     0.0000000     0.0000000     0.0000000     0.0000000     0.0000000 
          55.            0.        2.0000       1.26258        7.6646        8.0759        7.2524        6.8162         0.120       27.8603     0.0417344     0.0064620     0.0062864     0.0001723     0.0000032     0.0000000     0.0000000     0.0000000     0.0000000     0.0000000 
          56.            0.        2.0000       1.25801        7.6654        8.0760        7.2541        6.8189         0.121       28.0427     0.0415672     0.0063153     0.0061410     0.0001711     0.0000032     0.0000000     0.0000000     0.0000000     0.0000000     0.0000000 
          56.            0.        2.0000       1.25354        7.6663        8.0761        7.2556        6.8217         0.122       28.2241     0.0414037     0.0061739     0.0060009     0.0001699     0.0000031     0.0000000     0.0000000     0.0000000     0.0000000     0.0000000 
          56.            0.        2.0000       1.24916        7.6671        8.0761        7.2572        6.8243         0.123       28.4043     0.0412436     0.0060375     0.0058657     0.0001687     0.0000030     0.0000000     0.0000000     0.0000000     0.0000000     0.0000000 
          57.            0.        2.0000       1.24487        7.6679        8.0762        7.2587        6.8270         0.125       28.5833     0.0410870     0.0059058     0.0057353     0.0001676     0.0000030     0.0000000     0.0000000     0.0000000     0.0000000     0.0000000 
          58.            0.        2.0000       1.24067        7.6687        8.0763        7.2602        6.8295         0.126       28.7613     0.0409338     0.0057788     0.0056094     0.0001665     0.0000029     0.0000000     0.0000000     0.0000000     0.0000000     0.0000000 
          58.            0.        2.0000       1.23655        7.6695        8.0763        7.2616        6.8320         0.127       28.9382     0.0407837     0.0056561     0.0054879     0.0001654     0.0000028     0.0000000     0.0000000     0.0000000     0.0000000     0.0000000 
          58.            0.        2.0000       1.23252        7.6703        8.0764        7.2631        6.8345         0.129       29.1140     0.0406367     0.0055375     0.0053704     0.0001643     0.0000028     0.0000000     0.0000000     0.0000000     0.0000000     0.0000000 
          59.            0.        2.0000       1.22857        7.6711        8.0765        7.2645        6.8369         0.130       29.2886     0.0404928     0.0054230     0.0052570     0.0001633     0.0000027     0.0000000     0.0000000     0.0000000     0.0000000     0.0000000 
          60.            0.        2.0000       1.22469        7.6718        8.0765        7.2658        6.8393         0.131       29.4622     0.0403518     0.0053122     0.0051473     0.0001622     0.0000027     0.0000000     0.0000000     0.0000000     0.0000000     0.0000000 
          60.            0.        2.0000       1.22089        7.6725        8.0766        7.2672        6.8417         0.132       29.6347     0.0402135     0.0052051     0.0050412     0.0001613     0.0000026     0.0000000     0.0000000     0.0000000     0.0000000     0.0000000 
          60.            0.        2.0000       1.21716        7.6733        8.0766        7.2685        6.8440         0.134       29.8062     0.0400780     0.0051014     0.0049386     0.0001603     0.0000026     0.0000000     0.0000000     0.0000000     0.0000000     0.0000000 
          61.            0.        2.0000       1.21351        7.6740        8.0767        7.2698        6.8462         0.135       29.9765     0.0399452     0.0050011     0.0048392     0.0001593     0.0000025     0.0000000     0.0000000     0.0000000     0.0000000     0.0000000 
          62.            0.        2.0000       1.20992        7.6747        8.0767        7.2711        6.8484         0.136       30.1458     0.0398151     0.0049039     0.0047431     0.0001584     0.0000025     0.0000000     0.0000000     0.0000000     0.0000000     0.0000000 
          62.            0.        2.0000       1.20640        7.6754        8.0768        7.2724        6.8506         0.137       30.3141     0.0396873     0.0048098     0.0046499     0.0001575     0.0000024     0.0000000     0.0000000     0.0000000     0.0000000     0.0000000 
          62.            0.        2.0000       1.20295        7.6761        8.0769        7.2736        6.8527         0.139       30.4813     0.0395620     0.0047187     0.0045597     0.0001566     0.0000024     0.0000000     0.0000000     0.0000000     0.0000000     0.0000000 
          63.            0.        2.0000       1.19956        7.6767        8.0769        7.2748        6.8548         0.140       30.6475     0.0394392     0.0046303     0.0044723     0.0001557     0.0000024     0.0000000     0.0000000     0.0000000     0.0000000     0.0000000 
          64.            0.        2.0000       1.19623        7.6774        8.0770        7.2760        6.8568         0.141       30.8126     0.0393186     0.0045447     0.0043875     0.0001549     0.0000023     0.0000000     0.0000000     0.0000000     0.0000000     0.0000000 
          64.            0.        2.0000       1.19296        7.6780        8.0770        7.2772        6.8589         0.142       30.9768     0.0392002     0.0044616     0.0043053     0.0001540     0.0000023     0.0000000     0.0000000     0.0000000     0.0000000     0.0000000 
          64.            0.        2.0000       1.18974        7.6786        8.0771        7.2783        6.8608         0.143       31.1399     0.0390840     0.0043810     0.0042255     0.0001532     0.0000022     0.0000000     0.0000000     0.0000000     0.0000000     0.0000000 
          65.            0.        2.0000       1.18659        7.6793        8.0771        7.2795        6.8628         0.145       31.3021     0.0389699     0.0043028     0.0041482     0.0001524     0.0000022     0.0000000     0.0000000     0.0000000     0.0000000     0.0000000 
          66.            0.        2.0000       1.18349        7.6799        8.0772        7.2806        6.8647         0.146       31.4633     0.0388579     0.0042268     0.0040731     0.0001516     0.0000022     0.0000000     0.0000000     0.0000000     0.0000000     0.0000000 
          66.            0.        2.0000       1.18044        7.6805        8.0772        7.2817        6.8665         0.147       31.6235     0.0387479     0.0041531     0.0040001     0.0001508     0.0000021     0.0000000     0.0000000     0.0000000     0.0000000     0.0000000 
          66.            0.        2.0000       1.17744        7.6811        8.0773        7.2828        6.8684         0.148       31.7828     0.0386399     0.0040815     0.0039293     0.0001501     0.0000021     0.0000000     0.0000000     0.0000000     0.0000000     0.0000000 
          67.            0.        2.0000       1.17450        7.6817        8.0773        7.2838        6.8702         0.149       31.9414     0.0385337     0.0040120     0.0038606     0.0001493     0.0000021     0.0000000     0.0000000     0.0000000     0.0000000     0.0000000 
          68.            0.        2.0000       1.17161        7.6822        8.0774        7.2848        6.8720         0.151       32.0996     0.0384296     0.0039445     0.0037938     0.0001486     0.0000020     0.0000000     0.0000000     0.0000000     0.0000000     0.0000000 
          68.            0.        2.0000       1.16878        7.6828        8.0774        7.2859        6.8737         0.152       32.2588     0.0383275     0.0038791     0.0037292     0.0001479     0.0000020     0.0000000     0.0000000     0.0000000     0.0000000     0.0000000 
          68.            0.        2.0000       1.16602        7.6833        8.0775        7.2869        6.8754         0.154       32.4226     0.0382282     0.0038161     0.0036670     0.0001472     0.0000020     0.0000000     0.0000000     0.0000000     0.0000000     0.0000000 
          69.            0.        2.0000       1.16341        7.6839        8.0775        7.2879        6.8771         0.157       32.6013     0.0381333     0.0037570     0.0036085     0.0001465     0.0000019     0.0000000     0.0000000     0.0000000     0.0000000     0.0000000 
          70.            0.        2.0000       1.16110        7.6844        8.0775        7.2888        6.8789         0.162       32.8209     0.0380488     0.0037054     0.0035575     0.0001460     0.0000019     0.0000000     0.0000000     0.0000000     0.0000000     0.0000000 
          70.            0.        2.0000       1.16281        7.6832        8.0774        7.2872        6.8768         0.184       33.5963     0.0381158     0.0037438     0.0035955     0.0001464     0.0000019     0.0000000     0.0000000     0.0000000     0.0000000     0.0000000 
          70.            0.        3.0000       1.08227        7.6447        8.0737        7.2205        6.7679         0.206       35.2271     0.0300213     0.0001257     0.0000452     0.0000798     0.0000006     0.0000000     0.0000000     0.0000000     0.0000000     0.0000000 
          71.            0.        4.0000       1.03952        7.6074        8.0701        7.1579        6.6702         0.204       36.8552     0.0259315     0.0000523     0.0000000     0.0000520     0.0000003     0.0000000     0.0000000     0.0000000     0.0000000     0.0000000 
          72.            0.        5.0000       1.01322        7.5741        8.0666        7.1046        6.5919         0.193       38.1332     0.0234654     0.0000373     0.0000000     0.0000371     0.0000002     0.0000000     0.0000000     0.0000000     0.0000000     0.0000000 
          72.            0.        6.0000       0.99542        7.5449        8.0633        7.0610        6.5324         0.183       39.0497     0.0218049     0.0000282     0.0000000     0.0000280     0.0000001     0.0000000     0.0000000     0.0000000     0.0000000     0.0000000 
          72.            0.        7.0000       0.98248        7.5193        8.0602        7.0251        6.4871         0.177       39.6507     0.0206030     0.0000220     0.0000000     0.0000219     0.0000001     0.0000000     0.0000000     0.0000000     0.0000000     0.0000000 
          73.            0.        8.0000       0.97253        7.4966        8.0571        6.9950        6.4514         0.173       39.9943     0.0196917     0.0000177     0.0000000     0.0000176     0.0000001     0.0000000     0.0000000     0.0000000     0.0000000     0.0000000 
          74.            0.        9.0000       0.96459        7.4762        8.0540        6.9691        6.4223         0.170       40.1340     0.0189789     0.0000145     0.0000000     0.0000144     0.0000001     0.0000000     0.0000000     0.0000000     0.0000000     0.0000000 
          74.            0.       10.0000       0.95808        7.4575        8.0510        6.9465        6.3978         0.168       40.1140     0.0184089     0.0000120     0.0000000     0.0000120     0.0000001     0.0000000     0.0000000     0.0000000     0.0000000     0.0000000 
          74.            0.       11.0000       0.95264        7.4405        8.0480        6.9265        6.3768         0.166       39.9685     0.0179452     0.0000101     0.0000000     0.0000101     0.0000001     0.0000000     0.0000000     0.0000000     0.0000000     0.0000000 
          75.            0.       12.0000       0.94801        7.4249        8.0450        6.9086        6.3584         0.164       39.7221     0.0175626     0.0000086     0.0000000     0.0000085     0.0000000     0.0000000     0.0000000     0.0000000     0.0000000     0.0000000 
          76.            0.       13.0000       0.94399        7.4105        8.0420        6.8926        6.3423         0.162       39.3909     0.0172430     0.0000073     0.0000000     0.0000073     0.0000000     0.0000000     0.0000000     0.0000000     0.0000000     0.0000000 
          76.            0.       14.0000       0.94041        7.3972        8.0391        6.8781        6.3278         0.159       38.9823     0.0169724     0.0000063     0.0000000     0.0000063     0.0000000     0.0000000     0.0000000     0.0000000     0.0000000     0.0000000 
          76.            0.       15.0000       0.93709        7.3847        8.0361        6.8647        6.3144         0.155       38.4958     0.0167419     0.0000054     0.0000000     0.0000054     0.0000000     0.0000000     0.0000000     0.0000000     0.0000000     0.0000000 
          77.            0.       16.0000       0.93383        7.3726        8.0332        6.8519        6.3017         0.152       37.9228     0.0165428     0.0000047     0.0000000     0.0000047     0.0000000     0.0000000     0.0000000     0.0000000     0.0000000     0.0000000 
          78.            0.       17.0000       0.93047        7.3607        8.0302        6.8392        6.2890         0.147       37.2488     0.0163691     0.0000041     0.0000000     0.0000041     0.0000000     0.0000000     0.0000000     0.0000000     0.0000000     0.0000000 
          78.            0.       18.0000       0.92687        7.3485        8.0269        6.8262        6.2760         0.143       36.4625     0.0162164     0.0000036     0.0000000     0.0000035     0.0000000     0.0000000     0.0000000     0.0000000     0.0000000     0.0000000 
          78.            0.       19.0000       0.92312        7.3358        8.0234        6.8129        6.2626         0.138       35.5850     0.0160825     0.0000031     0.0000000     0.0000031     0.0000000     0.0000000     0.0000000     0.0000000     0.0000000     0.0000000 
          79.            0.       20.0000       0.91971        7.3236        8.0196        6.8003        6.2501         0.133       34.6577     0.0159674     0.0000027     0.0000000     0.0000027     0.0000000     0.0000000     0.0000000     0.0000000     0.0000000     0.0000000 
          80.            0.       20.0000       0.91687        7.3186        8.0186        6.7941        6.2428         0.130       34.1575     0.0159520     0.0000027     0.0000000     0.0000027     0.0000000     0.0000000     0.0000000     0.0000000     0.0000000     0.0000000 
          80.            0.       20.0000       0.91694        7.3186        8.0187        6.7941        6.2428         0.131       34.1847     0.0159529     0.0000027     0.0000000     0.0000027     0.0000000     0.0000000     0.0000000     0.0000000     0.0000000     0.0000000 
          80.            0.       20.0000       0.91696        7.3186        8.0187        6.7941        6.2428         0.131       34.1938     0.0159535     0.0000027     0.0000000     0.0000027     0.0000000     0.0000000     0.0000000     0.0000000     0.0000000     0.0000000 
          81.            0.       20.0000       0.91697        7.3186        8.0187        6.7941        6.2427         0.132       34.1969     0.0159540     0.0000027     0.0000000     0.0000027     0.0000000     0.0000000     0.0000000     0.0000000     0.0000000     0.0000000 
          82.            0.       20.0000       0.91697        7.3186        8.0187        6.7940        6.2426         0.132       34.1980     0.0159545     0.0000027     0.0000000     0.0000027     0.0000000     0.0000000     0.0000000     0.0000000     0.0000000     0.0000000 
          82.            0.       20.0000       0.91697        7.3186        8.0186        6.7940        6.2425         0.132       34.1984     0.0159550     0.0000027     0.0000000     0.0000027     0.0000000     0.0000000     0.0000000     0.0000000     0.0000000     0.0000000 
          82.            0.       20.0000       0.91697        7.3185        8.0186        6.7939        6.2424         0.133       34.1986     0.0159555     0.0000027     0.0000000     0.0000027     0.0000000     0.0000000     0.0000000     0.0000000     0.0000000     0.0000000 
          83.            0.       20.0000       0.91697        7.3185        8.0186        6.7939        6.2423         0.133       34.1987     0.0159560     0.0000027     0.0000000     0.0000027     0.0000000     0.0000000     0.0000000     0.0000000     0.0000000     0.0000000 
          84.            0.       20.0000       0.91697        7.3185        8.0186        6.7938        6.2422         0.134       34.1988     0.0159565     0.0000027     0.0000000     0.0000027     0.0000000     0.0000000     0.0000000     0.0000000     0.0000000     0.0000000 
          84.            0.       20.0000       0.91697        7.3185        8.0186        6.7938        6.2421         0.134       34.1989     0.0159569     0.0000027     0.0000000     0.0000027     0.0000000     0.0000000     0.0000000     0.0000000     0.0000000     0.0000000 
          84.            0.       20.0000       0.91697        7.3185        8.0186        6.7937        6.2420         0.134       34.1990     0.0159574     0.0000027     0.0000000     0.0000027     0.0000000     0.0000000     0.0000000     0.0000000     0.0000000     0.0000000 
          85.            0.       20.0000       0.91697        7.3184        8.0186        6.7936        6.2419         0.135       34.1990     0.0159579     0.0000027     0.0000000     0.0000027     0.0000000     0.0000000     0.0000000     0.0000000     0.0000000     0.0000000 
          86.            0.       20.0000       0.91697        7.3184        8.0186        6.7936        6.2417         0.135       34.1992     0.0159585     0.0000027     0.0000000     0.0000027     0.0000000     0.0000000     0.0000000     0.0000000     0.0000000     0.0000000 
          86.            0.       20.0000       0.91697        7.3184        8.0186        6.7935        6.2416         0.135       34.1992     0.0159590     0.0000027     0.0000000     0.0000027     0.0000000     0.0000000     0.0000000     0.0000000     0.0000000     0.0000000 
          86.            0.       20.0000       0.91697        7.3184        8.0186        6.7935        6.2415         0.136       34.1993     0.0159595     0.0000027     0.0000000     0.0000027     0.0000000     0.0000000     0.0000000     0.0000000     0.0000000     0.0000000 
          87.            0.       20.0000       0.91697        7.3183        8.0186        6.7934        6.2414         0.136       34.1994     0.0159600     0.0000027     0.0000000     0.0000027     0.0000000     0.0000000     0.0000000     0.0000000     0.0000000     0.0000000 
          88.            0.       20.0000       0.91697        7.3183        8.0186        6.7933        6.2413         0.137       34.1995     0.0159605     0.0000027     0.0000000     0.0000027     0.0000000     0.0000000     0.0000000     0.0000000     0.0000000     0.0000000 
          88.            0.       20.0000       0.91697        7.3183        8.0186        6.7933        6.2412         0.137       34.1997     0.0159611     0.0000027     0.0000000     0.0000027     0.0000000     0.0000000     0.0000000     0.0000000     0.0000000     0.0000000 
          88.            0.       20.0000       0.91696        7.3183        8.0186        6.7932        6.2411         0.137       34.1998     0.0159616     0.0000027     0.0000000     0.0000027     0.0000000     0.0000000     0.0000000     0.0000000     0.0000000     0.0000000 
          89.            0.       20.0000       0.91696        7.3182        8.0186        6.7932        6.2410         0.138       34.1999     0.0159622     0.0000027     0.0000000     0.0000027     0.0000000     0.0000000     0.0000000     0.0000000     0.0000000     0.0000000 
          90.            0.       20.0000       0.91696        7.3182        8.0186        6.7931        6.2408         0.138       34.2000     0.0159627     0.0000027     0.0000000     0.0000027     0.0000000     0.0000000     0.0000000     0.0000000     0.0000000     0.0000000 
          90.            0.       20.0000       0.91696        7.3182        8.0186        6.7930        6.2407         0.139       34.2001     0.0159633     0.0000027     0.0000000     0.0000027     0.0000000     0.0000000     0.0000000     0.0000000     0.0000000     0.0000000 
          90.            0.       20.0000       0.91696        7.3181        8.0186        6.7930        6.2406         0.139       34.2003     0.0159638     0.0000027     0.0000000     0.0000027     0.0000000     0.0000000     0.0000000     0.0000000     0.0000000     0.0000000 
          91.            0.       20.0000       0.91696        7.3181        8.0186        6.7929        6.2405         0.140       34.2004     0.0159644     0.0000027     0.0000000     0.0000027     0.0000000     0.0000000     0.0000000     0.0000000     0.0000000     0.0000000 
          92.            0.       20.0000       0.91696        7.3181        8.0186        6.7929        6.2404         0.140       34.2005     0.0159650     0.0000027     0.0000000     0.0000027     0.0000000     0.0000000     0.0000000     0.0000000     0.0000000     0.0000000 
          92.            0.       20.0000       0.91696        7.3181        8.0186        6.7928        6.2402         0.140       34.2007     0.0159656     0.0000027     0.0000000     0.0000027     0.0000000     0.0000000     0.0000000     0.0000000     0.0000000     0.0000000 
          92.            0.       20.0000       0.91696        7.3180        8.0186        6.7927        6.2401         0.141       34.2008     0.0159661     0.0000027     0.0000000     0.0000027     0.0000000     0.0000000     0.0000000     0.0000000     0.0000000     0.0000000 
          93.            0.       20.0000       0.91696        7.3180        8.0186        6.7927        6.2400         0.141       34.2009     0.0159667     0.0000027     0.0000000     0.0000027     0.0000000     0.0000000     0.0000000     0.0000000     0.0000000     0.0000000 
          94.            0.       20.0000       0.91696        7.3180        8.0186        6.7926        6.2399         0.142       34.2011     0.0159673     0.0000027     0.0000000     0.0000027     0.0000000     0.0000000     0.0000000     0.0000000     0.0000000     0.0000000 
          94.            0.       20.0000       0.91696        7.3180        8.0186        6.7925        6.2397         0.142       34.2012     0.0159679     0.0000027     0.0000000     0.0000027     0.0000000     0.0000000     0.0000000     0.0000000     0.0000000     0.0000000 
          94.            0.       20.0000       0.91696        7.3179        8.0186        6.7925        6.2396         0.143       34.2014     0.0159686     0.0000027     0.0000000     0.0000027     0.0000000     0.0000000     0.0000000     0.0000000     0.0000000     0.0000000 
          95.            0.       20.0000       0.91696        7.3179        8.0186        6.7924        6.2395         0.143       34.2016     0.0159692     0.0000027     0.0000000     0.0000027     0.0000000     0.0000000     0.0000000     0.0000000     0.0000000     0.0000000 
          96.            0.       20.0000       0.91696        7.3179        8.0186        6.7923        6.2394         0.144       34.2017     0.0159698     0.0000027     0.0000000     0.0000027     0.0000000     0.0000000     0.0000000     0.0000000     0.0000000     0.0000000 
          96.            0.       20.0000       0.91696        7.3178        8.0186        6.7923        6.2392         0.144       34.2019     0.0159704     0.0000027     0.0000000     0.0000027     0.0000000     0.0000000     0.0000000     0.0000000     0.0000000     0.0000000 
          96.            0.       20.0000       0.91696        7.3178        8.0186        6.7922        6.2391         0.145       34.2021     0.0159710     0.0000027     0.0000000     0.0000027     0.0000000     0.0000000     0.0000000     0.0000000     0.0000000     0.0000000 
          97.            0.       20.0000       0.91696        7.3178        8.0186        6.7921        6.2390         0.145       34.2022     0.0159717     0.0000027     0.0000000     0.0000027     0.0000000     0.0000000     0.0000000     0.0000000     0.0000000     0.0000000 
          98.            0.       20.0000       0.91696        7.3177        8.0186        6.7921        6.2388         0.146       34.2024     0.0159723     0.0000027     0.0000000     0.0000027     0.0000000     0.0000000     0.0000000     0.0000000     0.0000000     0.0000000 
          98.            0.       20.0000       0.91696        7.3177        8.0186        6.7920        6.2387         0.146       34.2026     0.0159730     0.0000027     0.0000000     0.0000027     0.0000000     0.0000000     0.0000000     0.0000000     0.0000000     0.0000000 
          98.            0.       20.0000       0.91696        7.3177        8.0186        6.7919        6.2386         0.147       34.2028     0.0159736     0.0000027     0.0000000     0.0000027     0.0000000     0.0000000     0.0000000     0.0000000     0.0000000     0.0000000 
          99.            0.       20.0000       0.91696        7.3177        8.0186        6.7918        6.2384         0.147       34.2030     0.0159743     0.0000027     0.0000000     0.0000027     0.0000000     0.0000000     0.0000000     0.0000000     0.0000000     0.0000000 
         100.            0.       20.0000       0.91696        7.3176        8.0186        6.7918        6.2383         0.148       34.2032     0.0159750     0.0000027     0.0000000     0.0000027     0.0000000     0.0000000     0.0000000     0.0000000     0.0000000     0.0000000 
         100.            0.       20.0000       0.91696        7.3176        8.0186        6.7917        6.2381         0.148       34.2034     0.0159757     0.0000027     0.0000000     0.0000027     0.0000000     0.0000000     0.0000000     0.0000000     0.0000000     0.0000000 
