%
%
% Run:2017  Table:COMPGRID          SWAN version:41.10A
%
%       Xp            Yp            Depth         Hsig          Tm_10         TPsmoo        Tm01          Tm02          Dir           Dspr          Steepn        Dissip        Ssurf         Sfric         Swcap         Redist        Snl3          Snl4          Genera        Swind    
%       [m]           [m]           [m]           [m]           [sec]         [sec]         [sec]         [sec]         [degr]        [degr]        [ ]           [m2/s]        [m2/s]        [m2/s]        [m2/s]        [m2/s]        [m2/s]        [m2/s]        [m2/s]        [m2/s]   
%
           0.            0.       21.0000       1.27822        9.0190       10.0173        8.2359        7.3787         0.051       36.1014     0.0167639     0.0000003     0.0000000     0.0000003     0.0000000     0.0000000     0.0000000     0.0000000     0.0000000     0.0000000 
           0.            0.       21.0000       1.27822        9.0190       10.0173        8.2359        7.3787         0.051       36.1015     0.0167639     0.0000077     0.0000000     0.0000076     0.0000000     0.0000000     0.0000000     0.0000000     0.0000000     0.0000000 
           1.            0.       21.0000       1.27822        9.0190       10.0173        8.2359        7.3787         0.051       36.1015     0.0167639     0.0000077     0.0000000     0.0000076     0.0000000     0.0000000     0.0000000     0.0000000     0.0000000     0.0000000 
           2.            0.       21.0000       1.27821        9.0190       10.0173        8.2359        7.3787         0.051       36.1016     0.0167638     0.0000077     0.0000000     0.0000076     0.0000000     0.0000000     0.0000000     0.0000000     0.0000000     0.0000000 
           2.            0.       21.0000       1.27821        9.0190       10.0173        8.2359        7.3787         0.051       36.1017     0.0167638     0.0000077     0.0000000     0.0000076     0.0000000     0.0000000     0.0000000     0.0000000     0.0000000     0.0000000 
           2.            0.       21.0000       1.27821        9.0190       10.0173        8.2359        7.3787         0.051       36.1017     0.0167638     0.0000077     0.0000000     0.0000076     0.0000000     0.0000000     0.0000000     0.0000000     0.0000000     0.0000000 
           3.            0.       21.0000       1.27821        9.0190       10.0173        8.2359        7.3787         0.050       36.1018     0.0167638     0.0000077     0.0000000     0.0000076     0.0000000     0.0000000     0.0000000     0.0000000     0.0000000     0.0000000 
           4.            0.       21.0000       1.27820        9.0190       10.0173        8.2359        7.3787         0.050       36.1019     0.0167637     0.0000077     0.0000000     0.0000076     0.0000000     0.0000000     0.0000000     0.0000000     0.0000000     0.0000000 
           4.            0.       21.0000       1.27820        9.0190       10.0173        8.2359        7.3787         0.050       36.1019     0.0167637     0.0000077     0.0000000     0.0000076     0.0000000     0.0000000     0.0000000     0.0000000     0.0000000     0.0000000 
           4.            0.       21.0000       1.27820        9.0190       10.0173        8.2359        7.3787         0.050       36.1020     0.0167637     0.0000077     0.0000000     0.0000076     0.0000000     0.0000000     0.0000000     0.0000000     0.0000000     0.0000000 
           5.            0.       21.0000       1.27819        9.0190       10.0173        8.2359        7.3787         0.050       36.1021     0.0167637     0.0000077     0.0000000     0.0000076     0.0000000     0.0000000     0.0000000     0.0000000     0.0000000     0.0000000 
           6.            0.       21.0000       1.27819        9.0190       10.0173        8.2359        7.3787         0.050       36.1021     0.0167637     0.0000077     0.0000000     0.0000076     0.0000000     0.0000000     0.0000000     0.0000000     0.0000000     0.0000000 
           6.            0.       21.0000       1.27819        9.0190       10.0173        8.2358        7.3787         0.050       36.1022     0.0167636     0.0000077     0.0000000     0.0000076     0.0000000     0.0000000     0.0000000     0.0000000     0.0000000     0.0000000 
           6.            0.       21.0000       1.27819        9.0190       10.0173        8.2358        7.3787         0.050       36.1023     0.0167636     0.0000077     0.0000000     0.0000076     0.0000000     0.0000000     0.0000000     0.0000000     0.0000000     0.0000000 
           7.            0.       21.0000       1.27818        9.0190       10.0173        8.2358        7.3787         0.050       36.1024     0.0167636     0.0000077     0.0000000     0.0000076     0.0000000     0.0000000     0.0000000     0.0000000     0.0000000     0.0000000 
           8.            0.       21.0000       1.27818        9.0190       10.0173        8.2358        7.3787         0.050       36.1024     0.0167636     0.0000077     0.0000000     0.0000076     0.0000000     0.0000000     0.0000000     0.0000000     0.0000000     0.0000000 
           8.            0.       21.0000       1.27818        9.0189       10.0173        8.2358        7.3787         0.050       36.1025     0.0167635     0.0000077     0.0000000     0.0000076     0.0000000     0.0000000     0.0000000     0.0000000     0.0000000     0.0000000 
           8.            0.       21.0000       1.27817        9.0189       10.0173        8.2358        7.3787         0.050       36.1026     0.0167635     0.0000077     0.0000000     0.0000076     0.0000000     0.0000000     0.0000000     0.0000000     0.0000000     0.0000000 
           9.            0.       21.0000       1.27817        9.0189       10.0173        8.2358        7.3787         0.049       36.1026     0.0167635     0.0000077     0.0000000     0.0000076     0.0000000     0.0000000     0.0000000     0.0000000     0.0000000     0.0000000 
          10.            0.       21.0000       1.27817        9.0189       10.0173        8.2358        7.3786         0.049       36.1027     0.0167635     0.0000077     0.0000000     0.0000076     0.0000000     0.0000000     0.0000000     0.0000000     0.0000000     0.0000000 
          10.            0.       21.0000       1.27817        9.0189       10.0173        8.2358        7.3786         0.049       36.1028     0.0167635     0.0000077     0.0000000     0.0000076     0.0000000     0.0000000     0.0000000     0.0000000     0.0000000     0.0000000 
          10.            0.       21.0000       1.27816        9.0189       10.0173        8.2358        7.3786         0.049       36.1028     0.0167634     0.0000077     0.0000000     0.0000076     0.0000000     0.0000000     0.0000000     0.0000000     0.0000000     0.0000000 
          11.            0.       21.0000       1.27816        9.0189       10.0173        8.2358        7.3786         0.049       36.1029     0.0167634     0.0000077     0.0000000     0.0000076     0.0000000     0.0000000     0.0000000     0.0000000     0.0000000     0.0000000 
          12.            0.       21.0000       1.27816        9.0189       10.0173        8.2358        7.3786         0.049       36.1030     0.0167634     0.0000077     0.0000000     0.0000076     0.0000000     0.0000000     0.0000000     0.0000000     0.0000000     0.0000000 
          12.            0.       21.0000       1.27815        9.0189       10.0173        8.2358        7.3786         0.049       36.1030     0.0167634     0.0000077     0.0000000     0.0000076     0.0000000     0.0000000     0.0000000     0.0000000     0.0000000     0.0000000 
          12.            0.       21.0000       1.27815        9.0189       10.0173        8.2358        7.3786         0.049       36.1031     0.0167633     0.0000077     0.0000000     0.0000076     0.0000000     0.0000000     0.0000000     0.0000000     0.0000000     0.0000000 
          13.            0.       21.0000       1.27815        9.0189       10.0173        8.2358        7.3786         0.049       36.1032     0.0167633     0.0000077     0.0000000     0.0000076     0.0000000     0.0000000     0.0000000     0.0000000     0.0000000     0.0000000 
          14.            0.       21.0000       1.27815        9.0189       10.0173        8.2358        7.3786         0.049       36.1032     0.0167633     0.0000077     0.0000000     0.0000076     0.0000000     0.0000000     0.0000000     0.0000000     0.0000000     0.0000000 
          14.            0.       21.0000       1.27814        9.0189       10.0173        8.2358        7.3786         0.049       36.1033     0.0167633     0.0000077     0.0000000     0.0000076     0.0000000     0.0000000     0.0000000     0.0000000     0.0000000     0.0000000 
          14.            0.       21.0000       1.27814        9.0189       10.0173        8.2358        7.3786         0.049       36.1034     0.0167633     0.0000077     0.0000000     0.0000076     0.0000000     0.0000000     0.0000000     0.0000000     0.0000000     0.0000000 
          15.            0.       21.0000       1.27814        9.0189       10.0173        8.2358        7.3786         0.049       36.1035     0.0167632     0.0000077     0.0000000     0.0000076     0.0000000     0.0000000     0.0000000     0.0000000     0.0000000     0.0000000 
          16.            0.       21.0000       1.27813        9.0189       10.0173        8.2358        7.3786         0.048       36.1035     0.0167632     0.0000077     0.0000000     0.0000076     0.0000000     0.0000000     0.0000000     0.0000000     0.0000000     0.0000000 
          16.            0.       21.0000       1.27813        9.0189       10.0173        8.2358        7.3786         0.048       36.1036     0.0167632     0.0000077     0.0000000     0.0000076     0.0000000     0.0000000     0.0000000     0.0000000     0.0000000     0.0000000 
          16.            0.       21.0000       1.27813        9.0189       10.0173        8.2358        7.3786         0.048       36.1036     0.0167632     0.0000077     0.0000000     0.0000076     0.0000000     0.0000000     0.0000000     0.0000000     0.0000000     0.0000000 
          17.            0.       21.0000       1.27813        9.0189       10.0173        8.2358        7.3786         0.048       36.1037     0.0167631     0.0000077     0.0000000     0.0000076     0.0000000     0.0000000     0.0000000     0.0000000     0.0000000     0.0000000 
          18.            0.       21.0000       1.27812        9.0189       10.0173        8.2358        7.3786         0.048       36.1038     0.0167631     0.0000077     0.0000000     0.0000076     0.0000000     0.0000000     0.0000000     0.0000000     0.0000000     0.0000000 
          18.            0.       21.0000       1.27812        9.0189       10.0173        8.2358        7.3786         0.048       36.1039     0.0167631     0.0000077     0.0000000     0.0000076     0.0000000     0.0000000     0.0000000     0.0000000     0.0000000     0.0000000 
          18.            0.       21.0000       1.27812        9.0189       10.0173        8.2358        7.3786         0.048       36.1041     0.0167631     0.0000077     0.0000000     0.0000076     0.0000000     0.0000000     0.0000000     0.0000000     0.0000000     0.0000000 
          19.            0.       21.0000       1.27812        9.0189       10.0173        8.2358        7.3786         0.048       36.1044     0.0167631     0.0000077     0.0000000     0.0000076     0.0000000     0.0000000     0.0000000     0.0000000     0.0000000     0.0000000 
          20.            0.       21.0000       1.27812        9.0189       10.0173        8.2358        7.3786         0.048       36.1054     0.0167631     0.0000077     0.0000000     0.0000076     0.0000000     0.0000000     0.0000000     0.0000000     0.0000000     0.0000000 
          20.            0.       21.0000       1.27813        9.0189       10.0173        8.2358        7.3786         0.048       36.1082     0.0167631     0.0000077     0.0000000     0.0000076     0.0000000     0.0000000     0.0000000     0.0000000     0.0000000     0.0000000 
          20.            0.       21.0000       1.27816        9.0190       10.0173        8.2359        7.3787         0.048       36.1165     0.0167632     0.0000077     0.0000000     0.0000076     0.0000000     0.0000000     0.0000000     0.0000000     0.0000000     0.0000000 
          21.            0.       21.0000       1.27728        9.0179       10.0172        8.2344        7.3768         0.051       36.0117     0.0167590     0.0000077     0.0000000     0.0000076     0.0000000     0.0000000     0.0000000     0.0000000     0.0000000     0.0000000 
          22.            0.       20.0000       1.27596        9.0263       10.0197        8.2410        7.3803         0.057       35.7945     0.0168843     0.0000084     0.0000000     0.0000084     0.0000000     0.0000000     0.0000000     0.0000000     0.0000000     0.0000000 
          22.            0.       19.0000       1.27507        9.0359       10.0222        8.2493        7.3856         0.064       35.5738     0.0170249     0.0000092     0.0000000     0.0000092     0.0000000     0.0000000     0.0000000     0.0000000     0.0000000     0.0000000 
          22.            0.       18.0000       1.27486        9.0472       10.0249        8.2598        7.3932         0.071       35.3576     0.0171852     0.0000102     0.0000000     0.0000102     0.0000000     0.0000000     0.0000000     0.0000000     0.0000000     0.0000000 
          23.            0.       17.0000       1.27555        9.0604       10.0277        8.2728        7.4037         0.078       35.1618     0.0173697     0.0000113     0.0000000     0.0000113     0.0000000     0.0000000     0.0000000     0.0000000     0.0000000     0.0000000 
          24.            0.       16.0000       1.27732        9.0755       10.0306        8.2887        7.4175         0.086       34.9941     0.0175834     0.0000126     0.0000000     0.0000126     0.0000001     0.0000000     0.0000000     0.0000000     0.0000000     0.0000000 
          24.            0.       15.0000       1.28037        9.0927       10.0335        8.3078        7.4352         0.095       34.8595     0.0178324     0.0000141     0.0000000     0.0000141     0.0000001     0.0000000     0.0000000     0.0000000     0.0000000     0.0000000 
          24.            0.       14.0000       1.28491        9.1120       10.0366        8.3303        7.4573         0.105       34.7625     0.0181246     0.0000160     0.0000000     0.0000159     0.0000001     0.0000000     0.0000000     0.0000000     0.0000000     0.0000000 
          25.            0.       13.0000       1.29121        9.1337       10.0397        8.3568        7.4847         0.117       34.7075     0.0184700     0.0000182     0.0000000     0.0000181     0.0000001     0.0000000     0.0000000     0.0000000     0.0000000     0.0000000 
          26.            0.       12.0000       1.29960        9.1577       10.0429        8.3876        7.5183         0.130       34.6978     0.0188816     0.0000208     0.0000000     0.0000208     0.0000001     0.0000000     0.0000000     0.0000000     0.0000000     0.0000000 
          26.            0.       11.0000       1.31049        9.1841       10.0460        8.4233        7.5592         0.146       34.7347     0.0193770     0.0000242     0.0000000     0.0000241     0.0000001     0.0000000     0.0000000     0.0000000     0.0000000     0.0000000 
          26.            0.       10.0000       1.32437        9.2128       10.0492        8.4642        7.6088         0.166       34.8144     0.0199803     0.0000284     0.0000000     0.0000283     0.0000001     0.0000000     0.0000000     0.0000000     0.0000000     0.0000000 
          27.            0.        9.0000       1.34182        9.2438       10.0524        8.5108        7.6688         0.189       34.9240     0.0207264     0.0000339     0.0000000     0.0000337     0.0000001     0.0000000     0.0000000     0.0000000     0.0000000     0.0000000 
          28.            0.        8.0000       1.36358        9.2769       10.0555        8.5632        7.7405         0.218       35.0348     0.0216676     0.0000411     0.0000000     0.0000409     0.0000002     0.0000000     0.0000000     0.0000000     0.0000000     0.0000000 
          28.            0.        7.0000       1.39056        9.3114       10.0585        8.6212        7.8244         0.252       35.0927     0.0228870     0.0000510     0.0000000     0.0000508     0.0000002     0.0000000     0.0000000     0.0000000     0.0000000     0.0000000 
          28.            0.        6.0000       1.42402        9.3467       10.0613        8.6832        7.9191         0.292       35.0075     0.0245218     0.0000651     0.0000000     0.0000648     0.0000003     0.0000000     0.0000000     0.0000000     0.0000000     0.0000000 
          29.            0.        5.0000       1.46600        9.3819       10.0641        8.7471        8.0209         0.333       34.6446     0.0268089     0.0000879     0.0000015     0.0000858     0.0000005     0.0000000     0.0000000     0.0000000     0.0000000     0.0000000 
          30.            0.        4.0000       1.52054        9.4166       10.0669        8.8110        8.1257         0.362       33.8377     0.0301894     0.0002708     0.0001498     0.0001201     0.0000009     0.0000000     0.0000000     0.0000000     0.0000000     0.0000000 
          30.            0.        3.0000       1.59989        9.4503       10.0697        8.8733        8.2292         0.352       32.8712     0.0356964     0.0036449     0.0034586     0.0001842     0.0000021     0.0000000     0.0000000     0.0000000     0.0000000     0.0000000 
          30.            0.        3.0000       1.59338        9.4507       10.0697        8.8739        8.2299         0.327       32.3825     0.0355483     0.0035310     0.0033462     0.0001827     0.0000021     0.0000000     0.0000000     0.0000000     0.0000000     0.0000000 
          31.            0.        3.0000       1.59107        9.4512       10.0697        8.8748        8.2314         0.327       32.3395     0.0354905     0.0034911     0.0033069     0.0001822     0.0000020     0.0000000     0.0000000     0.0000000     0.0000000     0.0000000 
          32.            0.        3.0000       1.58925        9.4516       10.0698        8.8755        8.2326         0.327       32.3621     0.0354447     0.0034599     0.0032761     0.0001818     0.0000020     0.0000000     0.0000000     0.0000000     0.0000000     0.0000000 
          32.            0.        3.0000       1.58760        9.4519       10.0698        8.8762        8.2338         0.328       32.4067     0.0354030     0.0034317     0.0032483     0.0001814     0.0000020     0.0000000     0.0000000     0.0000000     0.0000000     0.0000000 
          32.            0.        3.0000       1.58602        9.4523       10.0698        8.8768        8.2349         0.328       32.4586     0.0353629     0.0034048     0.0032218     0.0001810     0.0000020     0.0000000     0.0000000     0.0000000     0.0000000     0.0000000 
          33.            0.        3.0000       1.58447        9.4526       10.0698        8.8775        8.2361         0.329       32.5129     0.0353237     0.0033786     0.0031959     0.0001807     0.0000020     0.0000000     0.0000000     0.0000000     0.0000000     0.0000000 
          34.            0.        3.0000       1.58294        9.4529       10.0699        8.8781        8.2372         0.329       32.5679     0.0352849     0.0033528     0.0031705     0.0001803     0.0000020     0.0000000     0.0000000     0.0000000     0.0000000     0.0000000 
          34.            0.        3.0000       1.58142        9.4532       10.0699        8.8787        8.2383         0.330       32.6232     0.0352465     0.0033274     0.0031454     0.0001800     0.0000020     0.0000000     0.0000000     0.0000000     0.0000000     0.0000000 
          34.            0.        3.0000       1.57991        9.4536       10.0699        8.8793        8.2394         0.330       32.6785     0.0352084     0.0033023     0.0031207     0.0001797     0.0000019     0.0000000     0.0000000     0.0000000     0.0000000     0.0000000 
          35.            0.        3.0000       1.57842        9.4539       10.0699        8.8800        8.2404         0.331       32.7338     0.0351707     0.0032776     0.0030963     0.0001793     0.0000019     0.0000000     0.0000000     0.0000000     0.0000000     0.0000000 
          36.            0.        3.0000       1.57694        9.4542       10.0700        8.8806        8.2415         0.331       32.7890     0.0351332     0.0032532     0.0030723     0.0001790     0.0000019     0.0000000     0.0000000     0.0000000     0.0000000     0.0000000 
          36.            0.        3.0000       1.57547        9.4545       10.0700        8.8812        8.2426         0.332       32.8442     0.0350961     0.0032292     0.0030486     0.0001787     0.0000019     0.0000000     0.0000000     0.0000000     0.0000000     0.0000000 
          36.            0.        3.0000       1.57401        9.4548       10.0700        8.8818        8.2436         0.332       32.8993     0.0350593     0.0032054     0.0030252     0.0001783     0.0000019     0.0000000     0.0000000     0.0000000     0.0000000     0.0000000 
          37.            0.        3.0000       1.57257        9.4551       10.0700        8.8824        8.2447         0.333       32.9543     0.0350227     0.0031820     0.0030021     0.0001780     0.0000019     0.0000000     0.0000000     0.0000000     0.0000000     0.0000000 
          38.            0.        3.0000       1.57113        9.4554       10.0700        8.8830        8.2457         0.333       33.0092     0.0349864     0.0031588     0.0029792     0.0001777     0.0000019     0.0000000     0.0000000     0.0000000     0.0000000     0.0000000 
          38.            0.        3.0000       1.56971        9.4557       10.0701        8.8836        8.2468         0.334       33.0641     0.0349504     0.0031360     0.0029567     0.0001774     0.0000019     0.0000000     0.0000000     0.0000000     0.0000000     0.0000000 
          38.            0.        3.0000       1.56830        9.4561       10.0701        8.8842        8.2478         0.334       33.1189     0.0349147     0.0031134     0.0029345     0.0001771     0.0000019     0.0000000     0.0000000     0.0000000     0.0000000     0.0000000 
          39.            0.        3.0000       1.56690        9.4564       10.0701        8.8848        8.2489         0.335       33.1736     0.0348793     0.0030912     0.0029126     0.0001768     0.0000018     0.0000000     0.0000000     0.0000000     0.0000000     0.0000000 
          40.            0.        3.0000       1.56551        9.4567       10.0701        8.8854        8.2499         0.335       33.2282     0.0348441     0.0030692     0.0028909     0.0001764     0.0000018     0.0000000     0.0000000     0.0000000     0.0000000     0.0000000 
          40.            0.        3.0000       1.56413        9.4570       10.0702        8.8860        8.2509         0.336       33.2827     0.0348092     0.0030475     0.0028695     0.0001761     0.0000018     0.0000000     0.0000000     0.0000000     0.0000000     0.0000000 
          40.            0.        3.0000       1.56276        9.4572       10.0702        8.8865        8.2519         0.336       33.3372     0.0347746     0.0030261     0.0028484     0.0001758     0.0000018     0.0000000     0.0000000     0.0000000     0.0000000     0.0000000 
          41.            0.        3.0000       1.56140        9.4575       10.0702        8.8871        8.2529         0.337       33.3915     0.0347403     0.0030049     0.0028276     0.0001755     0.0000018     0.0000000     0.0000000     0.0000000     0.0000000     0.0000000 
          42.            0.        3.0000       1.56005        9.4578       10.0702        8.8877        8.2539         0.337       33.4458     0.0347062     0.0029840     0.0028070     0.0001752     0.0000018     0.0000000     0.0000000     0.0000000     0.0000000     0.0000000 
          42.            0.        3.0000       1.55871        9.4581       10.0702        8.8882        8.2549         0.338       33.5000     0.0346723     0.0029634     0.0027866     0.0001749     0.0000018     0.0000000     0.0000000     0.0000000     0.0000000     0.0000000 
          42.            0.        3.0000       1.55738        9.4584       10.0703        8.8888        8.2559         0.339       33.5541     0.0346388     0.0029430     0.0027666     0.0001746     0.0000018     0.0000000     0.0000000     0.0000000     0.0000000     0.0000000 
          43.            0.        3.0000       1.55606        9.4587       10.0703        8.8894        8.2569         0.339       33.6081     0.0346054     0.0029228     0.0027467     0.0001743     0.0000018     0.0000000     0.0000000     0.0000000     0.0000000     0.0000000 
          44.            0.        3.0000       1.55475        9.4590       10.0703        8.8899        8.2579         0.340       33.6620     0.0345723     0.0029030     0.0027271     0.0001741     0.0000018     0.0000000     0.0000000     0.0000000     0.0000000     0.0000000 
          44.            0.        3.0000       1.55345        9.4593       10.0703        8.8905        8.2588         0.340       33.7158     0.0345395     0.0028833     0.0027078     0.0001738     0.0000018     0.0000000     0.0000000     0.0000000     0.0000000     0.0000000 
          44.            0.        3.0000       1.55216        9.4596       10.0703        8.8910        8.2598         0.341       33.7695     0.0345069     0.0028639     0.0026887     0.0001735     0.0000017     0.0000000     0.0000000     0.0000000     0.0000000     0.0000000 
          45.            0.        3.0000       1.55088        9.4598       10.0704        8.8916        8.2607         0.342       33.8232     0.0344746     0.0028447     0.0026698     0.0001732     0.0000017     0.0000000     0.0000000     0.0000000     0.0000000     0.0000000 
          46.            0.        3.0000       1.54961        9.4601       10.0704        8.8921        8.2617         0.343       33.8767     0.0344424     0.0028258     0.0026511     0.0001729     0.0000017     0.0000000     0.0000000     0.0000000     0.0000000     0.0000000 
          46.            0.        3.0000       1.54835        9.4604       10.0704        8.8927        8.2626         0.343       33.9302     0.0344106     0.0028071     0.0026327     0.0001726     0.0000017     0.0000000     0.0000000     0.0000000     0.0000000     0.0000000 
          46.            0.        3.0000       1.54710        9.4607       10.0704        8.8932        8.2636         0.344       33.9835     0.0343789     0.0027886     0.0026145     0.0001724     0.0000017     0.0000000     0.0000000     0.0000000     0.0000000     0.0000000 
          47.            0.        3.0000       1.54585        9.4609       10.0704        8.8937        8.2645         0.345       34.0368     0.0343475     0.0027703     0.0025965     0.0001721     0.0000017     0.0000000     0.0000000     0.0000000     0.0000000     0.0000000 
          48.            0.        3.0000       1.54461        9.4612       10.0705        8.8943        8.2654         0.345       34.0900     0.0343163     0.0027522     0.0025787     0.0001718     0.0000017     0.0000000     0.0000000     0.0000000     0.0000000     0.0000000 
          48.            0.        3.0000       1.54339        9.4615       10.0705        8.8948        8.2664         0.346       34.1431     0.0342854     0.0027344     0.0025611     0.0001715     0.0000017     0.0000000     0.0000000     0.0000000     0.0000000     0.0000000 
          48.            0.        3.0000       1.54217        9.4617       10.0705        8.8953        8.2673         0.347       34.1960     0.0342546     0.0027167     0.0025438     0.0001713     0.0000017     0.0000000     0.0000000     0.0000000     0.0000000     0.0000000 
          49.            0.        3.0000       1.54096        9.4620       10.0705        8.8958        8.2682         0.348       34.2489     0.0342241     0.0026993     0.0025266     0.0001710     0.0000017     0.0000000     0.0000000     0.0000000     0.0000000     0.0000000 
          50.            0.        3.0000       1.53976        9.4623       10.0705        8.8963        8.2691         0.349       34.3017     0.0341938     0.0026820     0.0025096     0.0001708     0.0000017     0.0000000     0.0000000     0.0000000     0.0000000     0.0000000 
          50.            0.        3.0000       1.53856        9.4625       10.0705        8.8968        8.2700         0.349       34.3544     0.0341637     0.0026650     0.0024928     0.0001705     0.0000016     0.0000000     0.0000000     0.0000000     0.0000000     0.0000000 
          50.            0.        3.0000       1.53738        9.4628       10.0706        8.8973        8.2709         0.350       34.4070     0.0341339     0.0026481     0.0024763     0.0001702     0.0000016     0.0000000     0.0000000     0.0000000     0.0000000     0.0000000 
          51.            0.        3.0000       1.53620        9.4630       10.0706        8.8978        8.2717         0.351       34.4596     0.0341042     0.0026315     0.0024599     0.0001700     0.0000016     0.0000000     0.0000000     0.0000000     0.0000000     0.0000000 
          52.            0.        3.0000       1.53503        9.4633       10.0706        8.8983        8.2726         0.352       34.5120     0.0340748     0.0026150     0.0024437     0.0001697     0.0000016     0.0000000     0.0000000     0.0000000     0.0000000     0.0000000 
          52.            0.        3.0000       1.53387        9.4636       10.0706        8.8988        8.2735         0.353       34.5643     0.0340456     0.0025987     0.0024276     0.0001695     0.0000016     0.0000000     0.0000000     0.0000000     0.0000000     0.0000000 
          52.            0.        3.0000       1.53272        9.4638       10.0706        8.8993        8.2744         0.354       34.6166     0.0340165     0.0025826     0.0024118     0.0001692     0.0000016     0.0000000     0.0000000     0.0000000     0.0000000     0.0000000 
          53.            0.        3.0000       1.53158        9.4641       10.0707        8.8998        8.2752         0.355       34.6687     0.0339877     0.0025667     0.0023961     0.0001690     0.0000016     0.0000000     0.0000000     0.0000000     0.0000000     0.0000000 
          54.            0.        3.0000       1.53044        9.4643       10.0707        8.9003        8.2761         0.356       34.7208     0.0339591     0.0025509     0.0023806     0.0001687     0.0000016     0.0000000     0.0000000     0.0000000     0.0000000     0.0000000 
          54.            0.        3.0000       1.52931        9.4646       10.0707        8.9008        8.2769         0.357       34.7727     0.0339307     0.0025354     0.0023653     0.0001685     0.0000016     0.0000000     0.0000000     0.0000000     0.0000000     0.0000000 
          54.            0.        3.0000       1.52819        9.4648       10.0707        8.9013        8.2778         0.358       34.8246     0.0339024     0.0025200     0.0023502     0.0001682     0.0000016     0.0000000     0.0000000     0.0000000     0.0000000     0.0000000 
          55.            0.        3.0000       1.52707        9.4651       10.0707        8.9018        8.2786         0.359       34.8764     0.0338744     0.0025047     0.0023352     0.0001680     0.0000016     0.0000000     0.0000000     0.0000000     0.0000000     0.0000000 
          56.            0.        3.0000       1.52596        9.4653       10.0707        8.9022        8.2794         0.360       34.9281     0.0338465     0.0024897     0.0023204     0.0001677     0.0000016     0.0000000     0.0000000     0.0000000     0.0000000     0.0000000 
          56.            0.        3.0000       1.52487        9.4655       10.0708        8.9027        8.2803         0.361       34.9797     0.0338188     0.0024748     0.0023057     0.0001675     0.0000016     0.0000000     0.0000000     0.0000000     0.0000000     0.0000000 
          56.            0.        3.0000       1.52377        9.4658       10.0708        8.9032        8.2811         0.362       35.0312     0.0337914     0.0024600     0.0022912     0.0001673     0.0000016     0.0000000     0.0000000     0.0000000     0.0000000     0.0000000 
          57.            0.        3.0000       1.52269        9.4660       10.0708        8.9037        8.2819         0.363       35.0826     0.0337641     0.0024455     0.0022769     0.0001670     0.0000015     0.0000000     0.0000000     0.0000000     0.0000000     0.0000000 
          58.            0.        3.0000       1.52161        9.4663       10.0708        8.9041        8.2827         0.364       35.1339     0.0337370     0.0024310     0.0022627     0.0001668     0.0000015     0.0000000     0.0000000     0.0000000     0.0000000     0.0000000 
          58.            0.        3.0000       1.52054        9.4665       10.0708        8.9046        8.2835         0.365       35.1852     0.0337100     0.0024168     0.0022487     0.0001666     0.0000015     0.0000000     0.0000000     0.0000000     0.0000000     0.0000000 
          58.            0.        3.0000       1.51947        9.4667       10.0708        8.9050        8.2843         0.366       35.2363     0.0336833     0.0024027     0.0022348     0.0001663     0.0000015     0.0000000     0.0000000     0.0000000     0.0000000     0.0000000 
          59.            0.        3.0000       1.51842        9.4670       10.0709        8.9055        8.2851         0.367       35.2874     0.0336567     0.0023887     0.0022211     0.0001661     0.0000015     0.0000000     0.0000000     0.0000000     0.0000000     0.0000000 
          60.            0.        3.0000       1.51737        9.4672       10.0709        8.9059        8.2859         0.368       35.3383     0.0336303     0.0023749     0.0022075     0.0001659     0.0000015     0.0000000     0.0000000     0.0000000     0.0000000     0.0000000 
          60.            0.        3.0000       1.51632        9.4674       10.0709        8.9064        8.2867         0.369       35.3893     0.0336040     0.0023612     0.0021941     0.0001657     0.0000015     0.0000000     0.0000000     0.0000000     0.0000000     0.0000000 
          60.            0.        3.0000       1.51529        9.4677       10.0709        8.9068        8.2875         0.370       35.4400     0.0335780     0.0023477     0.0021808     0.0001654     0.0000015     0.0000000     0.0000000     0.0000000     0.0000000     0.0000000 
          61.            0.        3.0000       1.51426        9.4679       10.0709        8.9073        8.2883         0.371       35.4908     0.0335521     0.0023343     0.0021676     0.0001652     0.0000015     0.0000000     0.0000000     0.0000000     0.0000000     0.0000000 
          62.            0.        3.0000       1.51323        9.4681       10.0709        8.9077        8.2891         0.372       35.5414     0.0335264     0.0023211     0.0021546     0.0001650     0.0000015     0.0000000     0.0000000     0.0000000     0.0000000     0.0000000 
          62.            0.        3.0000       1.51222        9.4684       10.0710        8.9082        8.2898         0.374       35.5919     0.0335008     0.0023080     0.0021417     0.0001648     0.0000015     0.0000000     0.0000000     0.0000000     0.0000000     0.0000000 
          62.            0.        3.0000       1.51121        9.4686       10.0710        8.9086        8.2906         0.375       35.6424     0.0334754     0.0022950     0.0021290     0.0001645     0.0000015     0.0000000     0.0000000     0.0000000     0.0000000     0.0000000 
          63.            0.        3.0000       1.51020        9.4688       10.0710        8.9090        8.2914         0.376       35.6928     0.0334502     0.0022822     0.0021164     0.0001643     0.0000015     0.0000000     0.0000000     0.0000000     0.0000000     0.0000000 
          64.            0.        3.0000       1.50920        9.4690       10.0710        8.9095        8.2921         0.377       35.7431     0.0334251     0.0022695     0.0021039     0.0001641     0.0000015     0.0000000     0.0000000     0.0000000     0.0000000     0.0000000 
          64.            0.        3.0000       1.50821        9.4692       10.0710        8.9099        8.2929         0.378       35.7933     0.0334002     0.0022569     0.0020915     0.0001639     0.0000015     0.0000000     0.0000000     0.0000000     0.0000000     0.0000000 
          64.            0.        3.0000       1.50723        9.4695       10.0710        8.9103        8.2936         0.379       35.8434     0.0333755     0.0022444     0.0020793     0.0001637     0.0000014     0.0000000     0.0000000     0.0000000     0.0000000     0.0000000 
          65.            0.        3.0000       1.50625        9.4697       10.0711        8.9108        8.2944         0.380       35.8935     0.0333509     0.0022321     0.0020672     0.0001635     0.0000014     0.0000000     0.0000000     0.0000000     0.0000000     0.0000000 
          66.            0.        3.0000       1.50527        9.4699       10.0711        8.9112        8.2951         0.381       35.9434     0.0333264     0.0022199     0.0020552     0.0001633     0.0000014     0.0000000     0.0000000     0.0000000     0.0000000     0.0000000 
          66.            0.        3.0000       1.50431        9.4701       10.0711        8.9116        8.2959         0.382       35.9934     0.0333022     0.0022079     0.0020434     0.0001631     0.0000014     0.0000000     0.0000000     0.0000000     0.0000000     0.0000000 
          66.            0.        3.0000       1.50335        9.4703       10.0711        8.9120        8.2966         0.383       36.0432     0.0332780     0.0021960     0.0020317     0.0001629     0.0000014     0.0000000     0.0000000     0.0000000     0.0000000     0.0000000 
          67.            0.        3.0000       1.50240        9.4706       10.0711        8.9125        8.2974         0.384       36.0932     0.0332541     0.0021842     0.0020201     0.0001627     0.0000014     0.0000000     0.0000000     0.0000000     0.0000000     0.0000000 
          68.            0.        3.0000       1.50145        9.4708       10.0711        8.9129        8.2981         0.385       36.1433     0.0332304     0.0021725     0.0020087     0.0001625     0.0000014     0.0000000     0.0000000     0.0000000     0.0000000     0.0000000 
          68.            0.        3.0000       1.50053        9.4710       10.0711        8.9133        8.2988         0.386       36.1942     0.0332071     0.0021612     0.0019975     0.0001623     0.0000014     0.0000000     0.0000000     0.0000000     0.0000000     0.0000000 
          68.            0.        3.0000       1.49965        9.4712       10.0712        8.9137        8.2996         0.387       36.2477     0.0331848     0.0021504     0.0019870     0.0001621     0.0000014     0.0000000     0.0000000     0.0000000     0.0000000     0.0000000 
          69.            0.        3.0000       1.49890        9.4714       10.0712        8.9142        8.3003         0.389       36.3089     0.0331652     0.0021412     0.0019779     0.0001619     0.0000014     0.0000000     0.0000000     0.0000000     0.0000000     0.0000000 
          70.            0.        3.0000       1.49849        9.4717       10.0712        8.9146        8.3012         0.391       36.3930     0.0331530     0.0021361     0.0019729     0.0001618     0.0000014     0.0000000     0.0000000     0.0000000     0.0000000     0.0000000 
          70.            0.        3.0000       1.50391        9.4710       10.0711        8.9134        8.2991         0.420       37.0397     0.0332809     0.0022022     0.0020377     0.0001630     0.0000014     0.0000000     0.0000000     0.0000000     0.0000000     0.0000000 
          70.            0.        4.0000       1.43089        9.4366       10.0683        8.8500        8.1932         0.437       38.2895     0.0281689     0.0001644     0.0000572     0.0001065     0.0000006     0.0000000     0.0000000     0.0000000     0.0000000     0.0000000 
          71.            0.        5.0000       1.38301        9.4011       10.0654        8.7862        8.0899         0.405       39.3163     0.0250562     0.0000772     0.0000003     0.0000765     0.0000004     0.0000000     0.0000000     0.0000000     0.0000000     0.0000000 
          72.            0.        6.0000       1.34839        9.3666       10.0624        8.7261        7.9967         0.356       40.0907     0.0229596     0.0000584     0.0000000     0.0000582     0.0000002     0.0000000     0.0000000     0.0000000     0.0000000     0.0000000 
          72.            0.        7.0000       1.32220        9.3343       10.0594        8.6721        7.9165         0.309       40.6773     0.0214536     0.0000462     0.0000000     0.0000460     0.0000002     0.0000000     0.0000000     0.0000000     0.0000000     0.0000000 
          72.            0.        8.0000       1.30154        9.3046       10.0564        8.6245        7.8491         0.268       41.1014     0.0203160     0.0000375     0.0000000     0.0000374     0.0000001     0.0000000     0.0000000     0.0000000     0.0000000     0.0000000 
          73.            0.        9.0000       1.28458        9.2773       10.0535        8.5827        7.7926         0.233       41.3756     0.0194220     0.0000311     0.0000000     0.0000310     0.0000001     0.0000000     0.0000000     0.0000000     0.0000000     0.0000000 
          74.            0.       10.0000       1.27017        9.2520       10.0506        8.5456        7.7447         0.205       41.5121     0.0186977     0.0000263     0.0000000     0.0000262     0.0000001     0.0000000     0.0000000     0.0000000     0.0000000     0.0000000 
          74.            0.       11.0000       1.25757        9.2284       10.0478        8.5122        7.7034         0.183       41.5250     0.0180975     0.0000224     0.0000000     0.0000223     0.0000001     0.0000000     0.0000000     0.0000000     0.0000000     0.0000000 
          74.            0.       12.0000       1.24631        9.2062       10.0449        8.4817        7.6670         0.165       41.4281     0.0175917     0.0000193     0.0000000     0.0000192     0.0000001     0.0000000     0.0000000     0.0000000     0.0000000     0.0000000 
          75.            0.       13.0000       1.23607        9.1850       10.0420        8.4535        7.6343         0.150       41.2335     0.0171599     0.0000168     0.0000000     0.0000167     0.0000001     0.0000000     0.0000000     0.0000000     0.0000000     0.0000000 
          76.            0.       14.0000       1.22660        9.1647       10.0391        8.4272        7.6043         0.137       40.9493     0.0167873     0.0000147     0.0000000     0.0000146     0.0000000     0.0000000     0.0000000     0.0000000     0.0000000     0.0000000 
          76.            0.       15.0000       1.21768        9.1452       10.0362        8.4023        7.5764         0.124       40.5780     0.0164628     0.0000129     0.0000000     0.0000129     0.0000000     0.0000000     0.0000000     0.0000000     0.0000000     0.0000000 
          76.            0.       16.0000       1.20908        9.1261       10.0332        8.3783        7.5498         0.113       40.1140     0.0161773     0.0000114     0.0000000     0.0000114     0.0000000     0.0000000     0.0000000     0.0000000     0.0000000     0.0000000 
          77.            0.       17.0000       1.20052        9.1072       10.0303        8.3546        7.5236         0.102       39.5415     0.0159236     0.0000101     0.0000000     0.0000101     0.0000000     0.0000000     0.0000000     0.0000000     0.0000000     0.0000000 
          78.            0.       18.0000       1.19168        9.0880       10.0273        8.3306        7.4970         0.091       38.8345     0.0156958     0.0000090     0.0000000     0.0000089     0.0000000     0.0000000     0.0000000     0.0000000     0.0000000     0.0000000 
          78.            0.       19.0000       1.18229        9.0677       10.0241        8.3053        7.4689         0.081       37.9642     0.0154893     0.0000080     0.0000000     0.0000080     0.0000000     0.0000000     0.0000000     0.0000000     0.0000000     0.0000000 
          78.            0.       20.0000       1.17239        9.0460       10.0206        8.2784        7.4393         0.072       36.9348     0.0153025     0.0000071     0.0000000     0.0000071     0.0000000     0.0000000     0.0000000     0.0000000     0.0000000     0.0000000 
          79.            0.       21.0000       1.16278        9.0239       10.0169        8.2516        7.4101         0.064       35.7776     0.0151355     0.0000064     0.0000000     0.0000063     0.0000000     0.0000000     0.0000000     0.0000000     0.0000000     0.0000000 
          80.            0.       21.0000       1.15786        9.0169       10.0162        8.2417        7.3979         0.060       35.1191     0.0151137     0.0000063     0.0000000     0.0000063     0.0000000     0.0000000     0.0000000     0.0000000     0.0000000     0.0000000 
          80.            0.       21.0000       1.15796        9.0170       10.0162        8.2418        7.3981         0.060       35.1529     0.0151144     0.0000063     0.0000000     0.0000063     0.0000000     0.0000000     0.0000000     0.0000000     0.0000000     0.0000000 
          80.            0.       21.0000       1.15799        9.0170       10.0162        8.2419        7.3981         0.061       35.1641     0.0151146     0.0000063     0.0000000     0.0000063     0.0000000     0.0000000     0.0000000     0.0000000     0.0000000     0.0000000 
          81.            0.       21.0000       1.15800        9.0170       10.0162        8.2419        7.3981         0.061       35.1677     0.0151147     0.0000063     0.0000000     0.0000063     0.0000000     0.0000000     0.0000000     0.0000000     0.0000000     0.0000000 
          82.            0.       21.0000       1.15800        9.0170       10.0162        8.2419        7.3981         0.061       35.1689     0.0151148     0.0000063     0.0000000     0.0000063     0.0000000     0.0000000     0.0000000     0.0000000     0.0000000     0.0000000 
          82.            0.       21.0000       1.15800        9.0170       10.0162        8.2419        7.3981         0.061       35.1692     0.0151148     0.0000063     0.0000000     0.0000063     0.0000000     0.0000000     0.0000000     0.0000000     0.0000000     0.0000000 
          82.            0.       21.0000       1.15799        9.0170       10.0162        8.2418        7.3981         0.061       35.1691     0.0151149     0.0000063     0.0000000     0.0000063     0.0000000     0.0000000     0.0000000     0.0000000     0.0000000     0.0000000 
          83.            0.       21.0000       1.15799        9.0170       10.0162        8.2418        7.3980         0.061       35.1690     0.0151149     0.0000063     0.0000000     0.0000063     0.0000000     0.0000000     0.0000000     0.0000000     0.0000000     0.0000000 
          84.            0.       21.0000       1.15799        9.0170       10.0162        8.2418        7.3980         0.061       35.1689     0.0151149     0.0000063     0.0000000     0.0000063     0.0000000     0.0000000     0.0000000     0.0000000     0.0000000     0.0000000 
          84.            0.       21.0000       1.15798        9.0170       10.0162        8.2418        7.3980         0.061       35.1688     0.0151150     0.0000063     0.0000000     0.0000063     0.0000000     0.0000000     0.0000000     0.0000000     0.0000000     0.0000000 
          84.            0.       21.0000       1.15798        9.0170       10.0162        8.2418        7.3980         0.061       35.1686     0.0151150     0.0000063     0.0000000     0.0000063     0.0000000     0.0000000     0.0000000     0.0000000     0.0000000     0.0000000 
          85.            0.       21.0000       1.15797        9.0170       10.0162        8.2418        7.3979         0.061       35.1685     0.0151151     0.0000063     0.0000000     0.0000063     0.0000000     0.0000000     0.0000000     0.0000000     0.0000000     0.0000000 
          86.            0.       21.0000       1.15797        9.0170       10.0162        8.2417        7.3979         0.062       35.1683     0.0151151     0.0000063     0.0000000     0.0000063     0.0000000     0.0000000     0.0000000     0.0000000     0.0000000     0.0000000 
          86.            0.       21.0000       1.15797        9.0170       10.0162        8.2417        7.3979         0.062       35.1682     0.0151151     0.0000063     0.0000000     0.0000063     0.0000000     0.0000000     0.0000000     0.0000000     0.0000000     0.0000000 
          86.            0.       21.0000       1.15796        9.0169       10.0162        8.2417        7.3979         0.062       35.1680     0.0151152     0.0000063     0.0000000     0.0000063     0.0000000     0.0000000     0.0000000     0.0000000     0.0000000     0.0000000 
          87.            0.       21.0000       1.15796        9.0169       10.0162        8.2417        7.3978         0.062       35.1679     0.0151152     0.0000063     0.0000000     0.0000063     0.0000000     0.0000000     0.0000000     0.0000000     0.0000000     0.0000000 
          88.            0.       21.0000       1.15796        9.0169       10.0162        8.2417        7.3978         0.062       35.1677     0.0151153     0.0000063     0.0000000     0.0000063     0.0000000     0.0000000     0.0000000     0.0000000     0.0000000     0.0000000 
          88.            0.       21.0000       1.15795        9.0169       10.0162        8.2417        7.3978         0.062       35.1676     0.0151153     0.0000063     0.0000000     0.0000063     0.0000000     0.0000000     0.0000000     0.0000000     0.0000000     0.0000000 
          88.            0.       21.0000       1.15795        9.0169       10.0162        8.2416        7.3978         0.062       35.1675     0.0151154     0.0000063     0.0000000     0.0000063     0.0000000     0.0000000     0.0000000     0.0000000     0.0000000     0.0000000 
          89.            0.       21.0000       1.15794        9.0169       10.0162        8.2416        7.3977         0.062       35.1674     0.0151154     0.0000063     0.0000000     0.0000063     0.0000000     0.0000000     0.0000000     0.0000000     0.0000000     0.0000000 
          90.            0.       21.0000       1.15794        9.0169       10.0162        8.2416        7.3977         0.062       35.1672     0.0151155     0.0000063     0.0000000     0.0000063     0.0000000     0.0000000     0.0000000     0.0000000     0.0000000     0.0000000 
          90.            0.       21.0000       1.15794        9.0169       10.0162        8.2416        7.3977         0.062       35.1670     0.0151155     0.0000063     0.0000000     0.0000063     0.0000000     0.0000000     0.0000000     0.0000000     0.0000000     0.0000000 
          90.            0.       21.0000       1.15793        9.0169       10.0162        8.2416        7.3977         0.063       35.1669     0.0151156     0.0000063     0.0000000     0.0000063     0.0000000     0.0000000     0.0000000     0.0000000     0.0000000     0.0000000 
          91.            0.       21.0000       1.15793        9.0169       10.0162        8.2416        7.3976         0.063       35.1668     0.0151156     0.0000063     0.0000000     0.0000063     0.0000000     0.0000000     0.0000000     0.0000000     0.0000000     0.0000000 
          92.            0.       21.0000       1.15793        9.0168       10.0162        8.2415        7.3976         0.063       35.1666     0.0151157     0.0000063     0.0000000     0.0000063     0.0000000     0.0000000     0.0000000     0.0000000     0.0000000     0.0000000 
          92.            0.       21.0000       1.15792        9.0168       10.0162        8.2415        7.3976         0.063       35.1665     0.0151157     0.0000063     0.0000000     0.0000063     0.0000000     0.0000000     0.0000000     0.0000000     0.0000000     0.0000000 
          92.            0.       21.0000       1.15792        9.0168       10.0162        8.2415        7.3975         0.063       35.1664     0.0151158     0.0000063     0.0000000     0.0000063     0.0000000     0.0000000     0.0000000     0.0000000     0.0000000     0.0000000 
          93.            0.       21.0000       1.15792        9.0168       10.0162        8.2415        7.3975         0.063       35.1662     0.0151158     0.0000063     0.0000000     0.0000063     0.0000000     0.0000000     0.0000000     0.0000000     0.0000000     0.0000000 
          94.            0.       21.0000       1.15791        9.0168       10.0162        8.2415        7.3975         0.063       35.1661     0.0151159     0.0000063     0.0000000     0.0000063     0.0000000     0.0000000     0.0000000     0.0000000     0.0000000     0.0000000 
          94.            0.       21.0000       1.15791        9.0168       10.0162        8.2414        7.3975         0.063       35.1660     0.0151160     0.0000063     0.0000000     0.0000063     0.0000000     0.0000000     0.0000000     0.0000000     0.0000000     0.0000000 
          94.            0.       21.0000       1.15791        9.0168       10.0162        8.2414        7.3974         0.063       35.1658     0.0151160     0.0000063     0.0000000     0.0000063     0.0000000     0.0000000     0.0000000     0.0000000     0.0000000     0.0000000 
          95.            0.       21.0000       1.15790        9.0168       10.0162        8.2414        7.3974         0.063       35.1657     0.0151161     0.0000063     0.0000000     0.0000063     0.0000000     0.0000000     0.0000000     0.0000000     0.0000000     0.0000000 
          96.            0.       21.0000       1.15790        9.0168       10.0162        8.2414        7.3974         0.064       35.1656     0.0151162     0.0000063     0.0000000     0.0000063     0.0000000     0.0000000     0.0000000     0.0000000     0.0000000     0.0000000 
          96.            0.       21.0000       1.15789        9.0168       10.0162        8.2414        7.3973         0.064       35.1654     0.0151162     0.0000063     0.0000000     0.0000063     0.0000000     0.0000000     0.0000000     0.0000000     0.0000000     0.0000000 
          96.            0.       21.0000       1.15789        9.0167       10.0162        8.2413        7.3973         0.064       35.1653     0.0151163     0.0000063     0.0000000     0.0000063     0.0000000     0.0000000     0.0000000     0.0000000     0.0000000     0.0000000 
          97.            0.       21.0000       1.15789        9.0167       10.0162        8.2413        7.3973         0.064       35.1652     0.0151164     0.0000063     0.0000000     0.0000063     0.0000000     0.0000000     0.0000000     0.0000000     0.0000000     0.0000000 
          98.            0.       21.0000       1.15788        9.0167       10.0162        8.2413        7.3972         0.064       35.1651     0.0151164     0.0000063     0.0000000     0.0000063     0.0000000     0.0000000     0.0000000     0.0000000     0.0000000     0.0000000 
          98.            0.       21.0000       1.15788        9.0167       10.0162        8.2413        7.3972         0.064       35.1649     0.0151165     0.0000063     0.0000000     0.0000063     0.0000000     0.0000000     0.0000000     0.0000000     0.0000000     0.0000000 
          98.            0.       21.0000       1.15788        9.0167       10.0162        8.2413        7.3972         0.064       35.1648     0.0151166     0.0000063     0.0000000     0.0000063     0.0000000     0.0000000     0.0000000     0.0000000     0.0000000     0.0000000 
          99.            0.       21.0000       1.15787        9.0167       10.0162        8.2412        7.3971         0.064       35.1647     0.0151166     0.0000063     0.0000000     0.0000063     0.0000000     0.0000000     0.0000000     0.0000000     0.0000000     0.0000000 
         100.            0.       21.0000       1.15787        9.0167       10.0162        8.2412        7.3971         0.064       35.1646     0.0151167     0.0000063     0.0000000     0.0000063     0.0000000     0.0000000     0.0000000     0.0000000     0.0000000     0.0000000 
         100.            0.       21.0000       1.15787        9.0167       10.0162        8.2412        7.3971         0.065       35.1644     0.0151168     0.0000063     0.0000000     0.0000063     0.0000000     0.0000000     0.0000000     0.0000000     0.0000000     0.0000000 
