%
%
% Run:2017  Table:COMPGRID          SWAN version:41.10A
%
%       Xp            Yp            Depth         Hsig          Tm_10         TPsmoo        Tm01          Tm02          Dir           Dspr          Steepn        Dissip        Ssurf         Sfric         Swcap         Redist        Snl3          Snl4          Genera        Swind    
%       [m]           [m]           [m]           [m]           [sec]         [sec]         [sec]         [sec]         [degr]        [degr]        [ ]           [m2/s]        [m2/s]        [m2/s]        [m2/s]        [m2/s]        [m2/s]        [m2/s]        [m2/s]        [m2/s]   
%
           0.            0.       19.0000       0.75317        1.8015        2.0034        1.6429        1.4694         0.031       31.6275     0.2232968     0.0000004     0.0000000     0.0000000     0.0000004     0.0000000     0.0000000     0.0000000     0.0000000     0.0000000 
           0.            0.       19.0000       0.73990        1.8286        2.0039        1.7020        1.5731         0.033       31.4765     0.1913750     0.0014594     0.0000000     0.0000000     0.0014594     0.0000000     0.0000000     0.0000000     0.0000000     0.0000000 
           1.            0.       19.0000       0.72953        1.8487        2.0043        1.7456        1.6548         0.034       31.3750     0.1705046     0.0011410     0.0000000     0.0000000     0.0011410     0.0000000     0.0000000     0.0000000     0.0000000     0.0000000 
           2.            0.       19.0000       0.72163        1.8626        2.0047        1.7739        1.7076         0.035       31.3085     0.1583905     0.0009502     0.0000000     0.0000000     0.0009502     0.0000000     0.0000000     0.0000000     0.0000000     0.0000000 
           2.            0.       19.0000       0.71538        1.8725        2.0051        1.7921        1.7393         0.036       31.2577     0.1513454     0.0008277     0.0000000     0.0000000     0.0008277     0.0000000     0.0000000     0.0000000     0.0000000     0.0000000 
           2.            0.       19.0000       0.71017        1.8799        2.0054        1.8046        1.7588         0.037       31.2140     0.1469386     0.0007422     0.0000000     0.0000000     0.0007422     0.0000000     0.0000000     0.0000000     0.0000000     0.0000000 
           3.            0.       19.0000       0.70562        1.8860        2.0057        1.8140        1.7717         0.037       31.1739     0.1438673     0.0006780     0.0000000     0.0000000     0.0006780     0.0000000     0.0000000     0.0000000     0.0000000     0.0000000 
           4.            0.       19.0000       0.70155        1.8911        2.0061        1.8215        1.7812         0.038       31.1367     0.1415215     0.0006271     0.0000000     0.0000000     0.0006271     0.0000000     0.0000000     0.0000000     0.0000000     0.0000000 
           4.            0.       19.0000       0.69783        1.8956        2.0064        1.8278        1.7888         0.039       31.1022     0.1395690     0.0005853     0.0000000     0.0000000     0.0005853     0.0000000     0.0000000     0.0000000     0.0000000     0.0000000 
           4.            0.       19.0000       0.69437        1.8996        2.0066        1.8335        1.7956         0.039       31.0704     0.1378303     0.0005497     0.0000000     0.0000000     0.0005497     0.0000000     0.0000000     0.0000000     0.0000000     0.0000000 
           5.            0.       19.0000       0.69114        1.9033        2.0069        1.8386        1.8017         0.040       31.0408     0.1362594     0.0005189     0.0000000     0.0000000     0.0005189     0.0000000     0.0000000     0.0000000     0.0000000     0.0000000 
           6.            0.       19.0000       0.68810        1.9067        2.0072        1.8433        1.8073         0.040       31.0130     0.1348262     0.0004920     0.0000000     0.0000000     0.0004920     0.0000000     0.0000000     0.0000000     0.0000000     0.0000000 
           6.            0.       19.0000       0.68523        1.9099        2.0075        1.8477        1.8124         0.041       30.9868     0.1335081     0.0004682     0.0000000     0.0000000     0.0004682     0.0000000     0.0000000     0.0000000     0.0000000     0.0000000 
           6.            0.       19.0000       0.68251        1.9128        2.0077        1.8517        1.8171         0.041       30.9620     0.1322878     0.0004470     0.0000000     0.0000000     0.0004470     0.0000000     0.0000000     0.0000000     0.0000000     0.0000000 
           7.            0.       19.0000       0.67991        1.9156        2.0080        1.8554        1.8215         0.042       30.9384     0.1311517     0.0004278     0.0000000     0.0000000     0.0004278     0.0000000     0.0000000     0.0000000     0.0000000     0.0000000 
           8.            0.       19.0000       0.67743        1.9182        2.0082        1.8589        1.8256         0.042       30.9159     0.1300887     0.0004105     0.0000000     0.0000000     0.0004105     0.0000000     0.0000000     0.0000000     0.0000000     0.0000000 
           8.            0.       19.0000       0.67506        1.9206        2.0084        1.8622        1.8294         0.043       30.8945     0.1290903     0.0003947     0.0000000     0.0000000     0.0003947     0.0000000     0.0000000     0.0000000     0.0000000     0.0000000 
           8.            0.       19.0000       0.67278        1.9229        2.0087        1.8653        1.8330         0.043       30.8739     0.1281487     0.0003802     0.0000000     0.0000000     0.0003802     0.0000000     0.0000000     0.0000000     0.0000000     0.0000000 
           9.            0.       19.0000       0.67058        1.9251        2.0089        1.8682        1.8364         0.043       30.8542     0.1272582     0.0003669     0.0000000     0.0000000     0.0003669     0.0000000     0.0000000     0.0000000     0.0000000     0.0000000 
          10.            0.       19.0000       0.66847        1.9272        2.0091        1.8710        1.8397         0.044       30.8352     0.1264131     0.0003545     0.0000000     0.0000000     0.0003545     0.0000000     0.0000000     0.0000000     0.0000000     0.0000000 
          10.            0.       19.0000       0.66643        1.9292        2.0093        1.8736        1.8427         0.044       30.8169     0.1256093     0.0003431     0.0000000     0.0000000     0.0003431     0.0000000     0.0000000     0.0000000     0.0000000     0.0000000 
          10.            0.       19.0000       0.66445        1.9312        2.0095        1.8761        1.8456         0.044       30.7993     0.1248429     0.0003325     0.0000000     0.0000000     0.0003325     0.0000000     0.0000000     0.0000000     0.0000000     0.0000000 
          11.            0.       19.0000       0.66254        1.9330        2.0097        1.8785        1.8484         0.045       30.7822     0.1241106     0.0003226     0.0000000     0.0000000     0.0003226     0.0000000     0.0000000     0.0000000     0.0000000     0.0000000 
          12.            0.       19.0000       0.66069        1.9348        2.0099        1.8808        1.8510         0.045       30.7657     0.1234096     0.0003133     0.0000000     0.0000000     0.0003133     0.0000000     0.0000000     0.0000000     0.0000000     0.0000000 
          12.            0.       19.0000       0.65889        1.9365        2.0101        1.8830        1.8536         0.045       30.7497     0.1227372     0.0003045     0.0000000     0.0000000     0.0003045     0.0000000     0.0000000     0.0000000     0.0000000     0.0000000 
          12.            0.       19.0000       0.65715        1.9381        2.0103        1.8852        1.8560         0.046       30.7343     0.1220911     0.0002963     0.0000000     0.0000000     0.0002963     0.0000000     0.0000000     0.0000000     0.0000000     0.0000000 
          13.            0.       19.0000       0.65545        1.9397        2.0105        1.8872        1.8584         0.046       30.7193     0.1214696     0.0002886     0.0000000     0.0000000     0.0002886     0.0000000     0.0000000     0.0000000     0.0000000     0.0000000 
          14.            0.       19.0000       0.65379        1.9412        2.0107        1.8891        1.8606         0.046       30.7047     0.1208708     0.0002813     0.0000000     0.0000000     0.0002813     0.0000000     0.0000000     0.0000000     0.0000000     0.0000000 
          14.            0.       19.0000       0.65218        1.9427        2.0109        1.8910        1.8628         0.046       30.6905     0.1202931     0.0002744     0.0000000     0.0000000     0.0002744     0.0000000     0.0000000     0.0000000     0.0000000     0.0000000 
          14.            0.       19.0000       0.65061        1.9441        2.0111        1.8929        1.8648         0.047       30.6768     0.1197350     0.0002678     0.0000000     0.0000000     0.0002678     0.0000000     0.0000000     0.0000000     0.0000000     0.0000000 
          15.            0.       19.0000       0.64908        1.9455        2.0113        1.8946        1.8669         0.047       30.6634     0.1191955     0.0002616     0.0000000     0.0000000     0.0002616     0.0000000     0.0000000     0.0000000     0.0000000     0.0000000 
          16.            0.       19.0000       0.64758        1.9468        2.0114        1.8963        1.8688         0.047       30.6503     0.1186731     0.0002557     0.0000000     0.0000000     0.0002557     0.0000000     0.0000000     0.0000000     0.0000000     0.0000000 
          16.            0.       19.0000       0.64612        1.9481        2.0116        1.8980        1.8707         0.047       30.6376     0.1181669     0.0002500     0.0000000     0.0000000     0.0002500     0.0000000     0.0000000     0.0000000     0.0000000     0.0000000 
          16.            0.       19.0000       0.64469        1.9494        2.0118        1.8996        1.8725         0.048       30.6252     0.1176759     0.0002447     0.0000000     0.0000000     0.0002447     0.0000000     0.0000000     0.0000000     0.0000000     0.0000000 
          17.            0.       19.0000       0.64329        1.9506        2.0119        1.9011        1.8743         0.048       30.6131     0.1171993     0.0002395     0.0000000     0.0000000     0.0002395     0.0000000     0.0000000     0.0000000     0.0000000     0.0000000 
          18.            0.       19.0000       0.64192        1.9518        2.0121        1.9026        1.8760         0.048       30.6013     0.1167362     0.0002346     0.0000000     0.0000000     0.0002346     0.0000000     0.0000000     0.0000000     0.0000000     0.0000000 
          18.            0.       19.0000       0.64058        1.9529        2.0123        1.9041        1.8776         0.048       30.5898     0.1162860     0.0002299     0.0000000     0.0000000     0.0002299     0.0000000     0.0000000     0.0000000     0.0000000     0.0000000 
          18.            0.       19.0000       0.63926        1.9541        2.0124        1.9055        1.8793         0.048       30.5786     0.1158479     0.0002254     0.0000000     0.0000000     0.0002254     0.0000000     0.0000000     0.0000000     0.0000000     0.0000000 
          19.            0.       19.0000       0.63797        1.9552        2.0126        1.9069        1.8808         0.048       30.5676     0.1154213     0.0002211     0.0000000     0.0000000     0.0002211     0.0000000     0.0000000     0.0000000     0.0000000     0.0000000 
          20.            0.       19.0000       0.63671        1.9562        2.0127        1.9083        1.8824         0.048       30.5569     0.1150056     0.0002169     0.0000000     0.0000000     0.0002169     0.0000000     0.0000000     0.0000000     0.0000000     0.0000000 
          20.            0.       19.0000       0.63547        1.9573        2.0129        1.9096        1.8839         0.049       30.5464     0.1146003     0.0002129     0.0000000     0.0000000     0.0002129     0.0000000     0.0000000     0.0000000     0.0000000     0.0000000 
          20.            0.       19.0000       0.63425        1.9583        2.0130        1.9109        1.8853         0.049       30.5362     0.1142049     0.0002091     0.0000000     0.0000000     0.0002091     0.0000000     0.0000000     0.0000000     0.0000000     0.0000000 
          21.            0.       19.0000       0.63305        1.9593        2.0132        1.9121        1.8867         0.049       30.5261     0.1138189     0.0002054     0.0000000     0.0000000     0.0002054     0.0000000     0.0000000     0.0000000     0.0000000     0.0000000 
          22.            0.       18.0000       0.63188        1.9603        2.0133        1.9133        1.8881         0.049       30.5163     0.1134419     0.0002018     0.0000000     0.0000000     0.0002018     0.0000000     0.0000000     0.0000000     0.0000000     0.0000000 
          22.            0.       17.0000       0.63072        1.9613        2.0135        1.9145        1.8894         0.049       30.5067     0.1130736     0.0001984     0.0000000     0.0000000     0.0001984     0.0000000     0.0000000     0.0000000     0.0000000     0.0000000 
          22.            0.       16.0000       0.62959        1.9622        2.0136        1.9157        1.8907         0.049       30.4973     0.1127134     0.0001951     0.0000000     0.0000000     0.0001951     0.0000000     0.0000000     0.0000000     0.0000000     0.0000000 
          23.            0.       15.0000       0.62847        1.9631        2.0138        1.9168        1.8920         0.049       30.4881     0.1123612     0.0001919     0.0000000     0.0000000     0.0001919     0.0000000     0.0000000     0.0000000     0.0000000     0.0000000 
          24.            0.       14.0000       0.62737        1.9640        2.0139        1.9180        1.8933         0.049       30.4790     0.1120164     0.0001888     0.0000000     0.0000000     0.0001888     0.0000000     0.0000000     0.0000000     0.0000000     0.0000000 
          24.            0.       13.0000       0.62629        1.9649        2.0141        1.9190        1.8945         0.049       30.4702     0.1116789     0.0001858     0.0000000     0.0000000     0.0001858     0.0000000     0.0000000     0.0000000     0.0000000     0.0000000 
          24.            0.       12.0000       0.62523        1.9658        2.0142        1.9201        1.8957         0.049       30.4614     0.1113484     0.0001829     0.0000000     0.0000000     0.0001829     0.0000000     0.0000000     0.0000000     0.0000000     0.0000000 
          25.            0.       11.0000       0.62418        1.9666        2.0143        1.9212        1.8969         0.049       30.4527     0.1110249     0.0001801     0.0000000     0.0000000     0.0001801     0.0000000     0.0000000     0.0000000     0.0000000     0.0000000 
          26.            0.       10.0000       0.62314        1.9674        2.0145        1.9222        1.8980         0.049       30.4438     0.1107076     0.0001774     0.0000000     0.0000000     0.0001774     0.0000000     0.0000000     0.0000000     0.0000000     0.0000000 
          26.            0.        9.0000       0.62212        1.9682        2.0146        1.9232        1.8991         0.049       30.4345     0.1103977     0.0001748     0.0000000     0.0000000     0.0001748     0.0000000     0.0000000     0.0000000     0.0000000     0.0000000 
          26.            0.        8.0000       0.62109        1.9689        2.0147        1.9241        1.9002         0.049       30.4239     0.1100939     0.0001723     0.0000000     0.0000000     0.0001723     0.0000000     0.0000000     0.0000000     0.0000000     0.0000000 
          27.            0.        7.0000       0.62003        1.9696        2.0149        1.9249        1.9012         0.050       30.4082     0.1097993     0.0001698     0.0000000     0.0000000     0.0001698     0.0000000     0.0000000     0.0000000     0.0000000     0.0000000 
          28.            0.        6.0000       0.61883        1.9699        2.0150        1.9256        1.9019         0.050       30.3811     0.1095188     0.0001675     0.0000000     0.0000000     0.0001674     0.0000000     0.0000000     0.0000000     0.0000000     0.0000000 
          28.            0.        5.0000       0.61719        1.9696        2.0149        1.9256        1.9022         0.052       30.3229     0.1092454     0.0001651     0.0000000     0.0000001     0.0001650     0.0000000     0.0000000     0.0000000     0.0000000     0.0000000 
          28.            0.        4.0000       0.61398        1.9678        2.0143        1.9243        1.9011         0.057       30.1636     0.1089349     0.0001621     0.0000000     0.0000003     0.0001618     0.0000000     0.0000000     0.0000000     0.0000000     0.0000000 
          29.            0.        3.0000       0.60549        1.9631        2.0120        1.9200        1.8970         0.066       29.6451     0.1083830     0.0001560     0.0000000     0.0000011     0.0001549     0.0000000     0.0000000     0.0000000     0.0000000     0.0000000 
          30.            0.        2.0000       0.58211        1.9568        2.0088        1.9128        1.8894         0.111       27.7204     0.1072748     0.0001447     0.0000009     0.0000053     0.0001385     0.0000000     0.0000000     0.0000000     0.0000000     0.0000000 
          30.            0.        1.0000       0.54658        1.9680        2.0144        1.9220        1.8977         0.148       25.7315     0.1130910     0.0023449     0.0021644     0.0000295     0.0001510     0.0000000     0.0000000     0.0000000     0.0000000     0.0000000 
          30.            0.        1.0000       0.53592        1.9697        2.0147        1.9240        1.8998         0.154       25.0153     0.1107011     0.0020128     0.0018512     0.0000284     0.0001332     0.0000000     0.0000000     0.0000000     0.0000000     0.0000000 
          31.            0.        1.0000       0.52675        1.9717        2.0152        1.9263        1.9022         0.157       24.7659     0.1085949     0.0017539     0.0016074     0.0000275     0.0001190     0.0000000     0.0000000     0.0000000     0.0000000     0.0000000 
          32.            0.        1.0000       0.51866        1.9736        2.0156        1.9285        1.9046         0.161       24.6681     0.1067270     0.0015459     0.0014116     0.0000268     0.0001076     0.0000000     0.0000000     0.0000000     0.0000000     0.0000000 
          32.            0.        1.0000       0.51145        1.9755        2.0160        1.9306        1.9069         0.164       24.6264     0.1050593     0.0013757     0.0012515     0.0000261     0.0000981     0.0000000     0.0000000     0.0000000     0.0000000     0.0000000 
          32.            0.        1.0000       0.50495        1.9772        2.0164        1.9325        1.9089         0.167       24.6082     0.1035595     0.0012341     0.0011184     0.0000255     0.0000902     0.0000000     0.0000000     0.0000000     0.0000000     0.0000000 
          33.            0.        1.0000       0.49905        1.9787        2.0168        1.9342        1.9108         0.170       24.6013     0.1022020     0.0011150     0.0010065     0.0000249     0.0000835     0.0000000     0.0000000     0.0000000     0.0000000     0.0000000 
          34.            0.        1.0000       0.49367        1.9801        2.0171        1.9358        1.9125         0.172       24.6011     0.1009656     0.0010137     0.0009114     0.0000244     0.0000778     0.0000000     0.0000000     0.0000000     0.0000000     0.0000000 
          34.            0.        1.0000       0.48873        1.9814        2.0174        1.9373        1.9141         0.175       24.6058     0.0998335     0.0009267     0.0008299     0.0000240     0.0000729     0.0000000     0.0000000     0.0000000     0.0000000     0.0000000 
          34.            0.        1.0000       0.48417        1.9826        2.0177        1.9387        1.9155         0.179       24.6146     0.0987920     0.0008515     0.0007594     0.0000235     0.0000685     0.0000000     0.0000000     0.0000000     0.0000000     0.0000000 
          35.            0.        1.0000       0.47995        1.9837        2.0180        1.9399        1.9168         0.182       24.6269     0.0978299     0.0007859     0.0006980     0.0000232     0.0000647     0.0000000     0.0000000     0.0000000     0.0000000     0.0000000 
          36.            0.        1.0000       0.47602        1.9848        2.0183        1.9411        1.9181         0.186       24.6421     0.0969373     0.0007284     0.0006442     0.0000228     0.0000613     0.0000000     0.0000000     0.0000000     0.0000000     0.0000000 
          36.            0.        1.0000       0.47236        1.9858        2.0185        1.9422        1.9192         0.191       24.6599     0.0961063     0.0006776     0.0005967     0.0000225     0.0000583     0.0000000     0.0000000     0.0000000     0.0000000     0.0000000 
          36.            0.        1.0000       0.46893        1.9867        2.0187        1.9432        1.9203         0.195       24.6797     0.0953302     0.0006325     0.0005546     0.0000222     0.0000556     0.0000000     0.0000000     0.0000000     0.0000000     0.0000000 
          37.            0.        1.0000       0.46571        1.9875        2.0189        1.9441        1.9213         0.200       24.7011     0.0946030     0.0005922     0.0005171     0.0000219     0.0000532     0.0000000     0.0000000     0.0000000     0.0000000     0.0000000 
          38.            0.        1.0000       0.46268        1.9883        2.0192        1.9450        1.9222         0.205       24.7239     0.0939199     0.0005561     0.0004835     0.0000216     0.0000510     0.0000000     0.0000000     0.0000000     0.0000000     0.0000000 
          38.            0.        1.0000       0.45981        1.9891        2.0193        1.9458        1.9231         0.210       24.7478     0.0932764     0.0005237     0.0004533     0.0000214     0.0000490     0.0000000     0.0000000     0.0000000     0.0000000     0.0000000 
          38.            0.        1.0000       0.45710        1.9898        2.0195        1.9466        1.9239         0.215       24.7725     0.0926689     0.0004943     0.0004260     0.0000211     0.0000472     0.0000000     0.0000000     0.0000000     0.0000000     0.0000000 
          39.            0.        1.0000       0.45454        1.9905        2.0197        1.9474        1.9247         0.220       24.7979     0.0920940     0.0004676     0.0004012     0.0000209     0.0000455     0.0000000     0.0000000     0.0000000     0.0000000     0.0000000 
          40.            0.        1.0000       0.45209        1.9911        2.0199        1.9481        1.9254         0.225       24.8240     0.0915489     0.0004433     0.0003787     0.0000207     0.0000439     0.0000000     0.0000000     0.0000000     0.0000000     0.0000000 
          40.            0.        1.0000       0.44977        1.9918        2.0200        1.9487        1.9261         0.230       24.8506     0.0910311     0.0004211     0.0003581     0.0000205     0.0000425     0.0000000     0.0000000     0.0000000     0.0000000     0.0000000 
          40.            0.        1.0000       0.44755        1.9923        2.0202        1.9493        1.9267         0.236       24.8776     0.0905384     0.0004007     0.0003393     0.0000203     0.0000411     0.0000000     0.0000000     0.0000000     0.0000000     0.0000000 
          41.            0.        1.0000       0.44544        1.9929        2.0204        1.9499        1.9274         0.241       24.9050     0.0900687     0.0003820     0.0003220     0.0000201     0.0000399     0.0000000     0.0000000     0.0000000     0.0000000     0.0000000 
          42.            0.        1.0000       0.44341        1.9934        2.0205        1.9505        1.9279         0.246       24.9327     0.0896203     0.0003648     0.0003060     0.0000200     0.0000388     0.0000000     0.0000000     0.0000000     0.0000000     0.0000000 
          42.            0.        1.0000       0.44147        1.9939        2.0206        1.9510        1.9285         0.251       24.9608     0.0891916     0.0003488     0.0002913     0.0000198     0.0000377     0.0000000     0.0000000     0.0000000     0.0000000     0.0000000 
          42.            0.        1.0000       0.43961        1.9944        2.0208        1.9515        1.9290         0.256       24.9891     0.0887812     0.0003341     0.0002777     0.0000197     0.0000367     0.0000000     0.0000000     0.0000000     0.0000000     0.0000000 
          43.            0.        1.0000       0.43782        1.9948        2.0209        1.9520        1.9295         0.261       25.0177     0.0883877     0.0003204     0.0002651     0.0000195     0.0000357     0.0000000     0.0000000     0.0000000     0.0000000     0.0000000 
          44.            0.        1.0000       0.43610        1.9953        2.0210        1.9524        1.9299         0.267       25.0464     0.0880100     0.0003076     0.0002534     0.0000194     0.0000349     0.0000000     0.0000000     0.0000000     0.0000000     0.0000000 
          44.            0.        1.0000       0.43444        1.9957        2.0211        1.9529        1.9304         0.272       25.0754     0.0876470     0.0002958     0.0002425     0.0000192     0.0000340     0.0000000     0.0000000     0.0000000     0.0000000     0.0000000 
          44.            0.        1.0000       0.43285        1.9961        2.0213        1.9533        1.9308         0.277       25.1045     0.0872979     0.0002847     0.0002323     0.0000191     0.0000332     0.0000000     0.0000000     0.0000000     0.0000000     0.0000000 
          45.            0.        1.0000       0.43131        1.9965        2.0214        1.9537        1.9312         0.283       25.1337     0.0869616     0.0002743     0.0002228     0.0000190     0.0000325     0.0000000     0.0000000     0.0000000     0.0000000     0.0000000 
          46.            0.        1.0000       0.42982        1.9968        2.0215        1.9541        1.9316         0.288       25.1631     0.0866373     0.0002646     0.0002139     0.0000188     0.0000318     0.0000000     0.0000000     0.0000000     0.0000000     0.0000000 
          46.            0.        1.0000       0.42839        1.9972        2.0216        1.9544        1.9319         0.294       25.1925     0.0863245     0.0002554     0.0002056     0.0000187     0.0000311     0.0000000     0.0000000     0.0000000     0.0000000     0.0000000 
          46.            0.        1.0000       0.42700        1.9975        2.0217        1.9548        1.9323         0.300       25.2220     0.0860223     0.0002468     0.0001978     0.0000186     0.0000305     0.0000000     0.0000000     0.0000000     0.0000000     0.0000000 
          47.            0.        1.0000       0.42565        1.9978        2.0218        1.9551        1.9326         0.305       25.2516     0.0857301     0.0002388     0.0001904     0.0000185     0.0000299     0.0000000     0.0000000     0.0000000     0.0000000     0.0000000 
          48.            0.        1.0000       0.42434        1.9982        2.0219        1.9554        1.9329         0.311       25.2811     0.0854474     0.0002311     0.0001834     0.0000184     0.0000293     0.0000000     0.0000000     0.0000000     0.0000000     0.0000000 
          48.            0.        1.0000       0.42308        1.9985        2.0220        1.9557        1.9332         0.317       25.3107     0.0851737     0.0002239     0.0001769     0.0000183     0.0000287     0.0000000     0.0000000     0.0000000     0.0000000     0.0000000 
          48.            0.        1.0000       0.42185        1.9987        2.0221        1.9560        1.9335         0.323       25.3402     0.0849083     0.0002171     0.0001707     0.0000182     0.0000282     0.0000000     0.0000000     0.0000000     0.0000000     0.0000000 
          49.            0.        1.0000       0.42066        1.9990        2.0222        1.9563        1.9338         0.329       25.3697     0.0846511     0.0002107     0.0001649     0.0000181     0.0000277     0.0000000     0.0000000     0.0000000     0.0000000     0.0000000 
          50.            0.        1.0000       0.41950        1.9993        2.0223        1.9565        1.9340         0.334       25.3991     0.0844013     0.0002046     0.0001593     0.0000180     0.0000272     0.0000000     0.0000000     0.0000000     0.0000000     0.0000000 
          50.            0.        1.0000       0.41837        1.9995        2.0223        1.9568        1.9343         0.340       25.4284     0.0841588     0.0001988     0.0001541     0.0000179     0.0000268     0.0000000     0.0000000     0.0000000     0.0000000     0.0000000 
          50.            0.        1.0000       0.41727        1.9998        2.0224        1.9571        1.9345         0.346       25.4576     0.0839230     0.0001933     0.0001491     0.0000178     0.0000263     0.0000000     0.0000000     0.0000000     0.0000000     0.0000000 
          51.            0.        1.0000       0.41621        2.0000        2.0225        1.9573        1.9348         0.352       25.4867     0.0836938     0.0001880     0.0001444     0.0000177     0.0000259     0.0000000     0.0000000     0.0000000     0.0000000     0.0000000 
          52.            0.        1.0000       0.41516        2.0003        2.0226        1.9575        1.9350         0.357       25.5155     0.0834707     0.0001831     0.0001399     0.0000176     0.0000255     0.0000000     0.0000000     0.0000000     0.0000000     0.0000000 
          52.            0.        1.0000       0.41415        2.0005        2.0227        1.9577        1.9352         0.363       25.5443     0.0832534     0.0001783     0.0001356     0.0000176     0.0000251     0.0000000     0.0000000     0.0000000     0.0000000     0.0000000 
          52.            0.        1.0000       0.41316        2.0007        2.0227        1.9580        1.9354         0.369       25.5728     0.0830417     0.0001738     0.0001315     0.0000175     0.0000247     0.0000000     0.0000000     0.0000000     0.0000000     0.0000000 
          53.            0.        1.0000       0.41219        2.0009        2.0228        1.9582        1.9356         0.374       25.6011     0.0828354     0.0001695     0.0001277     0.0000174     0.0000244     0.0000000     0.0000000     0.0000000     0.0000000     0.0000000 
          54.            0.        1.0000       0.41125        2.0011        2.0229        1.9584        1.9358         0.379       25.6292     0.0826342     0.0001653     0.0001240     0.0000173     0.0000240     0.0000000     0.0000000     0.0000000     0.0000000     0.0000000 
          54.            0.        1.0000       0.41033        2.0013        2.0229        1.9585        1.9360         0.384       25.6571     0.0824377     0.0001614     0.0001204     0.0000172     0.0000237     0.0000000     0.0000000     0.0000000     0.0000000     0.0000000 
          54.            0.        1.0000       0.40943        2.0015        2.0230        1.9587        1.9362         0.390       25.6848     0.0822459     0.0001576     0.0001170     0.0000172     0.0000234     0.0000000     0.0000000     0.0000000     0.0000000     0.0000000 
          55.            0.        1.0000       0.40854        2.0017        2.0231        1.9589        1.9363         0.395       25.7123     0.0820586     0.0001540     0.0001138     0.0000171     0.0000231     0.0000000     0.0000000     0.0000000     0.0000000     0.0000000 
          56.            0.        1.0000       0.40768        2.0019        2.0232        1.9591        1.9365         0.399       25.7396     0.0818755     0.0001505     0.0001107     0.0000170     0.0000228     0.0000000     0.0000000     0.0000000     0.0000000     0.0000000 
          56.            0.        1.0000       0.40684        2.0021        2.0232        1.9593        1.9367         0.404       25.7668     0.0816966     0.0001472     0.0001077     0.0000170     0.0000225     0.0000000     0.0000000     0.0000000     0.0000000     0.0000000 
          56.            0.        1.0000       0.40601        2.0023        2.0233        1.9594        1.9368         0.409       25.7939     0.0815216     0.0001440     0.0001049     0.0000169     0.0000222     0.0000000     0.0000000     0.0000000     0.0000000     0.0000000 
          57.            0.        1.0000       0.40520        2.0024        2.0233        1.9596        1.9370         0.413       25.8209     0.0813504     0.0001409     0.0001021     0.0000168     0.0000219     0.0000000     0.0000000     0.0000000     0.0000000     0.0000000 
          58.            0.        1.0000       0.40441        2.0026        2.0234        1.9597        1.9371         0.418       25.8478     0.0811828     0.0001379     0.0000995     0.0000168     0.0000216     0.0000000     0.0000000     0.0000000     0.0000000     0.0000000 
          58.            0.        1.0000       0.40364        2.0027        2.0235        1.9599        1.9372         0.422       25.8747     0.0810188     0.0001351     0.0000970     0.0000167     0.0000214     0.0000000     0.0000000     0.0000000     0.0000000     0.0000000 
          58.            0.        1.0000       0.40287        2.0029        2.0235        1.9600        1.9374         0.427       25.9017     0.0808582     0.0001324     0.0000946     0.0000167     0.0000211     0.0000000     0.0000000     0.0000000     0.0000000     0.0000000 
          59.            0.        1.0000       0.40213        2.0031        2.0236        1.9602        1.9375         0.431       25.9286     0.0807009     0.0001297     0.0000923     0.0000166     0.0000209     0.0000000     0.0000000     0.0000000     0.0000000     0.0000000 
          60.            0.        1.0000       0.40140        2.0032        2.0236        1.9603        1.9376         0.436       25.9557     0.0805467     0.0001272     0.0000900     0.0000165     0.0000207     0.0000000     0.0000000     0.0000000     0.0000000     0.0000000 
          60.            0.        1.0000       0.40068        2.0033        2.0237        1.9604        1.9378         0.441       25.9829     0.0803957     0.0001248     0.0000879     0.0000165     0.0000204     0.0000000     0.0000000     0.0000000     0.0000000     0.0000000 
          60.            0.        1.0000       0.39998        2.0035        2.0238        1.9606        1.9379         0.445       26.0102     0.0802476     0.0001224     0.0000858     0.0000164     0.0000202     0.0000000     0.0000000     0.0000000     0.0000000     0.0000000 
          61.            0.        1.0000       0.39929        2.0036        2.0238        1.9607        1.9380         0.450       26.0376     0.0801024     0.0001202     0.0000838     0.0000164     0.0000200     0.0000000     0.0000000     0.0000000     0.0000000     0.0000000 
          62.            0.        1.0000       0.39861        2.0037        2.0239        1.9608        1.9381         0.455       26.0651     0.0799600     0.0001180     0.0000819     0.0000163     0.0000198     0.0000000     0.0000000     0.0000000     0.0000000     0.0000000 
          62.            0.        1.0000       0.39794        2.0039        2.0239        1.9609        1.9382         0.460       26.0928     0.0798202     0.0001159     0.0000800     0.0000163     0.0000196     0.0000000     0.0000000     0.0000000     0.0000000     0.0000000 
          62.            0.        1.0000       0.39729        2.0040        2.0240        1.9610        1.9383         0.465       26.1207     0.0796830     0.0001138     0.0000782     0.0000162     0.0000194     0.0000000     0.0000000     0.0000000     0.0000000     0.0000000 
          63.            0.        1.0000       0.39665        2.0041        2.0240        1.9611        1.9384         0.470       26.1486     0.0795484     0.0001119     0.0000765     0.0000162     0.0000192     0.0000000     0.0000000     0.0000000     0.0000000     0.0000000 
          64.            0.        1.0000       0.39602        2.0042        2.0241        1.9613        1.9385         0.476       26.1766     0.0794161     0.0001099     0.0000748     0.0000161     0.0000190     0.0000000     0.0000000     0.0000000     0.0000000     0.0000000 
          64.            0.        1.0000       0.39540        2.0044        2.0241        1.9614        1.9386         0.481       26.2047     0.0792862     0.0001081     0.0000732     0.0000161     0.0000188     0.0000000     0.0000000     0.0000000     0.0000000     0.0000000 
          64.            0.        1.0000       0.39479        2.0045        2.0242        1.9615        1.9387         0.487       26.2328     0.0791585     0.0001063     0.0000717     0.0000160     0.0000186     0.0000000     0.0000000     0.0000000     0.0000000     0.0000000 
          65.            0.        1.0000       0.39419        2.0046        2.0242        1.9616        1.9388         0.493       26.2609     0.0790330     0.0001046     0.0000702     0.0000160     0.0000185     0.0000000     0.0000000     0.0000000     0.0000000     0.0000000 
          66.            0.        1.0000       0.39360        2.0047        2.0243        1.9617        1.9389         0.498       26.2890     0.0789096     0.0001029     0.0000687     0.0000159     0.0000183     0.0000000     0.0000000     0.0000000     0.0000000     0.0000000 
          66.            0.        1.0000       0.39302        2.0048        2.0243        1.9618        1.9390         0.504       26.3171     0.0787882     0.0001013     0.0000673     0.0000159     0.0000181     0.0000000     0.0000000     0.0000000     0.0000000     0.0000000 
          66.            0.        1.0000       0.39245        2.0049        2.0243        1.9618        1.9391         0.510       26.3452     0.0786687     0.0000997     0.0000659     0.0000158     0.0000180     0.0000000     0.0000000     0.0000000     0.0000000     0.0000000 
          67.            0.        1.0000       0.39188        2.0050        2.0244        1.9619        1.9391         0.516       26.3732     0.0785512     0.0000982     0.0000646     0.0000158     0.0000178     0.0000000     0.0000000     0.0000000     0.0000000     0.0000000 
          68.            0.        1.0000       0.39133        2.0051        2.0244        1.9620        1.9392         0.522       26.4013     0.0784355     0.0000967     0.0000633     0.0000157     0.0000176     0.0000000     0.0000000     0.0000000     0.0000000     0.0000000 
          68.            0.        1.0000       0.39078        2.0052        2.0245        1.9621        1.9393         0.528       26.4292     0.0783218     0.0000953     0.0000621     0.0000157     0.0000175     0.0000000     0.0000000     0.0000000     0.0000000     0.0000000 
          68.            0.        1.0000       0.39025        2.0053        2.0245        1.9622        1.9394         0.534       26.4571     0.0782099     0.0000939     0.0000609     0.0000157     0.0000173     0.0000000     0.0000000     0.0000000     0.0000000     0.0000000 
          69.            0.        1.0000       0.38973        2.0054        2.0246        1.9623        1.9395         0.540       26.4848     0.0781005     0.0000925     0.0000597     0.0000156     0.0000172     0.0000000     0.0000000     0.0000000     0.0000000     0.0000000 
          70.            0.        1.0000       0.38924        2.0056        2.0246        1.9624        1.9396         0.546       26.5072     0.0779950     0.0000913     0.0000586     0.0000156     0.0000171     0.0000000     0.0000000     0.0000000     0.0000000     0.0000000 
          70.            0.        1.0000       0.39216        2.0070        2.0251        1.9640        1.9412         0.580       28.4339     0.0784830     0.0000986     0.0000651     0.0000158     0.0000177     0.0000000     0.0000000     0.0000000     0.0000000     0.0000000 
          70.            0.        2.0000       0.41257        1.9976        2.0208        1.9565        1.9349         0.619       31.1099     0.0727699     0.0000174     0.0000000     0.0000029     0.0000145     0.0000000     0.0000000     0.0000000     0.0000000     0.0000000 
          71.            0.        3.0000       0.42538        2.0024        2.0232        1.9623        1.9410         0.584       31.1864     0.0728090     0.0000159     0.0000000     0.0000006     0.0000153     0.0000000     0.0000000     0.0000000     0.0000000     0.0000000 
          72.            0.        4.0000       0.42951        2.0063        2.0247        1.9660        1.9446         0.575       31.0855     0.0728597     0.0000157     0.0000000     0.0000001     0.0000156     0.0000000     0.0000000     0.0000000     0.0000000     0.0000000 
          72.            0.        5.0000       0.43071        2.0081        2.0252        1.9676        1.9462         0.578       31.0661     0.0728400     0.0000157     0.0000000     0.0000000     0.0000156     0.0000000     0.0000000     0.0000000     0.0000000     0.0000000 
          72.            0.        6.0000       0.43099        2.0089        2.0254        1.9683        1.9468         0.584       31.0638     0.0728042     0.0000156     0.0000000     0.0000000     0.0000156     0.0000000     0.0000000     0.0000000     0.0000000     0.0000000 
          73.            0.        7.0000       0.43100        2.0093        2.0254        1.9686        1.9471         0.592       31.0603     0.0727696     0.0000156     0.0000000     0.0000000     0.0000156     0.0000000     0.0000000     0.0000000     0.0000000     0.0000000 
          74.            0.        8.0000       0.43092        2.0094        2.0254        1.9687        1.9472         0.600       31.0556     0.0727415     0.0000155     0.0000000     0.0000000     0.0000155     0.0000000     0.0000000     0.0000000     0.0000000     0.0000000 
          74.            0.        9.0000       0.43082        2.0095        2.0254        1.9688        1.9473         0.609       31.0523     0.0727168     0.0000155     0.0000000     0.0000000     0.0000155     0.0000000     0.0000000     0.0000000     0.0000000     0.0000000 
          74.            0.       10.0000       0.43071        2.0096        2.0255        1.9688        1.9473         0.617       31.0494     0.0726920     0.0000155     0.0000000     0.0000000     0.0000155     0.0000000     0.0000000     0.0000000     0.0000000     0.0000000 
          75.            0.       11.0000       0.43059        2.0096        2.0255        1.9689        1.9474         0.626       31.0464     0.0726680     0.0000155     0.0000000     0.0000000     0.0000155     0.0000000     0.0000000     0.0000000     0.0000000     0.0000000 
          76.            0.       12.0000       0.43048        2.0097        2.0255        1.9690        1.9475         0.636       31.0439     0.0726441     0.0000154     0.0000000     0.0000000     0.0000154     0.0000000     0.0000000     0.0000000     0.0000000     0.0000000 
          76.            0.       13.0000       0.43037        2.0098        2.0255        1.9690        1.9475         0.645       31.0415     0.0726205     0.0000154     0.0000000     0.0000000     0.0000154     0.0000000     0.0000000     0.0000000     0.0000000     0.0000000 
          76.            0.       14.0000       0.43026        2.0098        2.0255        1.9691        1.9476         0.655       31.0394     0.0725970     0.0000154     0.0000000     0.0000000     0.0000154     0.0000000     0.0000000     0.0000000     0.0000000     0.0000000 
          77.            0.       15.0000       0.43015        2.0099        2.0255        1.9691        1.9477         0.664       31.0374     0.0725735     0.0000153     0.0000000     0.0000000     0.0000153     0.0000000     0.0000000     0.0000000     0.0000000     0.0000000 
          78.            0.       16.0000       0.43004        2.0099        2.0256        1.9692        1.9477         0.674       31.0354     0.0725502     0.0000153     0.0000000     0.0000000     0.0000153     0.0000000     0.0000000     0.0000000     0.0000000     0.0000000 
          78.            0.       17.0000       0.42993        2.0100        2.0256        1.9693        1.9478         0.685       31.0335     0.0725269     0.0000153     0.0000000     0.0000000     0.0000153     0.0000000     0.0000000     0.0000000     0.0000000     0.0000000 
          78.            0.       18.0000       0.42982        2.0100        2.0256        1.9693        1.9479         0.695       31.0317     0.0725038     0.0000153     0.0000000     0.0000000     0.0000153     0.0000000     0.0000000     0.0000000     0.0000000     0.0000000 
          79.            0.       19.0000       0.42971        2.0101        2.0256        1.9694        1.9479         0.706       31.0299     0.0724806     0.0000152     0.0000000     0.0000000     0.0000152     0.0000000     0.0000000     0.0000000     0.0000000     0.0000000 
          80.            0.       19.0000       0.42960        2.0101        2.0256        1.9694        1.9480         0.717       31.0282     0.0724576     0.0000152     0.0000000     0.0000000     0.0000152     0.0000000     0.0000000     0.0000000     0.0000000     0.0000000 
          80.            0.       19.0000       0.42950        2.0102        2.0256        1.9695        1.9480         0.728       31.0266     0.0724347     0.0000152     0.0000000     0.0000000     0.0000152     0.0000000     0.0000000     0.0000000     0.0000000     0.0000000 
          80.            0.       19.0000       0.42939        2.0103        2.0257        1.9696        1.9481         0.739       31.0250     0.0724118     0.0000151     0.0000000     0.0000000     0.0000151     0.0000000     0.0000000     0.0000000     0.0000000     0.0000000 
          81.            0.       19.0000       0.42928        2.0103        2.0257        1.9696        1.9482         0.751       31.0235     0.0723890     0.0000151     0.0000000     0.0000000     0.0000151     0.0000000     0.0000000     0.0000000     0.0000000     0.0000000 
          82.            0.       19.0000       0.42918        2.0104        2.0257        1.9697        1.9482         0.763       31.0220     0.0723662     0.0000151     0.0000000     0.0000000     0.0000151     0.0000000     0.0000000     0.0000000     0.0000000     0.0000000 
          82.            0.       19.0000       0.42907        2.0104        2.0257        1.9697        1.9483         0.775       31.0206     0.0723435     0.0000151     0.0000000     0.0000000     0.0000151     0.0000000     0.0000000     0.0000000     0.0000000     0.0000000 
          82.            0.       19.0000       0.42896        2.0105        2.0257        1.9698        1.9484         0.787       31.0192     0.0723209     0.0000150     0.0000000     0.0000000     0.0000150     0.0000000     0.0000000     0.0000000     0.0000000     0.0000000 
          83.            0.       19.0000       0.42886        2.0105        2.0257        1.9699        1.9484         0.799       31.0178     0.0722984     0.0000150     0.0000000     0.0000000     0.0000150     0.0000000     0.0000000     0.0000000     0.0000000     0.0000000 
          84.            0.       19.0000       0.42875        2.0106        2.0258        1.9699        1.9485         0.812       31.0165     0.0722760     0.0000150     0.0000000     0.0000000     0.0000150     0.0000000     0.0000000     0.0000000     0.0000000     0.0000000 
          84.            0.       19.0000       0.42865        2.0106        2.0258        1.9700        1.9486         0.825       31.0153     0.0722535     0.0000150     0.0000000     0.0000000     0.0000150     0.0000000     0.0000000     0.0000000     0.0000000     0.0000000 
          84.            0.       19.0000       0.42854        2.0107        2.0258        1.9701        1.9486         0.838       31.0141     0.0722312     0.0000149     0.0000000     0.0000000     0.0000149     0.0000000     0.0000000     0.0000000     0.0000000     0.0000000 
          85.            0.       19.0000       0.42844        2.0108        2.0258        1.9701        1.9487         0.851       31.0129     0.0722089     0.0000149     0.0000000     0.0000000     0.0000149     0.0000000     0.0000000     0.0000000     0.0000000     0.0000000 
          86.            0.       19.0000       0.42834        2.0108        2.0258        1.9702        1.9488         0.865       31.0118     0.0721868     0.0000149     0.0000000     0.0000000     0.0000149     0.0000000     0.0000000     0.0000000     0.0000000     0.0000000 
          86.            0.       19.0000       0.42823        2.0109        2.0258        1.9702        1.9488         0.878       31.0108     0.0721646     0.0000148     0.0000000     0.0000000     0.0000148     0.0000000     0.0000000     0.0000000     0.0000000     0.0000000 
          86.            0.       19.0000       0.42813        2.0109        2.0259        1.9703        1.9489         0.892       31.0098     0.0721425     0.0000148     0.0000000     0.0000000     0.0000148     0.0000000     0.0000000     0.0000000     0.0000000     0.0000000 
          87.            0.       19.0000       0.42803        2.0110        2.0259        1.9704        1.9489         0.906       31.0088     0.0721205     0.0000148     0.0000000     0.0000000     0.0000148     0.0000000     0.0000000     0.0000000     0.0000000     0.0000000 
          88.            0.       19.0000       0.42793        2.0110        2.0259        1.9704        1.9490         0.920       31.0079     0.0720986     0.0000148     0.0000000     0.0000000     0.0000148     0.0000000     0.0000000     0.0000000     0.0000000     0.0000000 
          88.            0.       19.0000       0.42782        2.0111        2.0259        1.9705        1.9491         0.935       31.0071     0.0720768     0.0000147     0.0000000     0.0000000     0.0000147     0.0000000     0.0000000     0.0000000     0.0000000     0.0000000 
          88.            0.       19.0000       0.42772        2.0111        2.0259        1.9705        1.9491         0.949       31.0063     0.0720550     0.0000147     0.0000000     0.0000000     0.0000147     0.0000000     0.0000000     0.0000000     0.0000000     0.0000000 
          89.            0.       19.0000       0.42762        2.0112        2.0259        1.9706        1.9492         0.964       31.0055     0.0720332     0.0000147     0.0000000     0.0000000     0.0000147     0.0000000     0.0000000     0.0000000     0.0000000     0.0000000 
          90.            0.       19.0000       0.42752        2.0113        2.0260        1.9706        1.9493         0.979       31.0048     0.0720116     0.0000147     0.0000000     0.0000000     0.0000147     0.0000000     0.0000000     0.0000000     0.0000000     0.0000000 
          90.            0.       19.0000       0.42742        2.0113        2.0260        1.9707        1.9493         0.994       31.0042     0.0719900     0.0000146     0.0000000     0.0000000     0.0000146     0.0000000     0.0000000     0.0000000     0.0000000     0.0000000 
          90.            0.       19.0000       0.42732        2.0114        2.0260        1.9708        1.9494         1.009       31.0036     0.0719684     0.0000146     0.0000000     0.0000000     0.0000146     0.0000000     0.0000000     0.0000000     0.0000000     0.0000000 
          91.            0.       19.0000       0.42722        2.0114        2.0260        1.9708        1.9495         1.025       31.0031     0.0719469     0.0000146     0.0000000     0.0000000     0.0000146     0.0000000     0.0000000     0.0000000     0.0000000     0.0000000 
          92.            0.       19.0000       0.42712        2.0115        2.0260        1.9709        1.9495         1.040       31.0026     0.0719255     0.0000146     0.0000000     0.0000000     0.0000146     0.0000000     0.0000000     0.0000000     0.0000000     0.0000000 
          92.            0.       19.0000       0.42702        2.0115        2.0260        1.9709        1.9496         1.055       31.0021     0.0719042     0.0000145     0.0000000     0.0000000     0.0000145     0.0000000     0.0000000     0.0000000     0.0000000     0.0000000 
          92.            0.       19.0000       0.42692        2.0116        2.0261        1.9710        1.9496         1.071       31.0017     0.0718829     0.0000145     0.0000000     0.0000000     0.0000145     0.0000000     0.0000000     0.0000000     0.0000000     0.0000000 
          93.            0.       19.0000       0.42683        2.0116        2.0261        1.9711        1.9497         1.087       31.0014     0.0718617     0.0000145     0.0000000     0.0000000     0.0000145     0.0000000     0.0000000     0.0000000     0.0000000     0.0000000 
          94.            0.       19.0000       0.42673        2.0117        2.0261        1.9711        1.9498         1.103       31.0010     0.0718405     0.0000145     0.0000000     0.0000000     0.0000145     0.0000000     0.0000000     0.0000000     0.0000000     0.0000000 
          94.            0.       19.0000       0.42663        2.0117        2.0261        1.9712        1.9498         1.119       31.0008     0.0718194     0.0000144     0.0000000     0.0000000     0.0000144     0.0000000     0.0000000     0.0000000     0.0000000     0.0000000 
          94.            0.       19.0000       0.42653        2.0118        2.0261        1.9712        1.9499         1.135       31.0005     0.0717983     0.0000144     0.0000000     0.0000000     0.0000144     0.0000000     0.0000000     0.0000000     0.0000000     0.0000000 
          95.            0.       19.0000       0.42644        2.0118        2.0261        1.9713        1.9500         1.151       31.0003     0.0717773     0.0000144     0.0000000     0.0000000     0.0000144     0.0000000     0.0000000     0.0000000     0.0000000     0.0000000 
          96.            0.       19.0000       0.42634        2.0119        2.0261        1.9714        1.9500         1.167       31.0002     0.0717563     0.0000144     0.0000000     0.0000000     0.0000144     0.0000000     0.0000000     0.0000000     0.0000000     0.0000000 
          96.            0.       19.0000       0.42624        2.0120        2.0262        1.9714        1.9501         1.183       31.0000     0.0717354     0.0000143     0.0000000     0.0000000     0.0000143     0.0000000     0.0000000     0.0000000     0.0000000     0.0000000 
          96.            0.       19.0000       0.42615        2.0120        2.0262        1.9715        1.9502         1.199       30.9999     0.0717145     0.0000143     0.0000000     0.0000000     0.0000143     0.0000000     0.0000000     0.0000000     0.0000000     0.0000000 
          97.            0.       19.0000       0.42605        2.0121        2.0262        1.9715        1.9502         1.215       30.9998     0.0716937     0.0000143     0.0000000     0.0000000     0.0000143     0.0000000     0.0000000     0.0000000     0.0000000     0.0000000 
          98.            0.       19.0000       0.42596        2.0121        2.0262        1.9716        1.9503         1.232       30.9998     0.0716729     0.0000143     0.0000000     0.0000000     0.0000143     0.0000000     0.0000000     0.0000000     0.0000000     0.0000000 
          98.            0.       19.0000       0.42586        2.0122        2.0262        1.9717        1.9504         1.248       30.9997     0.0716522     0.0000143     0.0000000     0.0000000     0.0000143     0.0000000     0.0000000     0.0000000     0.0000000     0.0000000 
          98.            0.       19.0000       0.42577        2.0122        2.0262        1.9717        1.9504         1.264       30.9997     0.0716315     0.0000142     0.0000000     0.0000000     0.0000142     0.0000000     0.0000000     0.0000000     0.0000000     0.0000000 
          99.            0.       19.0000       0.42567        2.0123        2.0263        1.9718        1.9505         1.280       30.9997     0.0716108     0.0000142     0.0000000     0.0000000     0.0000142     0.0000000     0.0000000     0.0000000     0.0000000     0.0000000 
         100.            0.       19.0000       0.42558        2.0123        2.0263        1.9718        1.9505         1.297       30.9997     0.0715902     0.0000142     0.0000000     0.0000000     0.0000142     0.0000000     0.0000000     0.0000000     0.0000000     0.0000000 
         100.            0.       19.0000       0.42548        2.0124        2.0263        1.9719        1.9506         1.313       30.9997     0.0715696     0.0000142     0.0000000     0.0000000     0.0000142     0.0000000     0.0000000     0.0000000     0.0000000     0.0000000 
