%
%
% Run:2017  Table:COMPGRID          SWAN version:41.10A
%
%       Xp            Yp            Depth         Hsig          Tm_10         TPsmoo        Tm01          Tm02          Dir           Dspr          Steepn        Dissip        Ssurf         Sfric         Swcap         Redist        Snl3          Snl4          Genera        Swind    
%       [m]           [m]           [m]           [m]           [sec]         [sec]         [sec]         [sec]         [degr]        [degr]        [ ]           [m2/s]        [m2/s]        [m2/s]        [m2/s]        [m2/s]        [m2/s]        [m2/s]        [m2/s]        [m2/s]   
%
           0.            0.       21.0000       1.50776        2.7034        3.0055        2.4655        2.2053         0.031       31.8354     0.1984715     0.0000022     0.0000000     0.0000000     0.0000022     0.0000000     0.0000000     0.0000000     0.0000000     0.0000000 
           0.            0.       21.0000       1.49785        2.7197        3.0057        2.5025        2.2701         0.031       31.7724     0.1860518     0.0029435     0.0000000     0.0000000     0.0029435     0.0000000     0.0000000     0.0000000     0.0000000     0.0000000 
           1.            0.       21.0000       1.48903        2.7340        3.0059        2.5349        2.3292         0.032       31.7231     0.1756831     0.0026453     0.0000000     0.0000000     0.0026453     0.0000000     0.0000000     0.0000000     0.0000000     0.0000000 
           2.            0.       21.0000       1.48137        2.7460        3.0061        2.5619        2.3795         0.032       31.6866     0.1674716     0.0024109     0.0000000     0.0000000     0.0024109     0.0000000     0.0000000     0.0000000     0.0000000     0.0000000 
           2.            0.       21.0000       1.47469        2.7561        3.0063        2.5841        2.4212         0.032       31.6587     0.1610130     0.0022246     0.0000000     0.0000000     0.0022246     0.0000000     0.0000000     0.0000000     0.0000000     0.0000000 
           2.            0.       21.0000       1.46879        2.7647        3.0065        2.6025        2.4558         0.032       31.6364     0.1558828     0.0020735     0.0000000     0.0000000     0.0020735     0.0000000     0.0000000     0.0000000     0.0000000     0.0000000 
           3.            0.       21.0000       1.46350        2.7720        3.0067        2.6179        2.4846         0.032       31.6177     0.1517415     0.0019483     0.0000000     0.0000000     0.0019483     0.0000000     0.0000000     0.0000000     0.0000000     0.0000000 
           4.            0.       21.0000       1.45869        2.7785        3.0069        2.6310        2.5087         0.032       31.6014     0.1483400     0.0018424     0.0000000     0.0000000     0.0018424     0.0000000     0.0000000     0.0000000     0.0000000     0.0000000 
           4.            0.       21.0000       1.45426        2.7842        3.0070        2.6423        2.5293         0.032       31.5866     0.1454998     0.0017514     0.0000000     0.0000000     0.0017514     0.0000000     0.0000000     0.0000000     0.0000000     0.0000000 
           4.            0.       21.0000       1.45016        2.7894        3.0072        2.6522        2.5468         0.032       31.5730     0.1430929     0.0016721     0.0000000     0.0000000     0.0016721     0.0000000     0.0000000     0.0000000     0.0000000     0.0000000 
           5.            0.       21.0000       1.44632        2.7941        3.0074        2.6610        2.5620         0.032       31.5603     0.1410252     0.0016022     0.0000000     0.0000000     0.0016022     0.0000000     0.0000000     0.0000000     0.0000000     0.0000000 
           6.            0.       21.0000       1.44270        2.7984        3.0075        2.6688        2.5753         0.032       31.5482     0.1392271     0.0015398     0.0000000     0.0000000     0.0015398     0.0000000     0.0000000     0.0000000     0.0000000     0.0000000 
           6.            0.       21.0000       1.43928        2.8023        3.0077        2.6758        2.5870         0.032       31.5368     0.1376461     0.0014838     0.0000000     0.0000000     0.0014838     0.0000000     0.0000000     0.0000000     0.0000000     0.0000000 
           6.            0.       21.0000       1.43603        2.8060        3.0078        2.6822        2.5973         0.031       31.5259     0.1362419     0.0014331     0.0000000     0.0000000     0.0014331     0.0000000     0.0000000     0.0000000     0.0000000     0.0000000 
           7.            0.       21.0000       1.43292        2.8094        3.0080        2.6881        2.6066         0.031       31.5155     0.1349832     0.0013869     0.0000000     0.0000000     0.0013869     0.0000000     0.0000000     0.0000000     0.0000000     0.0000000 
           8.            0.       21.0000       1.42994        2.8126        3.0081        2.6934        2.6149         0.031       31.5054     0.1338454     0.0013445     0.0000000     0.0000000     0.0013445     0.0000000     0.0000000     0.0000000     0.0000000     0.0000000 
           8.            0.       21.0000       1.42708        2.8157        3.0083        2.6984        2.6225         0.031       31.4957     0.1328092     0.0013054     0.0000000     0.0000000     0.0013054     0.0000000     0.0000000     0.0000000     0.0000000     0.0000000 
           8.            0.       21.0000       1.42433        2.8185        3.0084        2.7031        2.6293         0.031       31.4864     0.1318588     0.0012693     0.0000000     0.0000000     0.0012693     0.0000000     0.0000000     0.0000000     0.0000000     0.0000000 
           9.            0.       21.0000       1.42167        2.8213        3.0086        2.7074        2.6357         0.031       31.4774     0.1309815     0.0012357     0.0000000     0.0000000     0.0012357     0.0000000     0.0000000     0.0000000     0.0000000     0.0000000 
          10.            0.       21.0000       1.41910        2.8239        3.0087        2.7115        2.6415         0.031       31.4687     0.1301672     0.0012043     0.0000000     0.0000000     0.0012043     0.0000000     0.0000000     0.0000000     0.0000000     0.0000000 
          10.            0.       21.0000       1.41660        2.8264        3.0088        2.7154        2.6469         0.030       31.4603     0.1294071     0.0011750     0.0000000     0.0000000     0.0011750     0.0000000     0.0000000     0.0000000     0.0000000     0.0000000 
          10.            0.       21.0000       1.41418        2.8287        3.0090        2.7190        2.6520         0.030       31.4521     0.1286947     0.0011474     0.0000000     0.0000000     0.0011474     0.0000000     0.0000000     0.0000000     0.0000000     0.0000000 
          11.            0.       21.0000       1.41183        2.8310        3.0091        2.7225        2.6567         0.030       31.4442     0.1280238     0.0011215     0.0000000     0.0000000     0.0011215     0.0000000     0.0000000     0.0000000     0.0000000     0.0000000 
          12.            0.       21.0000       1.40954        2.8332        3.0093        2.7258        2.6611         0.030       31.4365     0.1273895     0.0010970     0.0000000     0.0000000     0.0010970     0.0000000     0.0000000     0.0000000     0.0000000     0.0000000 
          12.            0.       21.0000       1.40731        2.8354        3.0094        2.7290        2.6653         0.030       31.4291     0.1267880     0.0010738     0.0000000     0.0000000     0.0010738     0.0000000     0.0000000     0.0000000     0.0000000     0.0000000 
          12.            0.       21.0000       1.40513        2.8374        3.0095        2.7320        2.6693         0.029       31.4219     0.1262156     0.0010519     0.0000000     0.0000000     0.0010519     0.0000000     0.0000000     0.0000000     0.0000000     0.0000000 
          13.            0.       21.0000       1.40301        2.8394        3.0096        2.7349        2.6731         0.029       31.4149     0.1256692     0.0010310     0.0000000     0.0000000     0.0010310     0.0000000     0.0000000     0.0000000     0.0000000     0.0000000 
          14.            0.       21.0000       1.40093        2.8413        3.0098        2.7377        2.6767         0.029       31.4081     0.1251465     0.0010112     0.0000000     0.0000000     0.0010112     0.0000000     0.0000000     0.0000000     0.0000000     0.0000000 
          14.            0.       21.0000       1.39890        2.8432        3.0099        2.7404        2.6801         0.029       31.4015     0.1246451     0.0009923     0.0000000     0.0000000     0.0009923     0.0000000     0.0000000     0.0000000     0.0000000     0.0000000 
          14.            0.       21.0000       1.39691        2.8450        3.0100        2.7430        2.6834         0.029       31.3951     0.1241632     0.0009742     0.0000000     0.0000000     0.0009742     0.0000000     0.0000000     0.0000000     0.0000000     0.0000000 
          15.            0.       21.0000       1.39497        2.8467        3.0101        2.7455        2.6865         0.028       31.3889     0.1236992     0.0009569     0.0000000     0.0000000     0.0009569     0.0000000     0.0000000     0.0000000     0.0000000     0.0000000 
          16.            0.       21.0000       1.39306        2.8484        3.0103        2.7480        2.6896         0.028       31.3828     0.1232515     0.0009404     0.0000000     0.0000000     0.0009404     0.0000000     0.0000000     0.0000000     0.0000000     0.0000000 
          16.            0.       21.0000       1.39119        2.8501        3.0104        2.7503        2.6925         0.028       31.3769     0.1228190     0.0009246     0.0000000     0.0000000     0.0009246     0.0000000     0.0000000     0.0000000     0.0000000     0.0000000 
          16.            0.       21.0000       1.38936        2.8517        3.0105        2.7526        2.6953         0.028       31.3712     0.1224004     0.0009094     0.0000000     0.0000000     0.0009094     0.0000000     0.0000000     0.0000000     0.0000000     0.0000000 
          17.            0.       21.0000       1.38755        2.8533        3.0106        2.7548        2.6981         0.028       31.3656     0.1219948     0.0008948     0.0000000     0.0000000     0.0008948     0.0000000     0.0000000     0.0000000     0.0000000     0.0000000 
          18.            0.       21.0000       1.38579        2.8548        3.0107        2.7570        2.7007         0.027       31.3601     0.1216012     0.0008807     0.0000000     0.0000000     0.0008807     0.0000000     0.0000000     0.0000000     0.0000000     0.0000000 
          18.            0.       21.0000       1.38405        2.8563        3.0109        2.7591        2.7032         0.027       31.3548     0.1212191     0.0008672     0.0000000     0.0000000     0.0008672     0.0000000     0.0000000     0.0000000     0.0000000     0.0000000 
          18.            0.       21.0000       1.38234        2.8578        3.0110        2.7611        2.7057         0.027       31.3497     0.1208475     0.0008542     0.0000000     0.0000000     0.0008542     0.0000000     0.0000000     0.0000000     0.0000000     0.0000000 
          19.            0.       21.0000       1.38066        2.8592        3.0111        2.7631        2.7081         0.027       31.3447     0.1204858     0.0008416     0.0000000     0.0000000     0.0008416     0.0000000     0.0000000     0.0000000     0.0000000     0.0000000 
          20.            0.       21.0000       1.37900        2.8606        3.0112        2.7651        2.7105         0.027       31.3397     0.1201335     0.0008295     0.0000000     0.0000000     0.0008295     0.0000000     0.0000000     0.0000000     0.0000000     0.0000000 
          20.            0.       21.0000       1.37738        2.8620        3.0113        2.7670        2.7128         0.026       31.3350     0.1197900     0.0008177     0.0000000     0.0000000     0.0008177     0.0000000     0.0000000     0.0000000     0.0000000     0.0000000 
          20.            0.       21.0000       1.37577        2.8633        3.0114        2.7688        2.7150         0.026       31.3303     0.1194549     0.0008064     0.0000000     0.0000000     0.0008064     0.0000000     0.0000000     0.0000000     0.0000000     0.0000000 
          21.            0.       21.0000       1.37420        2.8646        3.0115        2.7706        2.7172         0.026       31.3257     0.1191277     0.0007954     0.0000000     0.0000000     0.0007954     0.0000000     0.0000000     0.0000000     0.0000000     0.0000000 
          22.            0.       20.0000       1.37263        2.8659        3.0116        2.7724        2.7193         0.026       31.3211     0.1188085     0.0007848     0.0000000     0.0000000     0.0007848     0.0000000     0.0000000     0.0000000     0.0000000     0.0000000 
          22.            0.       19.0000       1.37109        2.8671        3.0117        2.7741        2.7213         0.026       31.3164     0.1184967     0.0007746     0.0000000     0.0000000     0.0007746     0.0000000     0.0000000     0.0000000     0.0000000     0.0000000 
          22.            0.       18.0000       1.36955        2.8683        3.0119        2.7758        2.7233         0.025       31.3112     0.1181917     0.0007646     0.0000000     0.0000000     0.0007646     0.0000000     0.0000000     0.0000000     0.0000000     0.0000000 
          23.            0.       17.0000       1.36803        2.8695        3.0120        2.7774        2.7252         0.025       31.3057     0.1178957     0.0007550     0.0000000     0.0000000     0.0007550     0.0000000     0.0000000     0.0000000     0.0000000     0.0000000 
          24.            0.       16.0000       1.36649        2.8706        3.0121        2.7789        2.7271         0.025       31.3002     0.1176048     0.0007457     0.0000000     0.0000000     0.0007457     0.0000000     0.0000000     0.0000000     0.0000000     0.0000000 
          24.            0.       15.0000       1.36493        2.8716        3.0121        2.7804        2.7289         0.025       31.2928     0.1173202     0.0007366     0.0000000     0.0000000     0.0007366     0.0000000     0.0000000     0.0000000     0.0000000     0.0000000 
          24.            0.       14.0000       1.36334        2.8725        3.0122        2.7818        2.7306         0.025       31.2837     0.1170495     0.0007280     0.0000000     0.0000000     0.0007280     0.0000000     0.0000000     0.0000000     0.0000000     0.0000000 
          25.            0.       13.0000       1.36164        2.8733        3.0123        2.7830        2.7321         0.025       31.2724     0.1167794     0.0007194     0.0000000     0.0000000     0.0007194     0.0000000     0.0000000     0.0000000     0.0000000     0.0000000 
          26.            0.       12.0000       1.35977        2.8738        3.0123        2.7841        2.7335         0.025       31.2573     0.1165230     0.0007112     0.0000000     0.0000001     0.0007112     0.0000000     0.0000000     0.0000000     0.0000000     0.0000000 
          26.            0.       11.0000       1.35759        2.8740        3.0122        2.7849        2.7346         0.025       31.2367     0.1162673     0.0007030     0.0000000     0.0000001     0.0007028     0.0000000     0.0000000     0.0000000     0.0000000     0.0000000 
          26.            0.       10.0000       1.35486        2.8738        3.0120        2.7852        2.7352         0.026       31.2062     0.1160189     0.0006946     0.0000000     0.0000003     0.0006944     0.0000000     0.0000000     0.0000000     0.0000000     0.0000000 
          27.            0.        9.0000       1.35116        2.8730        3.0114        2.7849        2.7353         0.027       31.1587     0.1157658     0.0006857     0.0000000     0.0000005     0.0006852     0.0000000     0.0000000     0.0000000     0.0000000     0.0000000 
          28.            0.        8.0000       1.34577        2.8712        3.0104        2.7837        2.7345         0.028       31.0810     0.1155021     0.0006754     0.0000000     0.0000009     0.0006745     0.0000000     0.0000000     0.0000000     0.0000000     0.0000000 
          28.            0.        7.0000       1.33750        2.8683        3.0087        2.7812        2.7323         0.032       30.9478     0.1152024     0.0006625     0.0000000     0.0000018     0.0006607     0.0000000     0.0000000     0.0000000     0.0000000     0.0000000 
          28.            0.        6.0000       1.32447        2.8641        3.0063        2.7772        2.7283         0.039       30.7102     0.1148519     0.0006454     0.0000000     0.0000036     0.0006418     0.0000000     0.0000000     0.0000000     0.0000000     0.0000000 
          29.            0.        5.0000       1.30429        2.8591        3.0038        2.7716        2.7226         0.050       30.2816     0.1144776     0.0006239     0.0000002     0.0000073     0.0006164     0.0000000     0.0000000     0.0000000     0.0000000     0.0000000 
          30.            0.        4.0000       1.27506        2.8553        3.0033        2.7661        2.7164         0.077       29.4654     0.1143476     0.0006249     0.0000211     0.0000151     0.0005887     0.0000000     0.0000000     0.0000000     0.0000000     0.0000000 
          30.            0.        3.0000       1.24258        2.8579        3.0068        2.7665        2.7156         0.114       28.7292     0.1158634     0.0014946     0.0008712     0.0000326     0.0005909     0.0000000     0.0000000     0.0000000     0.0000000     0.0000000 
          30.            0.        3.0000       1.23835        2.8583        3.0067        2.7672        2.7166         0.130       28.4229     0.1153984     0.0014438     0.0008341     0.0000324     0.0005774     0.0000000     0.0000000     0.0000000     0.0000000     0.0000000 
          31.            0.        3.0000       1.23546        2.8593        3.0068        2.7685        2.7181         0.130       28.3266     0.1150169     0.0014085     0.0008093     0.0000323     0.0005669     0.0000000     0.0000000     0.0000000     0.0000000     0.0000000 
          32.            0.        3.0000       1.23297        2.8604        3.0069        2.7699        2.7197         0.131       28.2909     0.1146658     0.0013781     0.0007884     0.0000322     0.0005576     0.0000000     0.0000000     0.0000000     0.0000000     0.0000000 
          32.            0.        3.0000       1.23064        2.8615        3.0070        2.7714        2.7213         0.132       28.2759     0.1143298     0.0013500     0.0007691     0.0000321     0.0005488     0.0000000     0.0000000     0.0000000     0.0000000     0.0000000 
          32.            0.        3.0000       1.22840        2.8626        3.0071        2.7728        2.7229         0.134       28.2681     0.1140038     0.0013233     0.0007509     0.0000320     0.0005404     0.0000000     0.0000000     0.0000000     0.0000000     0.0000000 
          33.            0.        3.0000       1.22621        2.8637        3.0073        2.7742        2.7245         0.135       28.2628     0.1136857     0.0012976     0.0007335     0.0000319     0.0005323     0.0000000     0.0000000     0.0000000     0.0000000     0.0000000 
          34.            0.        3.0000       1.22407        2.8647        3.0074        2.7755        2.7261         0.136       28.2586     0.1133747     0.0012730     0.0007167     0.0000318     0.0005244     0.0000000     0.0000000     0.0000000     0.0000000     0.0000000 
          34.            0.        3.0000       1.22197        2.8658        3.0075        2.7769        2.7276         0.138       28.2548     0.1130702     0.0012492     0.0007006     0.0000317     0.0005168     0.0000000     0.0000000     0.0000000     0.0000000     0.0000000 
          34.            0.        3.0000       1.21990        2.8668        3.0076        2.7782        2.7291         0.139       28.2514     0.1127720     0.0012262     0.0006850     0.0000317     0.0005095     0.0000000     0.0000000     0.0000000     0.0000000     0.0000000 
          35.            0.        3.0000       1.21788        2.8678        3.0077        2.7795        2.7306         0.140       28.2482     0.1124800     0.0012040     0.0006700     0.0000316     0.0005024     0.0000000     0.0000000     0.0000000     0.0000000     0.0000000 
          36.            0.        3.0000       1.21589        2.8688        3.0078        2.7807        2.7320         0.141       28.2452     0.1121937     0.0011826     0.0006555     0.0000315     0.0004955     0.0000000     0.0000000     0.0000000     0.0000000     0.0000000 
          36.            0.        3.0000       1.21393        2.8697        3.0080        2.7820        2.7334         0.142       28.2424     0.1119131     0.0011618     0.0006415     0.0000315     0.0004888     0.0000000     0.0000000     0.0000000     0.0000000     0.0000000 
          36.            0.        3.0000       1.21201        2.8707        3.0081        2.7832        2.7348         0.143       28.2397     0.1116378     0.0011417     0.0006280     0.0000314     0.0004824     0.0000000     0.0000000     0.0000000     0.0000000     0.0000000 
          37.            0.        3.0000       1.21012        2.8716        3.0082        2.7844        2.7361         0.144       28.2371     0.1113678     0.0011223     0.0006149     0.0000313     0.0004761     0.0000000     0.0000000     0.0000000     0.0000000     0.0000000 
          38.            0.        3.0000       1.20826        2.8725        3.0083        2.7855        2.7375         0.145       28.2346     0.1111028     0.0011034     0.0006022     0.0000312     0.0004700     0.0000000     0.0000000     0.0000000     0.0000000     0.0000000 
          38.            0.        3.0000       1.20643        2.8734        3.0084        2.7867        2.7388         0.146       28.2322     0.1108428     0.0010852     0.0005900     0.0000312     0.0004640     0.0000000     0.0000000     0.0000000     0.0000000     0.0000000 
          38.            0.        3.0000       1.20463        2.8743        3.0085        2.7878        2.7401         0.147       28.2299     0.1105873     0.0010675     0.0005781     0.0000311     0.0004582     0.0000000     0.0000000     0.0000000     0.0000000     0.0000000 
          39.            0.        3.0000       1.20285        2.8752        3.0086        2.7889        2.7413         0.147       28.2277     0.1103366     0.0010503     0.0005666     0.0000310     0.0004526     0.0000000     0.0000000     0.0000000     0.0000000     0.0000000 
          40.            0.        3.0000       1.20111        2.8761        3.0087        2.7900        2.7426         0.148       28.2256     0.1100902     0.0010337     0.0005555     0.0000310     0.0004472     0.0000000     0.0000000     0.0000000     0.0000000     0.0000000 
          40.            0.        3.0000       1.19939        2.8769        3.0088        2.7911        2.7438         0.148       28.2236     0.1098482     0.0010175     0.0005447     0.0000309     0.0004419     0.0000000     0.0000000     0.0000000     0.0000000     0.0000000 
          40.            0.        3.0000       1.19769        2.8777        3.0089        2.7921        2.7450         0.148       28.2217     0.1096102     0.0010018     0.0005342     0.0000309     0.0004367     0.0000000     0.0000000     0.0000000     0.0000000     0.0000000 
          41.            0.        3.0000       1.19603        2.8785        3.0090        2.7932        2.7462         0.148       28.2198     0.1093764     0.0009865     0.0005241     0.0000308     0.0004316     0.0000000     0.0000000     0.0000000     0.0000000     0.0000000 
          42.            0.        3.0000       1.19438        2.8793        3.0091        2.7942        2.7473         0.148       28.2181     0.1091464     0.0009717     0.0005142     0.0000307     0.0004267     0.0000000     0.0000000     0.0000000     0.0000000     0.0000000 
          42.            0.        3.0000       1.19276        2.8801        3.0092        2.7952        2.7485         0.148       28.2164     0.1089203     0.0009573     0.0005046     0.0000307     0.0004219     0.0000000     0.0000000     0.0000000     0.0000000     0.0000000 
          42.            0.        3.0000       1.19117        2.8809        3.0093        2.7962        2.7496         0.148       28.2149     0.1086979     0.0009432     0.0004953     0.0000306     0.0004173     0.0000000     0.0000000     0.0000000     0.0000000     0.0000000 
          43.            0.        3.0000       1.18959        2.8817        3.0094        2.7972        2.7507         0.148       28.2134     0.1084791     0.0009296     0.0004863     0.0000306     0.0004127     0.0000000     0.0000000     0.0000000     0.0000000     0.0000000 
          44.            0.        3.0000       1.18804        2.8824        3.0095        2.7981        2.7518         0.148       28.2122     0.1082638     0.0009163     0.0004775     0.0000305     0.0004083     0.0000000     0.0000000     0.0000000     0.0000000     0.0000000 
          44.            0.        3.0000       1.18651        2.8832        3.0096        2.7991        2.7528         0.147       28.2110     0.1080519     0.0009034     0.0004690     0.0000304     0.0004040     0.0000000     0.0000000     0.0000000     0.0000000     0.0000000 
          44.            0.        3.0000       1.18501        2.8839        3.0097        2.8000        2.7539         0.147       28.2100     0.1078433     0.0008908     0.0004607     0.0000304     0.0003998     0.0000000     0.0000000     0.0000000     0.0000000     0.0000000 
          45.            0.        3.0000       1.18352        2.8846        3.0098        2.8009        2.7549         0.147       28.2091     0.1076379     0.0008786     0.0004526     0.0000303     0.0003956     0.0000000     0.0000000     0.0000000     0.0000000     0.0000000 
          46.            0.        3.0000       1.18205        2.8854        3.0099        2.8018        2.7560         0.146       28.2084     0.1074357     0.0008666     0.0004448     0.0000303     0.0003916     0.0000000     0.0000000     0.0000000     0.0000000     0.0000000 
          46.            0.        3.0000       1.18060        2.8861        3.0100        2.8027        2.7570         0.146       28.2078     0.1072365     0.0008550     0.0004371     0.0000302     0.0003877     0.0000000     0.0000000     0.0000000     0.0000000     0.0000000 
          46.            0.        3.0000       1.17917        2.8868        3.0100        2.8036        2.7580         0.145       28.2074     0.1070404     0.0008437     0.0004297     0.0000302     0.0003838     0.0000000     0.0000000     0.0000000     0.0000000     0.0000000 
          47.            0.        3.0000       1.17777        2.8874        3.0101        2.8045        2.7589         0.145       28.2071     0.1068472     0.0008326     0.0004224     0.0000301     0.0003801     0.0000000     0.0000000     0.0000000     0.0000000     0.0000000 
          48.            0.        3.0000       1.17637        2.8881        3.0102        2.8053        2.7599         0.144       28.2070     0.1066568     0.0008219     0.0004154     0.0000301     0.0003764     0.0000000     0.0000000     0.0000000     0.0000000     0.0000000 
          48.            0.        3.0000       1.17500        2.8888        3.0103        2.8062        2.7609         0.144       28.2071     0.1064691     0.0008114     0.0004085     0.0000300     0.0003728     0.0000000     0.0000000     0.0000000     0.0000000     0.0000000 
          48.            0.        3.0000       1.17365        2.8894        3.0104        2.8070        2.7618         0.143       28.2073     0.1062842     0.0008011     0.0004018     0.0000300     0.0003693     0.0000000     0.0000000     0.0000000     0.0000000     0.0000000 
          49.            0.        3.0000       1.17231        2.8901        3.0105        2.8078        2.7627         0.143       28.2078     0.1061019     0.0007911     0.0003953     0.0000299     0.0003659     0.0000000     0.0000000     0.0000000     0.0000000     0.0000000 
          50.            0.        3.0000       1.17099        2.8907        3.0106        2.8086        2.7636         0.142       28.2083     0.1059222     0.0007813     0.0003890     0.0000299     0.0003625     0.0000000     0.0000000     0.0000000     0.0000000     0.0000000 
          50.            0.        3.0000       1.16968        2.8914        3.0106        2.8094        2.7645         0.142       28.2091     0.1057450     0.0007718     0.0003828     0.0000298     0.0003592     0.0000000     0.0000000     0.0000000     0.0000000     0.0000000 
          50.            0.        3.0000       1.16840        2.8920        3.0107        2.8102        2.7654         0.141       28.2100     0.1055702     0.0007625     0.0003767     0.0000298     0.0003560     0.0000000     0.0000000     0.0000000     0.0000000     0.0000000 
          51.            0.        3.0000       1.16712        2.8926        3.0108        2.8110        2.7663         0.141       28.2111     0.1053978     0.0007534     0.0003708     0.0000297     0.0003528     0.0000000     0.0000000     0.0000000     0.0000000     0.0000000 
          52.            0.        3.0000       1.16587        2.8932        3.0109        2.8118        2.7672         0.141       28.2124     0.1052278     0.0007445     0.0003651     0.0000297     0.0003497     0.0000000     0.0000000     0.0000000     0.0000000     0.0000000 
          52.            0.        3.0000       1.16463        2.8938        3.0110        2.8125        2.7680         0.140       28.2138     0.1050600     0.0007358     0.0003595     0.0000296     0.0003467     0.0000000     0.0000000     0.0000000     0.0000000     0.0000000 
          52.            0.        3.0000       1.16340        2.8944        3.0110        2.8133        2.7689         0.140       28.2154     0.1048944     0.0007273     0.0003540     0.0000296     0.0003437     0.0000000     0.0000000     0.0000000     0.0000000     0.0000000 
          53.            0.        3.0000       1.16219        2.8950        3.0111        2.8140        2.7697         0.140       28.2172     0.1047310     0.0007190     0.0003486     0.0000295     0.0003408     0.0000000     0.0000000     0.0000000     0.0000000     0.0000000 
          54.            0.        3.0000       1.16099        2.8956        3.0112        2.8147        2.7705         0.140       28.2192     0.1045698     0.0007109     0.0003434     0.0000295     0.0003380     0.0000000     0.0000000     0.0000000     0.0000000     0.0000000 
          54.            0.        3.0000       1.15980        2.8962        3.0113        2.8154        2.7713         0.140       28.2213     0.1044106     0.0007030     0.0003383     0.0000295     0.0003352     0.0000000     0.0000000     0.0000000     0.0000000     0.0000000 
          54.            0.        3.0000       1.15863        2.8967        3.0114        2.8162        2.7721         0.140       28.2235     0.1042534     0.0006952     0.0003333     0.0000294     0.0003324     0.0000000     0.0000000     0.0000000     0.0000000     0.0000000 
          55.            0.        3.0000       1.15748        2.8973        3.0114        2.8169        2.7729         0.140       28.2259     0.1040983     0.0006876     0.0003285     0.0000294     0.0003297     0.0000000     0.0000000     0.0000000     0.0000000     0.0000000 
          56.            0.        3.0000       1.15633        2.8979        3.0115        2.8176        2.7737         0.140       28.2285     0.1039450     0.0006802     0.0003237     0.0000293     0.0003271     0.0000000     0.0000000     0.0000000     0.0000000     0.0000000 
          56.            0.        3.0000       1.15520        2.8984        3.0116        2.8182        2.7745         0.140       28.2312     0.1037937     0.0006729     0.0003191     0.0000293     0.0003245     0.0000000     0.0000000     0.0000000     0.0000000     0.0000000 
          56.            0.        3.0000       1.15408        2.8990        3.0116        2.8189        2.7752         0.140       28.2340     0.1036442     0.0006657     0.0003145     0.0000292     0.0003220     0.0000000     0.0000000     0.0000000     0.0000000     0.0000000 
          57.            0.        3.0000       1.15297        2.8995        3.0117        2.8196        2.7760         0.140       28.2370     0.1034965     0.0006588     0.0003101     0.0000292     0.0003195     0.0000000     0.0000000     0.0000000     0.0000000     0.0000000 
          58.            0.        3.0000       1.15188        2.9000        3.0118        2.8203        2.7767         0.140       28.2401     0.1033506     0.0006519     0.0003057     0.0000292     0.0003170     0.0000000     0.0000000     0.0000000     0.0000000     0.0000000 
          58.            0.        3.0000       1.15080        2.9005        3.0119        2.8209        2.7775         0.141       28.2432     0.1032064     0.0006452     0.0003015     0.0000291     0.0003146     0.0000000     0.0000000     0.0000000     0.0000000     0.0000000 
          58.            0.        3.0000       1.14973        2.9011        3.0119        2.8216        2.7782         0.141       28.2466     0.1030639     0.0006387     0.0002973     0.0000291     0.0003123     0.0000000     0.0000000     0.0000000     0.0000000     0.0000000 
          59.            0.        3.0000       1.14867        2.9016        3.0120        2.8222        2.7789         0.142       28.2501     0.1029231     0.0006322     0.0002932     0.0000290     0.0003099     0.0000000     0.0000000     0.0000000     0.0000000     0.0000000 
          60.            0.        3.0000       1.14762        2.9021        3.0121        2.8228        2.7796         0.142       28.2537     0.1027839     0.0006259     0.0002893     0.0000290     0.0003077     0.0000000     0.0000000     0.0000000     0.0000000     0.0000000 
          60.            0.        3.0000       1.14658        2.9026        3.0121        2.8235        2.7803         0.143       28.2573     0.1026463     0.0006197     0.0002854     0.0000290     0.0003054     0.0000000     0.0000000     0.0000000     0.0000000     0.0000000 
          60.            0.        3.0000       1.14555        2.9031        3.0122        2.8241        2.7810         0.144       28.2611     0.1025102     0.0006137     0.0002815     0.0000289     0.0003032     0.0000000     0.0000000     0.0000000     0.0000000     0.0000000 
          61.            0.        3.0000       1.14453        2.9036        3.0123        2.8247        2.7817         0.144       28.2650     0.1023757     0.0006077     0.0002778     0.0000289     0.0003010     0.0000000     0.0000000     0.0000000     0.0000000     0.0000000 
          62.            0.        3.0000       1.14352        2.9041        3.0124        2.8253        2.7824         0.145       28.2689     0.1022426     0.0006019     0.0002741     0.0000289     0.0002989     0.0000000     0.0000000     0.0000000     0.0000000     0.0000000 
          62.            0.        3.0000       1.14253        2.9046        3.0124        2.8259        2.7831         0.146       28.2730     0.1021110     0.0005962     0.0002705     0.0000288     0.0002968     0.0000000     0.0000000     0.0000000     0.0000000     0.0000000 
          62.            0.        3.0000       1.14154        2.9050        3.0125        2.8265        2.7838         0.147       28.2772     0.1019809     0.0005905     0.0002670     0.0000288     0.0002947     0.0000000     0.0000000     0.0000000     0.0000000     0.0000000 
          63.            0.        3.0000       1.14056        2.9055        3.0126        2.8271        2.7844         0.148       28.2814     0.1018521     0.0005850     0.0002636     0.0000288     0.0002927     0.0000000     0.0000000     0.0000000     0.0000000     0.0000000 
          64.            0.        3.0000       1.13959        2.9060        3.0126        2.8277        2.7851         0.149       28.2857     0.1017248     0.0005796     0.0002602     0.0000287     0.0002907     0.0000000     0.0000000     0.0000000     0.0000000     0.0000000 
          64.            0.        3.0000       1.13863        2.9064        3.0127        2.8283        2.7857         0.150       28.2901     0.1015988     0.0005743     0.0002569     0.0000287     0.0002888     0.0000000     0.0000000     0.0000000     0.0000000     0.0000000 
          64.            0.        3.0000       1.13768        2.9069        3.0127        2.8288        2.7864         0.151       28.2946     0.1014740     0.0005691     0.0002536     0.0000286     0.0002868     0.0000000     0.0000000     0.0000000     0.0000000     0.0000000 
          65.            0.        3.0000       1.13674        2.9074        3.0128        2.8294        2.7870         0.152       28.2991     0.1013507     0.0005640     0.0002504     0.0000286     0.0002849     0.0000000     0.0000000     0.0000000     0.0000000     0.0000000 
          66.            0.        3.0000       1.13581        2.9078        3.0129        2.8300        2.7876         0.153       28.3038     0.1012285     0.0005589     0.0002473     0.0000286     0.0002830     0.0000000     0.0000000     0.0000000     0.0000000     0.0000000 
          66.            0.        3.0000       1.13488        2.9083        3.0129        2.8305        2.7883         0.154       28.3084     0.1011077     0.0005540     0.0002443     0.0000285     0.0002812     0.0000000     0.0000000     0.0000000     0.0000000     0.0000000 
          66.            0.        3.0000       1.13397        2.9087        3.0130        2.8311        2.7889         0.155       28.3132     0.1009880     0.0005491     0.0002412     0.0000285     0.0002794     0.0000000     0.0000000     0.0000000     0.0000000     0.0000000 
          67.            0.        3.0000       1.13306        2.9091        3.0131        2.8316        2.7895         0.156       28.3181     0.1008696     0.0005444     0.0002383     0.0000285     0.0002776     0.0000000     0.0000000     0.0000000     0.0000000     0.0000000 
          68.            0.        3.0000       1.13216        2.9096        3.0131        2.8322        2.7901         0.157       28.3231     0.1007524     0.0005397     0.0002354     0.0000284     0.0002758     0.0000000     0.0000000     0.0000000     0.0000000     0.0000000 
          68.            0.        3.0000       1.13127        2.9100        3.0132        2.8327        2.7907         0.158       28.3284     0.1006365     0.0005351     0.0002326     0.0000284     0.0002741     0.0000000     0.0000000     0.0000000     0.0000000     0.0000000 
          68.            0.        3.0000       1.13040        2.9105        3.0133        2.8332        2.7913         0.160       28.3346     0.1005220     0.0005306     0.0002298     0.0000284     0.0002724     0.0000000     0.0000000     0.0000000     0.0000000     0.0000000 
          69.            0.        3.0000       1.12955        2.9109        3.0133        2.8338        2.7919         0.161       28.3431     0.1004095     0.0005263     0.0002272     0.0000283     0.0002707     0.0000000     0.0000000     0.0000000     0.0000000     0.0000000 
          70.            0.        3.0000       1.12877        2.9114        3.0134        2.8344        2.7925         0.161       28.3577     0.1003007     0.0005222     0.0002247     0.0000283     0.0002692     0.0000000     0.0000000     0.0000000     0.0000000     0.0000000 
          70.            0.        3.0000       1.13258        2.9132        3.0140        2.8364        2.7947         0.164       29.1920     0.1005070     0.0005379     0.0002363     0.0000286     0.0002731     0.0000000     0.0000000     0.0000000     0.0000000     0.0000000 
          70.            0.        4.0000       1.16491        2.9123        3.0117        2.8377        2.7973         0.151       30.7612     0.0989302     0.0002865     0.0000025     0.0000135     0.0002704     0.0000000     0.0000000     0.0000000     0.0000000     0.0000000 
          71.            0.        5.0000       1.19113        2.9169        3.0129        2.8440        2.8043         0.131       31.5695     0.0987639     0.0002862     0.0000000     0.0000066     0.0002796     0.0000000     0.0000000     0.0000000     0.0000000     0.0000000 
          72.            0.        6.0000       1.20793        2.9223        3.0151        2.8501        2.8108         0.117       31.8629     0.0988100     0.0002902     0.0000000     0.0000033     0.0002870     0.0000000     0.0000000     0.0000000     0.0000000     0.0000000 
          72.            0.        7.0000       1.21770        2.9269        3.0172        2.8550        2.8158         0.110       31.9452     0.0988225     0.0002925     0.0000000     0.0000016     0.0002909     0.0000000     0.0000000     0.0000000     0.0000000     0.0000000 
          72.            0.        8.0000       1.22306        2.9304        3.0186        2.8585        2.8194         0.106       31.9527     0.0987826     0.0002931     0.0000000     0.0000008     0.0002923     0.0000000     0.0000000     0.0000000     0.0000000     0.0000000 
          73.            0.        9.0000       1.22581        2.9330        3.0196        2.8610        2.8219         0.105       31.9364     0.0987057     0.0002926     0.0000000     0.0000004     0.0002922     0.0000000     0.0000000     0.0000000     0.0000000     0.0000000 
          74.            0.       10.0000       1.22708        2.9348        3.0201        2.8628        2.8237         0.104       31.9148     0.0986150     0.0002916     0.0000000     0.0000002     0.0002914     0.0000000     0.0000000     0.0000000     0.0000000     0.0000000 
          74.            0.       11.0000       1.22753        2.9362        3.0205        2.8642        2.8250         0.104       31.8940     0.0985162     0.0002903     0.0000000     0.0000001     0.0002901     0.0000000     0.0000000     0.0000000     0.0000000     0.0000000 
          74.            0.       12.0000       1.22751        2.9372        3.0207        2.8652        2.8260         0.105       31.8760     0.0984204     0.0002889     0.0000000     0.0000001     0.0002888     0.0000000     0.0000000     0.0000000     0.0000000     0.0000000 
          75.            0.       13.0000       1.22722        2.9380        3.0208        2.8659        2.8268         0.105       31.8599     0.0983208     0.0002874     0.0000000     0.0000000     0.0002874     0.0000000     0.0000000     0.0000000     0.0000000     0.0000000 
          76.            0.       14.0000       1.22681        2.9386        3.0209        2.8666        2.8275         0.106       31.8463     0.0982300     0.0002861     0.0000000     0.0000000     0.0002860     0.0000000     0.0000000     0.0000000     0.0000000     0.0000000 
          76.            0.       15.0000       1.22629        2.9392        3.0209        2.8672        2.8281         0.107       31.8336     0.0981352     0.0002846     0.0000000     0.0000000     0.0002846     0.0000000     0.0000000     0.0000000     0.0000000     0.0000000 
          76.            0.       16.0000       1.22574        2.9396        3.0210        2.8677        2.8287         0.108       31.8215     0.0980491     0.0002833     0.0000000     0.0000000     0.0002833     0.0000000     0.0000000     0.0000000     0.0000000     0.0000000 
          77.            0.       17.0000       1.22518        2.9400        3.0210        2.8682        2.8292         0.109       31.8121     0.0979648     0.0002820     0.0000000     0.0000000     0.0002820     0.0000000     0.0000000     0.0000000     0.0000000     0.0000000 
          78.            0.       18.0000       1.22459        2.9404        3.0211        2.8687        2.8298         0.110       31.8026     0.0978796     0.0002807     0.0000000     0.0000000     0.0002807     0.0000000     0.0000000     0.0000000     0.0000000     0.0000000 
          78.            0.       19.0000       1.22401        2.9408        3.0211        2.8691        2.8303         0.111       31.7934     0.0977973     0.0002794     0.0000000     0.0000000     0.0002794     0.0000000     0.0000000     0.0000000     0.0000000     0.0000000 
          78.            0.       20.0000       1.22342        2.9412        3.0212        2.8696        2.8308         0.112       31.7853     0.0977159     0.0002782     0.0000000     0.0000000     0.0002782     0.0000000     0.0000000     0.0000000     0.0000000     0.0000000 
          79.            0.       21.0000       1.22284        2.9415        3.0213        2.8700        2.8312         0.113       31.7774     0.0976351     0.0002770     0.0000000     0.0000000     0.0002770     0.0000000     0.0000000     0.0000000     0.0000000     0.0000000 
          80.            0.       21.0000       1.22225        2.9419        3.0213        2.8704        2.8317         0.114       31.7698     0.0975552     0.0002758     0.0000000     0.0000000     0.0002758     0.0000000     0.0000000     0.0000000     0.0000000     0.0000000 
          80.            0.       21.0000       1.22167        2.9422        3.0214        2.8708        2.8322         0.115       31.7626     0.0974757     0.0002746     0.0000000     0.0000000     0.0002746     0.0000000     0.0000000     0.0000000     0.0000000     0.0000000 
          80.            0.       21.0000       1.22109        2.9425        3.0214        2.8713        2.8327         0.116       31.7554     0.0973968     0.0002734     0.0000000     0.0000000     0.0002734     0.0000000     0.0000000     0.0000000     0.0000000     0.0000000 
          81.            0.       21.0000       1.22051        2.9429        3.0215        2.8717        2.8332         0.117       31.7482     0.0973183     0.0002722     0.0000000     0.0000000     0.0002722     0.0000000     0.0000000     0.0000000     0.0000000     0.0000000 
          82.            0.       21.0000       1.21993        2.9432        3.0215        2.8721        2.8336         0.118       31.7411     0.0972403     0.0002711     0.0000000     0.0000000     0.0002711     0.0000000     0.0000000     0.0000000     0.0000000     0.0000000 
          82.            0.       21.0000       1.21936        2.9435        3.0216        2.8725        2.8341         0.119       31.7340     0.0971628     0.0002699     0.0000000     0.0000000     0.0002699     0.0000000     0.0000000     0.0000000     0.0000000     0.0000000 
          82.            0.       21.0000       1.21879        2.9439        3.0216        2.8729        2.8345         0.120       31.7269     0.0970857     0.0002688     0.0000000     0.0000000     0.0002688     0.0000000     0.0000000     0.0000000     0.0000000     0.0000000 
          83.            0.       21.0000       1.21822        2.9442        3.0217        2.8733        2.8350         0.121       31.7199     0.0970092     0.0002677     0.0000000     0.0000000     0.0002677     0.0000000     0.0000000     0.0000000     0.0000000     0.0000000 
          84.            0.       21.0000       1.21766        2.9445        3.0217        2.8737        2.8355         0.123       31.7130     0.0969329     0.0002665     0.0000000     0.0000000     0.0002665     0.0000000     0.0000000     0.0000000     0.0000000     0.0000000 
          84.            0.       21.0000       1.21710        2.9448        3.0218        2.8741        2.8359         0.124       31.7061     0.0968572     0.0002654     0.0000000     0.0000000     0.0002654     0.0000000     0.0000000     0.0000000     0.0000000     0.0000000 
          84.            0.       21.0000       1.21654        2.9452        3.0218        2.8745        2.8364         0.125       31.6992     0.0967819     0.0002643     0.0000000     0.0000000     0.0002643     0.0000000     0.0000000     0.0000000     0.0000000     0.0000000 
          85.            0.       21.0000       1.21598        2.9455        3.0219        2.8749        2.8368         0.126       31.6924     0.0967070     0.0002632     0.0000000     0.0000000     0.0002632     0.0000000     0.0000000     0.0000000     0.0000000     0.0000000 
          86.            0.       21.0000       1.21543        2.9458        3.0219        2.8753        2.8373         0.127       31.6857     0.0966327     0.0002622     0.0000000     0.0000000     0.0002622     0.0000000     0.0000000     0.0000000     0.0000000     0.0000000 
          86.            0.       21.0000       1.21487        2.9461        3.0220        2.8757        2.8377         0.129       31.6790     0.0965587     0.0002611     0.0000000     0.0000000     0.0002611     0.0000000     0.0000000     0.0000000     0.0000000     0.0000000 
          86.            0.       21.0000       1.21432        2.9464        3.0220        2.8761        2.8381         0.130       31.6723     0.0964851     0.0002600     0.0000000     0.0000000     0.0002600     0.0000000     0.0000000     0.0000000     0.0000000     0.0000000 
          87.            0.       21.0000       1.21378        2.9468        3.0221        2.8765        2.8386         0.131       31.6657     0.0964119     0.0002590     0.0000000     0.0000000     0.0002590     0.0000000     0.0000000     0.0000000     0.0000000     0.0000000 
          88.            0.       21.0000       1.21323        2.9471        3.0221        2.8769        2.8390         0.132       31.6592     0.0963392     0.0002579     0.0000000     0.0000000     0.0002579     0.0000000     0.0000000     0.0000000     0.0000000     0.0000000 
          88.            0.       21.0000       1.21269        2.9474        3.0222        2.8773        2.8394         0.134       31.6527     0.0962669     0.0002569     0.0000000     0.0000000     0.0002569     0.0000000     0.0000000     0.0000000     0.0000000     0.0000000 
          88.            0.       21.0000       1.21215        2.9477        3.0222        2.8776        2.8399         0.135       31.6462     0.0961950     0.0002559     0.0000000     0.0000000     0.0002559     0.0000000     0.0000000     0.0000000     0.0000000     0.0000000 
          89.            0.       21.0000       1.21161        2.9480        3.0223        2.8780        2.8403         0.136       31.6398     0.0961235     0.0002549     0.0000000     0.0000000     0.0002549     0.0000000     0.0000000     0.0000000     0.0000000     0.0000000 
          90.            0.       21.0000       1.21108        2.9483        3.0223        2.8784        2.8407         0.138       31.6334     0.0960524     0.0002539     0.0000000     0.0000000     0.0002539     0.0000000     0.0000000     0.0000000     0.0000000     0.0000000 
          90.            0.       21.0000       1.21054        2.9486        3.0224        2.8788        2.8411         0.139       31.6271     0.0959817     0.0002529     0.0000000     0.0000000     0.0002529     0.0000000     0.0000000     0.0000000     0.0000000     0.0000000 
          90.            0.       21.0000       1.21001        2.9489        3.0224        2.8791        2.8416         0.140       31.6209     0.0959113     0.0002519     0.0000000     0.0000000     0.0002519     0.0000000     0.0000000     0.0000000     0.0000000     0.0000000 
          91.            0.       21.0000       1.20949        2.9492        3.0225        2.8795        2.8420         0.142       31.6147     0.0958413     0.0002509     0.0000000     0.0000000     0.0002509     0.0000000     0.0000000     0.0000000     0.0000000     0.0000000 
          92.            0.       21.0000       1.20896        2.9495        3.0225        2.8799        2.8424         0.143       31.6086     0.0957718     0.0002499     0.0000000     0.0000000     0.0002499     0.0000000     0.0000000     0.0000000     0.0000000     0.0000000 
          92.            0.       21.0000       1.20844        2.9498        3.0226        2.8803        2.8428         0.145       31.6025     0.0957026     0.0002490     0.0000000     0.0000000     0.0002490     0.0000000     0.0000000     0.0000000     0.0000000     0.0000000 
          92.            0.       21.0000       1.20791        2.9501        3.0226        2.8806        2.8432         0.146       31.5964     0.0956338     0.0002480     0.0000000     0.0000000     0.0002480     0.0000000     0.0000000     0.0000000     0.0000000     0.0000000 
          93.            0.       21.0000       1.20740        2.9504        3.0227        2.8810        2.8436         0.148       31.5904     0.0955653     0.0002471     0.0000000     0.0000000     0.0002471     0.0000000     0.0000000     0.0000000     0.0000000     0.0000000 
          94.            0.       21.0000       1.20688        2.9507        3.0227        2.8813        2.8440         0.149       31.5845     0.0954973     0.0002461     0.0000000     0.0000000     0.0002461     0.0000000     0.0000000     0.0000000     0.0000000     0.0000000 
          94.            0.       21.0000       1.20636        2.9510        3.0228        2.8817        2.8444         0.151       31.5786     0.0954296     0.0002452     0.0000000     0.0000000     0.0002452     0.0000000     0.0000000     0.0000000     0.0000000     0.0000000 
          94.            0.       21.0000       1.20585        2.9513        3.0228        2.8821        2.8448         0.152       31.5728     0.0953623     0.0002443     0.0000000     0.0000000     0.0002443     0.0000000     0.0000000     0.0000000     0.0000000     0.0000000 
          95.            0.       21.0000       1.20534        2.9516        3.0229        2.8824        2.8452         0.154       31.5670     0.0952953     0.0002434     0.0000000     0.0000000     0.0002434     0.0000000     0.0000000     0.0000000     0.0000000     0.0000000 
          96.            0.       21.0000       1.20483        2.9518        3.0229        2.8828        2.8456         0.156       31.5613     0.0952287     0.0002425     0.0000000     0.0000000     0.0002425     0.0000000     0.0000000     0.0000000     0.0000000     0.0000000 
          96.            0.       21.0000       1.20433        2.9521        3.0230        2.8831        2.8460         0.157       31.5556     0.0951624     0.0002416     0.0000000     0.0000000     0.0002416     0.0000000     0.0000000     0.0000000     0.0000000     0.0000000 
          96.            0.       21.0000       1.20382        2.9524        3.0230        2.8835        2.8464         0.159       31.5500     0.0950964     0.0002407     0.0000000     0.0000000     0.0002407     0.0000000     0.0000000     0.0000000     0.0000000     0.0000000 
          97.            0.       21.0000       1.20332        2.9527        3.0231        2.8838        2.8468         0.160       31.5444     0.0950309     0.0002398     0.0000000     0.0000000     0.0002398     0.0000000     0.0000000     0.0000000     0.0000000     0.0000000 
          98.            0.       21.0000       1.20282        2.9530        3.0231        2.8842        2.8472         0.162       31.5389     0.0949656     0.0002389     0.0000000     0.0000000     0.0002389     0.0000000     0.0000000     0.0000000     0.0000000     0.0000000 
          98.            0.       21.0000       1.20233        2.9533        3.0231        2.8845        2.8476         0.164       31.5334     0.0949007     0.0002380     0.0000000     0.0000000     0.0002380     0.0000000     0.0000000     0.0000000     0.0000000     0.0000000 
          98.            0.       21.0000       1.20183        2.9535        3.0232        2.8848        2.8479         0.165       31.5280     0.0948362     0.0002372     0.0000000     0.0000000     0.0002372     0.0000000     0.0000000     0.0000000     0.0000000     0.0000000 
          99.            0.       21.0000       1.20134        2.9538        3.0232        2.8852        2.8483         0.167       31.5226     0.0947719     0.0002363     0.0000000     0.0000000     0.0002363     0.0000000     0.0000000     0.0000000     0.0000000     0.0000000 
         100.            0.       21.0000       1.20085        2.9541        3.0233        2.8855        2.8487         0.169       31.5173     0.0947080     0.0002355     0.0000000     0.0000000     0.0002355     0.0000000     0.0000000     0.0000000     0.0000000     0.0000000 
         100.            0.       21.0000       1.20036        2.9544        3.0233        2.8859        2.8491         0.171       31.5121     0.0946446     0.0002346     0.0000000     0.0000000     0.0002346     0.0000000     0.0000000     0.0000000     0.0000000     0.0000000 
