%
%
% Run:2017  Table:COMPGRID          SWAN version:41.10A
%
%       Xp            Yp            Depth         Hsig          Tm_10         TPsmoo        Tm01          Tm02          Dir           Dspr          Steepn        Dissip        Ssurf         Sfric         Swcap         Redist        Snl3          Snl4          Genera        Swind    
%       [m]           [m]           [m]           [m]           [sec]         [sec]         [sec]         [sec]         [degr]        [degr]        [ ]           [m2/s]        [m2/s]        [m2/s]        [m2/s]        [m2/s]        [m2/s]        [m2/s]        [m2/s]        [m2/s]   
%
           0.            0.       19.0000       0.50738        9.0105       10.0167        8.2215        7.3583         0.031       34.5059     0.0068151     0.0000000     0.0000000     0.0000000     0.0000000     0.0000000     0.0000000     0.0000000     0.0000000     0.0000000 
           0.            0.       19.0000       0.50738        9.0105       10.0167        8.2215        7.3583         0.031       34.5059     0.0068151     0.0000014     0.0000000     0.0000014     0.0000000     0.0000000     0.0000000     0.0000000     0.0000000     0.0000000 
           1.            0.       19.0000       0.50738        9.0105       10.0167        8.2215        7.3583         0.031       34.5059     0.0068151     0.0000014     0.0000000     0.0000014     0.0000000     0.0000000     0.0000000     0.0000000     0.0000000     0.0000000 
           2.            0.       19.0000       0.50738        9.0105       10.0167        8.2215        7.3583         0.031       34.5059     0.0068151     0.0000014     0.0000000     0.0000014     0.0000000     0.0000000     0.0000000     0.0000000     0.0000000     0.0000000 
           2.            0.       19.0000       0.50738        9.0105       10.0167        8.2215        7.3583         0.031       34.5058     0.0068151     0.0000014     0.0000000     0.0000014     0.0000000     0.0000000     0.0000000     0.0000000     0.0000000     0.0000000 
           2.            0.       19.0000       0.50738        9.0105       10.0167        8.2215        7.3583         0.030       34.5058     0.0068151     0.0000014     0.0000000     0.0000014     0.0000000     0.0000000     0.0000000     0.0000000     0.0000000     0.0000000 
           3.            0.       19.0000       0.50737        9.0105       10.0167        8.2215        7.3583         0.030       34.5058     0.0068150     0.0000014     0.0000000     0.0000014     0.0000000     0.0000000     0.0000000     0.0000000     0.0000000     0.0000000 
           4.            0.       19.0000       0.50737        9.0105       10.0167        8.2215        7.3583         0.030       34.5057     0.0068150     0.0000014     0.0000000     0.0000014     0.0000000     0.0000000     0.0000000     0.0000000     0.0000000     0.0000000 
           4.            0.       19.0000       0.50737        9.0105       10.0167        8.2215        7.3583         0.030       34.5057     0.0068150     0.0000014     0.0000000     0.0000014     0.0000000     0.0000000     0.0000000     0.0000000     0.0000000     0.0000000 
           4.            0.       19.0000       0.50737        9.0105       10.0167        8.2215        7.3583         0.030       34.5057     0.0068150     0.0000014     0.0000000     0.0000014     0.0000000     0.0000000     0.0000000     0.0000000     0.0000000     0.0000000 
           5.            0.       19.0000       0.50737        9.0104       10.0167        8.2215        7.3583         0.030       34.5057     0.0068150     0.0000014     0.0000000     0.0000014     0.0000000     0.0000000     0.0000000     0.0000000     0.0000000     0.0000000 
           6.            0.       19.0000       0.50737        9.0104       10.0167        8.2215        7.3583         0.030       34.5057     0.0068149     0.0000014     0.0000000     0.0000014     0.0000000     0.0000000     0.0000000     0.0000000     0.0000000     0.0000000 
           6.            0.       19.0000       0.50736        9.0104       10.0167        8.2215        7.3583         0.030       34.5056     0.0068149     0.0000014     0.0000000     0.0000014     0.0000000     0.0000000     0.0000000     0.0000000     0.0000000     0.0000000 
           6.            0.       19.0000       0.50736        9.0104       10.0167        8.2215        7.3583         0.030       34.5056     0.0068149     0.0000014     0.0000000     0.0000014     0.0000000     0.0000000     0.0000000     0.0000000     0.0000000     0.0000000 
           7.            0.       19.0000       0.50736        9.0104       10.0167        8.2215        7.3583         0.030       34.5056     0.0068149     0.0000014     0.0000000     0.0000014     0.0000000     0.0000000     0.0000000     0.0000000     0.0000000     0.0000000 
           8.            0.       19.0000       0.50736        9.0104       10.0167        8.2215        7.3582         0.030       34.5056     0.0068149     0.0000014     0.0000000     0.0000014     0.0000000     0.0000000     0.0000000     0.0000000     0.0000000     0.0000000 
           8.            0.       19.0000       0.50736        9.0104       10.0167        8.2215        7.3582         0.030       34.5056     0.0068149     0.0000014     0.0000000     0.0000014     0.0000000     0.0000000     0.0000000     0.0000000     0.0000000     0.0000000 
           8.            0.       19.0000       0.50736        9.0104       10.0167        8.2215        7.3582         0.030       34.5055     0.0068148     0.0000014     0.0000000     0.0000014     0.0000000     0.0000000     0.0000000     0.0000000     0.0000000     0.0000000 
           9.            0.       19.0000       0.50735        9.0104       10.0167        8.2215        7.3582         0.029       34.5055     0.0068148     0.0000014     0.0000000     0.0000014     0.0000000     0.0000000     0.0000000     0.0000000     0.0000000     0.0000000 
          10.            0.       19.0000       0.50735        9.0104       10.0167        8.2215        7.3582         0.029       34.5055     0.0068148     0.0000014     0.0000000     0.0000014     0.0000000     0.0000000     0.0000000     0.0000000     0.0000000     0.0000000 
          10.            0.       19.0000       0.50735        9.0104       10.0167        8.2215        7.3582         0.029       34.5055     0.0068148     0.0000014     0.0000000     0.0000014     0.0000000     0.0000000     0.0000000     0.0000000     0.0000000     0.0000000 
          10.            0.       19.0000       0.50735        9.0104       10.0167        8.2215        7.3582         0.029       34.5055     0.0068148     0.0000014     0.0000000     0.0000014     0.0000000     0.0000000     0.0000000     0.0000000     0.0000000     0.0000000 
          11.            0.       19.0000       0.50735        9.0104       10.0167        8.2215        7.3582         0.029       34.5054     0.0068148     0.0000014     0.0000000     0.0000014     0.0000000     0.0000000     0.0000000     0.0000000     0.0000000     0.0000000 
          12.            0.       19.0000       0.50735        9.0104       10.0167        8.2215        7.3582         0.029       34.5054     0.0068147     0.0000014     0.0000000     0.0000014     0.0000000     0.0000000     0.0000000     0.0000000     0.0000000     0.0000000 
          12.            0.       19.0000       0.50734        9.0104       10.0167        8.2215        7.3582         0.029       34.5054     0.0068147     0.0000014     0.0000000     0.0000014     0.0000000     0.0000000     0.0000000     0.0000000     0.0000000     0.0000000 
          12.            0.       19.0000       0.50734        9.0104       10.0167        8.2215        7.3582         0.029       34.5054     0.0068147     0.0000014     0.0000000     0.0000014     0.0000000     0.0000000     0.0000000     0.0000000     0.0000000     0.0000000 
          13.            0.       19.0000       0.50734        9.0104       10.0167        8.2215        7.3582         0.029       34.5053     0.0068147     0.0000014     0.0000000     0.0000014     0.0000000     0.0000000     0.0000000     0.0000000     0.0000000     0.0000000 
          14.            0.       19.0000       0.50734        9.0104       10.0167        8.2215        7.3582         0.029       34.5053     0.0068147     0.0000014     0.0000000     0.0000014     0.0000000     0.0000000     0.0000000     0.0000000     0.0000000     0.0000000 
          14.            0.       19.0000       0.50734        9.0104       10.0167        8.2214        7.3582         0.029       34.5053     0.0068147     0.0000014     0.0000000     0.0000014     0.0000000     0.0000000     0.0000000     0.0000000     0.0000000     0.0000000 
          14.            0.       19.0000       0.50734        9.0104       10.0167        8.2214        7.3582         0.029       34.5053     0.0068146     0.0000014     0.0000000     0.0000014     0.0000000     0.0000000     0.0000000     0.0000000     0.0000000     0.0000000 
          15.            0.       19.0000       0.50733        9.0104       10.0167        8.2214        7.3582         0.029       34.5053     0.0068146     0.0000014     0.0000000     0.0000014     0.0000000     0.0000000     0.0000000     0.0000000     0.0000000     0.0000000 
          16.            0.       19.0000       0.50733        9.0104       10.0167        8.2214        7.3582         0.029       34.5053     0.0068146     0.0000014     0.0000000     0.0000014     0.0000000     0.0000000     0.0000000     0.0000000     0.0000000     0.0000000 
          16.            0.       19.0000       0.50733        9.0104       10.0167        8.2214        7.3582         0.029       34.5053     0.0068146     0.0000014     0.0000000     0.0000014     0.0000000     0.0000000     0.0000000     0.0000000     0.0000000     0.0000000 
          16.            0.       19.0000       0.50733        9.0104       10.0167        8.2214        7.3582         0.029       34.5052     0.0068146     0.0000014     0.0000000     0.0000014     0.0000000     0.0000000     0.0000000     0.0000000     0.0000000     0.0000000 
          17.            0.       19.0000       0.50733        9.0104       10.0167        8.2214        7.3582         0.028       34.5052     0.0068146     0.0000014     0.0000000     0.0000014     0.0000000     0.0000000     0.0000000     0.0000000     0.0000000     0.0000000 
          18.            0.       19.0000       0.50733        9.0104       10.0167        8.2214        7.3582         0.028       34.5052     0.0068145     0.0000014     0.0000000     0.0000014     0.0000000     0.0000000     0.0000000     0.0000000     0.0000000     0.0000000 
          18.            0.       19.0000       0.50732        9.0104       10.0167        8.2214        7.3582         0.028       34.5052     0.0068145     0.0000014     0.0000000     0.0000014     0.0000000     0.0000000     0.0000000     0.0000000     0.0000000     0.0000000 
          18.            0.       19.0000       0.50732        9.0104       10.0167        8.2214        7.3582         0.028       34.5052     0.0068145     0.0000014     0.0000000     0.0000014     0.0000000     0.0000000     0.0000000     0.0000000     0.0000000     0.0000000 
          19.            0.       19.0000       0.50732        9.0104       10.0167        8.2214        7.3582         0.028       34.5052     0.0068145     0.0000014     0.0000000     0.0000014     0.0000000     0.0000000     0.0000000     0.0000000     0.0000000     0.0000000 
          20.            0.       19.0000       0.50732        9.0104       10.0167        8.2214        7.3582         0.028       34.5051     0.0068145     0.0000014     0.0000000     0.0000014     0.0000000     0.0000000     0.0000000     0.0000000     0.0000000     0.0000000 
          20.            0.       19.0000       0.50732        9.0104       10.0167        8.2214        7.3582         0.028       34.5051     0.0068145     0.0000014     0.0000000     0.0000014     0.0000000     0.0000000     0.0000000     0.0000000     0.0000000     0.0000000 
          20.            0.       19.0000       0.50732        9.0104       10.0167        8.2214        7.3581         0.028       34.5051     0.0068145     0.0000014     0.0000000     0.0000014     0.0000000     0.0000000     0.0000000     0.0000000     0.0000000     0.0000000 
          21.            0.       19.0000       0.50731        9.0104       10.0167        8.2214        7.3581         0.028       34.5051     0.0068144     0.0000014     0.0000000     0.0000014     0.0000000     0.0000000     0.0000000     0.0000000     0.0000000     0.0000000 
          22.            0.       19.0000       0.50731        9.0104       10.0167        8.2214        7.3581         0.028       34.5051     0.0068144     0.0000014     0.0000000     0.0000014     0.0000000     0.0000000     0.0000000     0.0000000     0.0000000     0.0000000 
          22.            0.       19.0000       0.50731        9.0104       10.0167        8.2214        7.3581         0.028       34.5051     0.0068144     0.0000014     0.0000000     0.0000014     0.0000000     0.0000000     0.0000000     0.0000000     0.0000000     0.0000000 
          22.            0.       19.0000       0.50731        9.0103       10.0167        8.2214        7.3581         0.028       34.5051     0.0068144     0.0000014     0.0000000     0.0000014     0.0000000     0.0000000     0.0000000     0.0000000     0.0000000     0.0000000 
          23.            0.       19.0000       0.50731        9.0103       10.0167        8.2214        7.3581         0.028       34.5051     0.0068144     0.0000014     0.0000000     0.0000014     0.0000000     0.0000000     0.0000000     0.0000000     0.0000000     0.0000000 
          24.            0.       19.0000       0.50731        9.0103       10.0167        8.2214        7.3581         0.028       34.5050     0.0068144     0.0000014     0.0000000     0.0000014     0.0000000     0.0000000     0.0000000     0.0000000     0.0000000     0.0000000 
          24.            0.       19.0000       0.50731        9.0103       10.0167        8.2214        7.3581         0.028       34.5050     0.0068144     0.0000014     0.0000000     0.0000014     0.0000000     0.0000000     0.0000000     0.0000000     0.0000000     0.0000000 
          24.            0.       19.0000       0.50730        9.0103       10.0167        8.2214        7.3581         0.028       34.5050     0.0068143     0.0000014     0.0000000     0.0000014     0.0000000     0.0000000     0.0000000     0.0000000     0.0000000     0.0000000 
          25.            0.       19.0000       0.50730        9.0103       10.0167        8.2214        7.3581         0.028       34.5050     0.0068143     0.0000014     0.0000000     0.0000014     0.0000000     0.0000000     0.0000000     0.0000000     0.0000000     0.0000000 
          26.            0.       19.0000       0.50730        9.0103       10.0167        8.2214        7.3581         0.028       34.5050     0.0068143     0.0000014     0.0000000     0.0000014     0.0000000     0.0000000     0.0000000     0.0000000     0.0000000     0.0000000 
          26.            0.       19.0000       0.50730        9.0103       10.0167        8.2214        7.3581         0.028       34.5050     0.0068143     0.0000014     0.0000000     0.0000014     0.0000000     0.0000000     0.0000000     0.0000000     0.0000000     0.0000000 
          26.            0.       19.0000       0.50730        9.0103       10.0167        8.2214        7.3581         0.027       34.5050     0.0068143     0.0000014     0.0000000     0.0000014     0.0000000     0.0000000     0.0000000     0.0000000     0.0000000     0.0000000 
          27.            0.       19.0000       0.50730        9.0103       10.0167        8.2213        7.3581         0.027       34.5049     0.0068143     0.0000014     0.0000000     0.0000014     0.0000000     0.0000000     0.0000000     0.0000000     0.0000000     0.0000000 
          28.            0.       19.0000       0.50729        9.0103       10.0167        8.2213        7.3581         0.027       34.5049     0.0068143     0.0000014     0.0000000     0.0000014     0.0000000     0.0000000     0.0000000     0.0000000     0.0000000     0.0000000 
          28.            0.       19.0000       0.50729        9.0103       10.0167        8.2213        7.3581         0.027       34.5049     0.0068142     0.0000014     0.0000000     0.0000014     0.0000000     0.0000000     0.0000000     0.0000000     0.0000000     0.0000000 
          28.            0.       19.0000       0.50729        9.0103       10.0167        8.2213        7.3581         0.027       34.5050     0.0068142     0.0000014     0.0000000     0.0000014     0.0000000     0.0000000     0.0000000     0.0000000     0.0000000     0.0000000 
          29.            0.       19.0000       0.50729        9.0103       10.0167        8.2213        7.3581         0.027       34.5051     0.0068142     0.0000014     0.0000000     0.0000014     0.0000000     0.0000000     0.0000000     0.0000000     0.0000000     0.0000000 
          30.            0.       19.0000       0.50729        9.0103       10.0167        8.2213        7.3581         0.027       34.5056     0.0068142     0.0000014     0.0000000     0.0000014     0.0000000     0.0000000     0.0000000     0.0000000     0.0000000     0.0000000 
          30.            0.       19.0000       0.50729        9.0103       10.0167        8.2213        7.3581         0.027       34.5072     0.0068142     0.0000014     0.0000000     0.0000014     0.0000000     0.0000000     0.0000000     0.0000000     0.0000000     0.0000000 
          30.            0.       19.0000       0.50730        9.0103       10.0167        8.2214        7.3581         0.027       34.5118     0.0068142     0.0000014     0.0000000     0.0000014     0.0000000     0.0000000     0.0000000     0.0000000     0.0000000     0.0000000 
          31.            0.       19.0000       0.50657        9.0082       10.0165        8.2183        7.3542         0.029       34.2857     0.0068106     0.0000014     0.0000000     0.0000014     0.0000000     0.0000000     0.0000000     0.0000000     0.0000000     0.0000000 
          32.            0.       18.0000       0.50570        9.0170       10.0189        8.2251        7.3572         0.032       33.8096     0.0068703     0.0000016     0.0000000     0.0000016     0.0000000     0.0000000     0.0000000     0.0000000     0.0000000     0.0000000 
          32.            0.       17.0000       0.50496        9.0272       10.0214        8.2336        7.3620         0.036       33.2820     0.0069380     0.0000018     0.0000000     0.0000018     0.0000000     0.0000000     0.0000000     0.0000000     0.0000000     0.0000000 
          32.            0.       16.0000       0.50457        9.0394       10.0241        8.2450        7.3698         0.040       32.7497     0.0070162     0.0000019     0.0000000     0.0000019     0.0000000     0.0000000     0.0000000     0.0000000     0.0000000     0.0000000 
          33.            0.       15.0000       0.50466        9.0538       10.0268        8.2596        7.3815         0.044       32.2318     0.0071074     0.0000022     0.0000000     0.0000022     0.0000000     0.0000000     0.0000000     0.0000000     0.0000000     0.0000000 
          34.            0.       14.0000       0.50528        9.0705       10.0297        8.2778        7.3976         0.048       31.7318     0.0072146     0.0000024     0.0000000     0.0000024     0.0000000     0.0000000     0.0000000     0.0000000     0.0000000     0.0000000 
          34.            0.       13.0000       0.50654        9.0896       10.0326        8.2999        7.4188         0.052       31.2495     0.0073413     0.0000028     0.0000000     0.0000028     0.0000000     0.0000000     0.0000000     0.0000000     0.0000000     0.0000000 
          34.            0.       12.0000       0.50853        9.1112       10.0356        8.3265        7.4461         0.057       30.7854     0.0074923     0.0000032     0.0000000     0.0000032     0.0000000     0.0000000     0.0000000     0.0000000     0.0000000     0.0000000 
          35.            0.       11.0000       0.51141        9.1355       10.0387        8.3581        7.4808         0.062       30.3420     0.0076739     0.0000036     0.0000000     0.0000036     0.0000000     0.0000000     0.0000000     0.0000000     0.0000000     0.0000000 
          36.            0.       10.0000       0.51538        9.1625       10.0417        8.3954        7.5245         0.068       29.9232     0.0078952     0.0000043     0.0000000     0.0000043     0.0000000     0.0000000     0.0000000     0.0000000     0.0000000     0.0000000 
          36.            0.        9.0000       0.52070        9.1924       10.0449        8.4393        7.5793         0.075       29.5340     0.0081694     0.0000050     0.0000000     0.0000050     0.0000000     0.0000000     0.0000000     0.0000000     0.0000000     0.0000000 
          36.            0.        8.0000       0.52776        9.2252       10.0480        8.4903        7.6473         0.083       29.1792     0.0085172     0.0000061     0.0000000     0.0000061     0.0000000     0.0000000     0.0000000     0.0000000     0.0000000     0.0000000 
          37.            0.        7.0000       0.53708        9.2606       10.0511        8.5487        7.7300         0.092       28.8609     0.0089722     0.0000075     0.0000000     0.0000075     0.0000000     0.0000000     0.0000000     0.0000000     0.0000000     0.0000000 
          38.            0.        6.0000       0.54947        9.2981       10.0541        8.6136        7.8272         0.104       28.5735     0.0095921     0.0000096     0.0000000     0.0000096     0.0000000     0.0000000     0.0000000     0.0000000     0.0000000     0.0000000 
          38.            0.        5.0000       0.56618        9.3365       10.0571        8.6829        7.9357         0.117       28.2944     0.0104779     0.0000128     0.0000000     0.0000128     0.0000000     0.0000000     0.0000000     0.0000000     0.0000000     0.0000000 
          38.            0.        4.0000       0.58934        9.3747       10.0600        8.7534        8.0502         0.132       27.9671     0.0118177     0.0000180     0.0000000     0.0000180     0.0000000     0.0000000     0.0000000     0.0000000     0.0000000     0.0000000 
          39.            0.        3.0000       0.62307        9.4116       10.0628        8.8224        8.1652         0.145       27.4777     0.0140131     0.0000279     0.0000000     0.0000279     0.0000000     0.0000000     0.0000000     0.0000000     0.0000000     0.0000000 
          40.            0.        2.0000       0.67745        9.4467       10.0656        8.8882        8.2770         0.152       26.6234     0.0181699     0.0000568     0.0000054     0.0000514     0.0000000     0.0000000     0.0000000     0.0000000     0.0000000     0.0000000 
          40.            0.        1.0000       0.78606        9.4794       10.0684        8.9486        8.3802         0.130       25.8346     0.0291145     0.0045240     0.0043803     0.0001434     0.0000002     0.0000000     0.0000000     0.0000000     0.0000000     0.0000000 
          40.            0.        1.0000       0.77803        9.4809       10.0686        8.9513        8.3847         0.114       25.6805     0.0288034     0.0042997     0.0041590     0.0001405     0.0000002     0.0000000     0.0000000     0.0000000     0.0000000     0.0000000 
          41.            0.        1.0000       0.77133        9.4820       10.0686        8.9533        8.3881         0.112       25.9690     0.0285449     0.0041177     0.0039794     0.0001381     0.0000002     0.0000000     0.0000000     0.0000000     0.0000000     0.0000000 
          42.            0.        1.0000       0.76491        9.4829       10.0687        8.9550        8.3910         0.114       26.3327     0.0282990     0.0039483     0.0038122     0.0001358     0.0000002     0.0000000     0.0000000     0.0000000     0.0000000     0.0000000 
          42.            0.        1.0000       0.75875        9.4837       10.0688        8.9566        8.3937         0.116       26.7166     0.0280631     0.0037895     0.0036556     0.0001337     0.0000002     0.0000000     0.0000000     0.0000000     0.0000000     0.0000000 
          42.            0.        1.0000       0.75281        9.4846       10.0689        8.9581        8.3963         0.118       27.1058     0.0278360     0.0036404     0.0035086     0.0001316     0.0000002     0.0000000     0.0000000     0.0000000     0.0000000     0.0000000 
          43.            0.        1.0000       0.74708        9.4854       10.0689        8.9595        8.3988         0.120       27.4954     0.0276171     0.0035001     0.0033704     0.0001296     0.0000002     0.0000000     0.0000000     0.0000000     0.0000000     0.0000000 
          44.            0.        1.0000       0.74156        9.4861       10.0690        8.9610        8.4012         0.122       27.8838     0.0274059     0.0033681     0.0032402     0.0001277     0.0000002     0.0000000     0.0000000     0.0000000     0.0000000     0.0000000 
          44.            0.        1.0000       0.73623        9.4869       10.0691        8.9624        8.4036         0.125       28.2701     0.0272021     0.0032435     0.0031175     0.0001259     0.0000002     0.0000000     0.0000000     0.0000000     0.0000000     0.0000000 
          44.            0.        1.0000       0.73107        9.4876       10.0691        8.9637        8.4059         0.127       28.6543     0.0270052     0.0031260     0.0030018     0.0001241     0.0000002     0.0000000     0.0000000     0.0000000     0.0000000     0.0000000 
          45.            0.        1.0000       0.72610        9.4884       10.0692        8.9651        8.4082         0.129       29.0361     0.0268149     0.0030150     0.0028924     0.0001224     0.0000001     0.0000000     0.0000000     0.0000000     0.0000000     0.0000000 
          46.            0.        1.0000       0.72128        9.4891       10.0692        8.9664        8.4105         0.132       29.4155     0.0266309     0.0029101     0.0027891     0.0001208     0.0000001     0.0000000     0.0000000     0.0000000     0.0000000     0.0000000 
          46.            0.        1.0000       0.71662        9.4898       10.0693        8.9677        8.4127         0.134       29.7925     0.0264529     0.0028108     0.0026914     0.0001193     0.0000001     0.0000000     0.0000000     0.0000000     0.0000000     0.0000000 
          46.            0.        1.0000       0.71211        9.4905       10.0694        8.9689        8.4148         0.136       30.1669     0.0262806     0.0027167     0.0025988     0.0001178     0.0000001     0.0000000     0.0000000     0.0000000     0.0000000     0.0000000 
          47.            0.        1.0000       0.70775        9.4912       10.0694        8.9702        8.4169         0.139       30.5389     0.0261137     0.0026276     0.0025111     0.0001163     0.0000001     0.0000000     0.0000000     0.0000000     0.0000000     0.0000000 
          48.            0.        1.0000       0.70352        9.4918       10.0695        8.9714        8.4190         0.141       30.9082     0.0259521     0.0025430     0.0024279     0.0001150     0.0000001     0.0000000     0.0000000     0.0000000     0.0000000     0.0000000 
          48.            0.        1.0000       0.69942        9.4925       10.0695        8.9726        8.4210         0.143       31.2750     0.0257955     0.0024627     0.0023489     0.0001136     0.0000001     0.0000000     0.0000000     0.0000000     0.0000000     0.0000000 
          48.            0.        1.0000       0.69544        9.4931       10.0696        8.9737        8.4230         0.146       31.6392     0.0256436     0.0023863     0.0022739     0.0001123     0.0000001     0.0000000     0.0000000     0.0000000     0.0000000     0.0000000 
          49.            0.        1.0000       0.69158        9.4937       10.0696        8.9749        8.4249         0.148       32.0008     0.0254962     0.0023138     0.0022026     0.0001111     0.0000001     0.0000000     0.0000000     0.0000000     0.0000000     0.0000000 
          50.            0.        1.0000       0.68784        9.4944       10.0697        8.9760        8.4268         0.151       32.3598     0.0253532     0.0022447     0.0021347     0.0001099     0.0000001     0.0000000     0.0000000     0.0000000     0.0000000     0.0000000 
          50.            0.        1.0000       0.68421        9.4950       10.0697        8.9771        8.4287         0.153       32.7161     0.0252143     0.0021789     0.0020701     0.0001087     0.0000001     0.0000000     0.0000000     0.0000000     0.0000000     0.0000000 
          50.            0.        1.0000       0.68068        9.4956       10.0698        8.9782        8.4306         0.155       33.0699     0.0250795     0.0021162     0.0020085     0.0001076     0.0000001     0.0000000     0.0000000     0.0000000     0.0000000     0.0000000 
          51.            0.        1.0000       0.67725        9.4962       10.0698        8.9792        8.4324         0.158       33.4210     0.0249484     0.0020565     0.0019498     0.0001065     0.0000001     0.0000000     0.0000000     0.0000000     0.0000000     0.0000000 
          52.            0.        1.0000       0.67391        9.4967       10.0699        8.9803        8.4342         0.160       33.7696     0.0248210     0.0019994     0.0018938     0.0001055     0.0000001     0.0000000     0.0000000     0.0000000     0.0000000     0.0000000 
          52.            0.        1.0000       0.67067        9.4973       10.0699        8.9813        8.4359         0.162       34.1156     0.0246972     0.0019449     0.0018404     0.0001045     0.0000001     0.0000000     0.0000000     0.0000000     0.0000000     0.0000000 
          52.            0.        1.0000       0.66752        9.4979       10.0700        8.9824        8.4376         0.165       34.4590     0.0245767     0.0018929     0.0017893     0.0001035     0.0000001     0.0000000     0.0000000     0.0000000     0.0000000     0.0000000 
          53.            0.        1.0000       0.66445        9.4984       10.0700        8.9833        8.4393         0.167       34.7999     0.0244595     0.0018431     0.0017404     0.0001026     0.0000001     0.0000000     0.0000000     0.0000000     0.0000000     0.0000000 
          54.            0.        1.0000       0.66147        9.4990       10.0701        8.9843        8.4410         0.169       35.1381     0.0243454     0.0017955     0.0016937     0.0001016     0.0000001     0.0000000     0.0000000     0.0000000     0.0000000     0.0000000 
          54.            0.        1.0000       0.65856        9.4995       10.0701        8.9853        8.4426         0.172       35.4739     0.0242343     0.0017499     0.0016490     0.0001008     0.0000001     0.0000000     0.0000000     0.0000000     0.0000000     0.0000000 
          54.            0.        1.0000       0.65573        9.5000       10.0702        8.9863        8.4442         0.174       35.8073     0.0241260     0.0017062     0.0016062     0.0000999     0.0000001     0.0000000     0.0000000     0.0000000     0.0000000     0.0000000 
          55.            0.        1.0000       0.65297        9.5005       10.0702        8.9872        8.4458         0.176       36.1381     0.0240206     0.0016644     0.0015652     0.0000991     0.0000001     0.0000000     0.0000000     0.0000000     0.0000000     0.0000000 
          56.            0.        1.0000       0.65028        9.5010       10.0703        8.9881        8.4474         0.178       36.4665     0.0239178     0.0016242     0.0015259     0.0000982     0.0000001     0.0000000     0.0000000     0.0000000     0.0000000     0.0000000 
          56.            0.        1.0000       0.64766        9.5015       10.0703        8.9890        8.4489         0.180       36.7924     0.0238176     0.0015857     0.0014882     0.0000975     0.0000001     0.0000000     0.0000000     0.0000000     0.0000000     0.0000000 
          56.            0.        1.0000       0.64510        9.5020       10.0703        8.9899        8.4504         0.182       37.1161     0.0237199     0.0015488     0.0014520     0.0000967     0.0000001     0.0000000     0.0000000     0.0000000     0.0000000     0.0000000 
          57.            0.        1.0000       0.64261        9.5025       10.0704        8.9908        8.4519         0.184       37.4375     0.0236246     0.0015133     0.0014173     0.0000959     0.0000001     0.0000000     0.0000000     0.0000000     0.0000000     0.0000000 
          58.            0.        1.0000       0.64018        9.5030       10.0704        8.9917        8.4534         0.187       37.7571     0.0235317     0.0014792     0.0013839     0.0000952     0.0000001     0.0000000     0.0000000     0.0000000     0.0000000     0.0000000 
          58.            0.        1.0000       0.63781        9.5035       10.0705        8.9925        8.4548         0.189       38.0760     0.0234414     0.0014466     0.0013520     0.0000945     0.0000001     0.0000000     0.0000000     0.0000000     0.0000000     0.0000000 
          58.            0.        1.0000       0.63553        9.5039       10.0705        8.9933        8.4562         0.192       38.3970     0.0233540     0.0014155     0.0013215     0.0000938     0.0000001     0.0000000     0.0000000     0.0000000     0.0000000     0.0000000 
          59.            0.        1.0000       0.63336        9.5044       10.0705        8.9941        8.4576         0.196       38.7290     0.0232712     0.0013864     0.0012931     0.0000932     0.0000001     0.0000000     0.0000000     0.0000000     0.0000000     0.0000000 
          60.            0.        1.0000       0.63146        9.5047       10.0706        8.9948        8.4588         0.204       39.0859     0.0231983     0.0013612     0.0012685     0.0000927     0.0000001     0.0000000     0.0000000     0.0000000     0.0000000     0.0000000 
          60.            0.        1.0000       0.63254        9.5033       10.0704        8.9922        8.4544         0.230       40.0335     0.0232486     0.0013755     0.0012825     0.0000930     0.0000001     0.0000000     0.0000000     0.0000000     0.0000000     0.0000000 
          60.            0.        2.0000       0.54473        9.4702       10.0675        8.9321        8.3522         0.234       41.6631     0.0144889     0.0000333     0.0000000     0.0000333     0.0000000     0.0000000     0.0000000     0.0000000     0.0000000     0.0000000 
          61.            0.        3.0000       0.50378        9.4371       10.0646        8.8720        8.2516         0.207       42.8082     0.0112146     0.0000183     0.0000000     0.0000183     0.0000000     0.0000000     0.0000000     0.0000000     0.0000000     0.0000000 
          62.            0.        4.0000       0.47853        9.4050       10.0618        8.8142        8.1568         0.180       43.5480     0.0094662     0.0000119     0.0000000     0.0000119     0.0000000     0.0000000     0.0000000     0.0000000     0.0000000     0.0000000 
          62.            0.        5.0000       0.46076        9.3739       10.0592        8.7589        8.0680         0.161       43.9645     0.0083740     0.0000085     0.0000000     0.0000085     0.0000000     0.0000000     0.0000000     0.0000000     0.0000000     0.0000000 
          62.            0.        6.0000       0.44721        9.3437       10.0566        8.7063        7.9857         0.148       44.1276     0.0076278     0.0000064     0.0000000     0.0000064     0.0000000     0.0000000     0.0000000     0.0000000     0.0000000     0.0000000 
          63.            0.        7.0000       0.43633        9.3145       10.0539        8.6567        7.9109         0.140       44.0940     0.0070861     0.0000050     0.0000000     0.0000050     0.0000000     0.0000000     0.0000000     0.0000000     0.0000000     0.0000000 
          64.            0.        8.0000       0.42728        9.2863       10.0513        8.6105        7.8439         0.134       43.9077     0.0066750     0.0000040     0.0000000     0.0000040     0.0000000     0.0000000     0.0000000     0.0000000     0.0000000     0.0000000 
          64.            0.        9.0000       0.41957        9.2590       10.0485        8.5675        7.7842         0.129       43.6022     0.0063522     0.0000033     0.0000000     0.0000033     0.0000000     0.0000000     0.0000000     0.0000000     0.0000000     0.0000000 
          64.            0.       10.0000       0.41288        9.2327       10.0457        8.5276        7.7310         0.124       43.2011     0.0060920     0.0000028     0.0000000     0.0000028     0.0000000     0.0000000     0.0000000     0.0000000     0.0000000     0.0000000 
          65.            0.       11.0000       0.40699        9.2073       10.0428        8.4904        7.6832         0.119       42.7206     0.0058780     0.0000023     0.0000000     0.0000023     0.0000000     0.0000000     0.0000000     0.0000000     0.0000000     0.0000000 
          66.            0.       12.0000       0.40174        9.1828       10.0399        8.4556        7.6398         0.114       42.1701     0.0056990     0.0000020     0.0000000     0.0000020     0.0000000     0.0000000     0.0000000     0.0000000     0.0000000     0.0000000 
          66.            0.       13.0000       0.39698        9.1592       10.0369        8.4229        7.6001         0.108       41.5516     0.0055473     0.0000017     0.0000000     0.0000017     0.0000000     0.0000000     0.0000000     0.0000000     0.0000000     0.0000000 
          66.            0.       14.0000       0.39260        9.1362       10.0338        8.3917        7.5630         0.104       40.8576     0.0054172     0.0000015     0.0000000     0.0000015     0.0000000     0.0000000     0.0000000     0.0000000     0.0000000     0.0000000 
          67.            0.       15.0000       0.38844        9.1136       10.0307        8.3615        7.5276         0.099       40.0677     0.0053041     0.0000013     0.0000000     0.0000013     0.0000000     0.0000000     0.0000000     0.0000000     0.0000000     0.0000000 
          68.            0.       16.0000       0.38436        9.0908       10.0276        8.3315        7.4926         0.095       39.1464     0.0052044     0.0000011     0.0000000     0.0000011     0.0000000     0.0000000     0.0000000     0.0000000     0.0000000     0.0000000 
          68.            0.       17.0000       0.38021        9.0672       10.0244        8.3005        7.4568         0.090       38.0490     0.0051157     0.0000010     0.0000000     0.0000010     0.0000000     0.0000000     0.0000000     0.0000000     0.0000000     0.0000000 
          68.            0.       18.0000       0.37595        9.0422       10.0209        8.2679        7.4195         0.084       36.7620     0.0050363     0.0000009     0.0000000     0.0000009     0.0000000     0.0000000     0.0000000     0.0000000     0.0000000     0.0000000 
          69.            0.       19.0000       0.37191        9.0167       10.0171        8.2355        7.3829         0.079       35.3310     0.0049668     0.0000008     0.0000000     0.0000008     0.0000000     0.0000000     0.0000000     0.0000000     0.0000000     0.0000000 
          70.            0.       19.0000       0.36999        9.0090       10.0164        8.2241        7.3685         0.076       34.5084     0.0049573     0.0000008     0.0000000     0.0000008     0.0000000     0.0000000     0.0000000     0.0000000     0.0000000     0.0000000 
          70.            0.       19.0000       0.37001        9.0090       10.0164        8.2242        7.3686         0.076       34.5416     0.0049574     0.0000008     0.0000000     0.0000008     0.0000000     0.0000000     0.0000000     0.0000000     0.0000000     0.0000000 
          70.            0.       19.0000       0.37001        9.0090       10.0164        8.2242        7.3686         0.076       34.5525     0.0049575     0.0000008     0.0000000     0.0000008     0.0000000     0.0000000     0.0000000     0.0000000     0.0000000     0.0000000 
          71.            0.       19.0000       0.37001        9.0090       10.0164        8.2242        7.3686         0.076       34.5560     0.0049575     0.0000008     0.0000000     0.0000008     0.0000000     0.0000000     0.0000000     0.0000000     0.0000000     0.0000000 
          72.            0.       19.0000       0.37001        9.0090       10.0164        8.2242        7.3686         0.076       34.5571     0.0049575     0.0000008     0.0000000     0.0000008     0.0000000     0.0000000     0.0000000     0.0000000     0.0000000     0.0000000 
          72.            0.       19.0000       0.37001        9.0090       10.0164        8.2242        7.3686         0.076       34.5573     0.0049575     0.0000008     0.0000000     0.0000008     0.0000000     0.0000000     0.0000000     0.0000000     0.0000000     0.0000000 
          72.            0.       19.0000       0.37001        9.0090       10.0164        8.2241        7.3685         0.076       34.5573     0.0049575     0.0000008     0.0000000     0.0000008     0.0000000     0.0000000     0.0000000     0.0000000     0.0000000     0.0000000 
          73.            0.       19.0000       0.37001        9.0090       10.0164        8.2241        7.3685         0.077       34.5571     0.0049575     0.0000008     0.0000000     0.0000008     0.0000000     0.0000000     0.0000000     0.0000000     0.0000000     0.0000000 
          74.            0.       19.0000       0.37001        9.0090       10.0164        8.2241        7.3685         0.077       34.5570     0.0049575     0.0000008     0.0000000     0.0000008     0.0000000     0.0000000     0.0000000     0.0000000     0.0000000     0.0000000 
          74.            0.       19.0000       0.37000        9.0090       10.0164        8.2241        7.3685         0.077       34.5568     0.0049575     0.0000008     0.0000000     0.0000008     0.0000000     0.0000000     0.0000000     0.0000000     0.0000000     0.0000000 
          74.            0.       19.0000       0.37000        9.0090       10.0164        8.2241        7.3684         0.077       34.5567     0.0049575     0.0000008     0.0000000     0.0000008     0.0000000     0.0000000     0.0000000     0.0000000     0.0000000     0.0000000 
          75.            0.       19.0000       0.37000        9.0089       10.0164        8.2241        7.3684         0.077       34.5565     0.0049575     0.0000008     0.0000000     0.0000008     0.0000000     0.0000000     0.0000000     0.0000000     0.0000000     0.0000000 
          76.            0.       19.0000       0.37000        9.0089       10.0164        8.2240        7.3684         0.077       34.5563     0.0049575     0.0000008     0.0000000     0.0000008     0.0000000     0.0000000     0.0000000     0.0000000     0.0000000     0.0000000 
          76.            0.       19.0000       0.37000        9.0089       10.0164        8.2240        7.3684         0.077       34.5562     0.0049575     0.0000008     0.0000000     0.0000008     0.0000000     0.0000000     0.0000000     0.0000000     0.0000000     0.0000000 
          76.            0.       19.0000       0.37000        9.0089       10.0164        8.2240        7.3684         0.078       34.5560     0.0049575     0.0000008     0.0000000     0.0000008     0.0000000     0.0000000     0.0000000     0.0000000     0.0000000     0.0000000 
          77.            0.       19.0000       0.36999        9.0089       10.0164        8.2240        7.3683         0.078       34.5558     0.0049576     0.0000008     0.0000000     0.0000008     0.0000000     0.0000000     0.0000000     0.0000000     0.0000000     0.0000000 
          78.            0.       19.0000       0.36999        9.0089       10.0164        8.2240        7.3683         0.078       34.5557     0.0049576     0.0000008     0.0000000     0.0000008     0.0000000     0.0000000     0.0000000     0.0000000     0.0000000     0.0000000 
          78.            0.       19.0000       0.36999        9.0089       10.0164        8.2240        7.3683         0.078       34.5555     0.0049576     0.0000008     0.0000000     0.0000008     0.0000000     0.0000000     0.0000000     0.0000000     0.0000000     0.0000000 
          78.            0.       19.0000       0.36999        9.0089       10.0164        8.2240        7.3682         0.078       34.5554     0.0049576     0.0000008     0.0000000     0.0000008     0.0000000     0.0000000     0.0000000     0.0000000     0.0000000     0.0000000 
          79.            0.       19.0000       0.36999        9.0089       10.0164        8.2239        7.3682         0.078       34.5552     0.0049576     0.0000008     0.0000000     0.0000008     0.0000000     0.0000000     0.0000000     0.0000000     0.0000000     0.0000000 
          80.            0.       19.0000       0.36999        9.0089       10.0164        8.2239        7.3682         0.078       34.5550     0.0049576     0.0000008     0.0000000     0.0000008     0.0000000     0.0000000     0.0000000     0.0000000     0.0000000     0.0000000 
          80.            0.       19.0000       0.36999        9.0089       10.0164        8.2239        7.3682         0.079       34.5549     0.0049576     0.0000008     0.0000000     0.0000008     0.0000000     0.0000000     0.0000000     0.0000000     0.0000000     0.0000000 
          80.            0.       19.0000       0.36998        9.0088       10.0164        8.2239        7.3681         0.079       34.5547     0.0049576     0.0000008     0.0000000     0.0000008     0.0000000     0.0000000     0.0000000     0.0000000     0.0000000     0.0000000 
          81.            0.       19.0000       0.36998        9.0088       10.0164        8.2239        7.3681         0.079       34.5546     0.0049576     0.0000008     0.0000000     0.0000008     0.0000000     0.0000000     0.0000000     0.0000000     0.0000000     0.0000000 
          82.            0.       19.0000       0.36998        9.0088       10.0164        8.2238        7.3681         0.079       34.5544     0.0049576     0.0000008     0.0000000     0.0000008     0.0000000     0.0000000     0.0000000     0.0000000     0.0000000     0.0000000 
          82.            0.       19.0000       0.36998        9.0088       10.0164        8.2238        7.3681         0.079       34.5542     0.0049576     0.0000008     0.0000000     0.0000008     0.0000000     0.0000000     0.0000000     0.0000000     0.0000000     0.0000000 
          82.            0.       19.0000       0.36998        9.0088       10.0164        8.2238        7.3680         0.079       34.5541     0.0049577     0.0000008     0.0000000     0.0000008     0.0000000     0.0000000     0.0000000     0.0000000     0.0000000     0.0000000 
          83.            0.       19.0000       0.36998        9.0088       10.0164        8.2238        7.3680         0.079       34.5539     0.0049577     0.0000008     0.0000000     0.0000008     0.0000000     0.0000000     0.0000000     0.0000000     0.0000000     0.0000000 
          84.            0.       19.0000       0.36998        9.0088       10.0164        8.2238        7.3680         0.080       34.5538     0.0049577     0.0000008     0.0000000     0.0000008     0.0000000     0.0000000     0.0000000     0.0000000     0.0000000     0.0000000 
          84.            0.       19.0000       0.36997        9.0088       10.0164        8.2237        7.3679         0.080       34.5537     0.0049577     0.0000008     0.0000000     0.0000008     0.0000000     0.0000000     0.0000000     0.0000000     0.0000000     0.0000000 
          84.            0.       19.0000       0.36997        9.0088       10.0164        8.2237        7.3679         0.080       34.5535     0.0049577     0.0000008     0.0000000     0.0000008     0.0000000     0.0000000     0.0000000     0.0000000     0.0000000     0.0000000 
          85.            0.       19.0000       0.36997        9.0088       10.0164        8.2237        7.3679         0.080       34.5534     0.0049577     0.0000008     0.0000000     0.0000008     0.0000000     0.0000000     0.0000000     0.0000000     0.0000000     0.0000000 
          86.            0.       19.0000       0.36997        9.0087       10.0164        8.2237        7.3679         0.080       34.5532     0.0049578     0.0000008     0.0000000     0.0000008     0.0000000     0.0000000     0.0000000     0.0000000     0.0000000     0.0000000 
          86.            0.       19.0000       0.36997        9.0087       10.0164        8.2237        7.3678         0.080       34.5531     0.0049578     0.0000008     0.0000000     0.0000008     0.0000000     0.0000000     0.0000000     0.0000000     0.0000000     0.0000000 
          86.            0.       19.0000       0.36997        9.0087       10.0164        8.2236        7.3678         0.081       34.5529     0.0049578     0.0000008     0.0000000     0.0000008     0.0000000     0.0000000     0.0000000     0.0000000     0.0000000     0.0000000 
          87.            0.       19.0000       0.36996        9.0087       10.0164        8.2236        7.3678         0.081       34.5528     0.0049578     0.0000008     0.0000000     0.0000008     0.0000000     0.0000000     0.0000000     0.0000000     0.0000000     0.0000000 
          88.            0.       19.0000       0.36996        9.0087       10.0164        8.2236        7.3677         0.081       34.5527     0.0049578     0.0000008     0.0000000     0.0000008     0.0000000     0.0000000     0.0000000     0.0000000     0.0000000     0.0000000 
          88.            0.       19.0000       0.36996        9.0087       10.0164        8.2236        7.3677         0.081       34.5525     0.0049578     0.0000008     0.0000000     0.0000008     0.0000000     0.0000000     0.0000000     0.0000000     0.0000000     0.0000000 
          88.            0.       19.0000       0.36996        9.0087       10.0164        8.2236        7.3676         0.081       34.5524     0.0049579     0.0000008     0.0000000     0.0000008     0.0000000     0.0000000     0.0000000     0.0000000     0.0000000     0.0000000 
          89.            0.       19.0000       0.36996        9.0087       10.0164        8.2235        7.3676         0.081       34.5523     0.0049579     0.0000008     0.0000000     0.0000008     0.0000000     0.0000000     0.0000000     0.0000000     0.0000000     0.0000000 
          90.            0.       19.0000       0.36996        9.0087       10.0164        8.2235        7.3676         0.082       34.5521     0.0049579     0.0000008     0.0000000     0.0000008     0.0000000     0.0000000     0.0000000     0.0000000     0.0000000     0.0000000 
          90.            0.       19.0000       0.36996        9.0086       10.0164        8.2235        7.3675         0.082       34.5520     0.0049579     0.0000008     0.0000000     0.0000008     0.0000000     0.0000000     0.0000000     0.0000000     0.0000000     0.0000000 
          90.            0.       19.0000       0.36995        9.0086       10.0164        8.2235        7.3675         0.082       34.5519     0.0049580     0.0000008     0.0000000     0.0000008     0.0000000     0.0000000     0.0000000     0.0000000     0.0000000     0.0000000 
          91.            0.       19.0000       0.36995        9.0086       10.0164        8.2234        7.3675         0.082       34.5518     0.0049580     0.0000008     0.0000000     0.0000008     0.0000000     0.0000000     0.0000000     0.0000000     0.0000000     0.0000000 
          92.            0.       19.0000       0.36995        9.0086       10.0164        8.2234        7.3674         0.082       34.5516     0.0049580     0.0000008     0.0000000     0.0000008     0.0000000     0.0000000     0.0000000     0.0000000     0.0000000     0.0000000 
          92.            0.       19.0000       0.36995        9.0086       10.0164        8.2234        7.3674         0.083       34.5515     0.0049580     0.0000008     0.0000000     0.0000008     0.0000000     0.0000000     0.0000000     0.0000000     0.0000000     0.0000000 
          92.            0.       19.0000       0.36995        9.0086       10.0164        8.2234        7.3673         0.083       34.5514     0.0049581     0.0000008     0.0000000     0.0000008     0.0000000     0.0000000     0.0000000     0.0000000     0.0000000     0.0000000 
          93.            0.       19.0000       0.36995        9.0086       10.0164        8.2233        7.3673         0.083       34.5513     0.0049581     0.0000008     0.0000000     0.0000008     0.0000000     0.0000000     0.0000000     0.0000000     0.0000000     0.0000000 
          94.            0.       19.0000       0.36995        9.0086       10.0164        8.2233        7.3673         0.083       34.5512     0.0049581     0.0000008     0.0000000     0.0000008     0.0000000     0.0000000     0.0000000     0.0000000     0.0000000     0.0000000 
          94.            0.       19.0000       0.36994        9.0085       10.0164        8.2233        7.3672         0.083       34.5511     0.0049582     0.0000008     0.0000000     0.0000008     0.0000000     0.0000000     0.0000000     0.0000000     0.0000000     0.0000000 
          94.            0.       19.0000       0.36994        9.0085       10.0164        8.2233        7.3672         0.084       34.5509     0.0049582     0.0000008     0.0000000     0.0000008     0.0000000     0.0000000     0.0000000     0.0000000     0.0000000     0.0000000 
          95.            0.       19.0000       0.36994        9.0085       10.0164        8.2232        7.3671         0.084       34.5508     0.0049582     0.0000008     0.0000000     0.0000008     0.0000000     0.0000000     0.0000000     0.0000000     0.0000000     0.0000000 
          96.            0.       19.0000       0.36994        9.0085       10.0164        8.2232        7.3671         0.084       34.5507     0.0049583     0.0000008     0.0000000     0.0000008     0.0000000     0.0000000     0.0000000     0.0000000     0.0000000     0.0000000 
          96.            0.       19.0000       0.36994        9.0085       10.0164        8.2232        7.3670         0.084       34.5506     0.0049583     0.0000008     0.0000000     0.0000008     0.0000000     0.0000000     0.0000000     0.0000000     0.0000000     0.0000000 
          96.            0.       19.0000       0.36994        9.0085       10.0164        8.2232        7.3670         0.084       34.5505     0.0049583     0.0000008     0.0000000     0.0000008     0.0000000     0.0000000     0.0000000     0.0000000     0.0000000     0.0000000 
          97.            0.       19.0000       0.36994        9.0085       10.0164        8.2231        7.3669         0.085       34.5504     0.0049584     0.0000008     0.0000000     0.0000008     0.0000000     0.0000000     0.0000000     0.0000000     0.0000000     0.0000000 
          98.            0.       19.0000       0.36993        9.0084       10.0164        8.2231        7.3669         0.085       34.5503     0.0049584     0.0000008     0.0000000     0.0000008     0.0000000     0.0000000     0.0000000     0.0000000     0.0000000     0.0000000 
          98.            0.       19.0000       0.36993        9.0084       10.0164        8.2231        7.3668         0.085       34.5502     0.0049584     0.0000008     0.0000000     0.0000008     0.0000000     0.0000000     0.0000000     0.0000000     0.0000000     0.0000000 
          98.            0.       19.0000       0.36993        9.0084       10.0164        8.2230        7.3668         0.085       34.5501     0.0049585     0.0000008     0.0000000     0.0000008     0.0000000     0.0000000     0.0000000     0.0000000     0.0000000     0.0000000 
          99.            0.       19.0000       0.36993        9.0084       10.0164        8.2230        7.3667         0.085       34.5500     0.0049585     0.0000008     0.0000000     0.0000008     0.0000000     0.0000000     0.0000000     0.0000000     0.0000000     0.0000000 
         100.            0.       19.0000       0.36993        9.0084       10.0164        8.2230        7.3667         0.086       34.5500     0.0049586     0.0000008     0.0000000     0.0000008     0.0000000     0.0000000     0.0000000     0.0000000     0.0000000     0.0000000 
         100.            0.       19.0000       0.36993        9.0084       10.0164        8.2229        7.3666         0.086       34.5499     0.0049586     0.0000008     0.0000000     0.0000008     0.0000000     0.0000000     0.0000000     0.0000000     0.0000000     0.0000000 
