%
%
% Run:2017  Table:COMPGRID          SWAN version:41.10A
%
%       Xp            Yp            Depth         Hsig          Tm_10         TPsmoo        Tm01          Tm02          Dir           Dspr          Steepn        Dissip        Ssurf         Sfric         Swcap         Redist        Snl3          Snl4          Genera        Swind    
%       [m]           [m]           [m]           [m]           [sec]         [sec]         [sec]         [sec]         [degr]        [degr]        [ ]           [m2/s]        [m2/s]        [m2/s]        [m2/s]        [m2/s]        [m2/s]        [m2/s]        [m2/s]        [m2/s]   
%
           0.            0.       20.0000       1.25926        2.7053        3.0060        2.4677        2.2076         0.073       32.3778     0.1654087     0.0000023     0.0000000     0.0000000     0.0000023     0.0000000     0.0000000     0.0000000     0.0000000     0.0000000 
           0.            0.       20.0000       1.25489        2.7141        3.0061        2.4879        2.2431         0.073       32.3473     0.1596578     0.0010489     0.0000000     0.0000000     0.0010489     0.0000000     0.0000000     0.0000000     0.0000000     0.0000000 
           1.            0.       20.0000       1.25080        2.7223        3.0062        2.5067        2.2768         0.073       32.3218     0.1544610     0.0009883     0.0000000     0.0000000     0.0009883     0.0000000     0.0000000     0.0000000     0.0000000     0.0000000 
           2.            0.       20.0000       1.24705        2.7297        3.0063        2.5237        2.3076         0.073       32.3015     0.1499077     0.0009355     0.0000000     0.0000000     0.0009355     0.0000000     0.0000000     0.0000000     0.0000000     0.0000000 
           2.            0.       20.0000       1.24360        2.7364        3.0064        2.5388        2.3355         0.073       32.2853     0.1459404     0.0008896     0.0000000     0.0000000     0.0008896     0.0000000     0.0000000     0.0000000     0.0000000     0.0000000 
           2.            0.       20.0000       1.24042        2.7424        3.0065        2.5524        2.3607         0.072       32.2723     0.1424724     0.0008494     0.0000000     0.0000000     0.0008494     0.0000000     0.0000000     0.0000000     0.0000000     0.0000000 
           3.            0.       20.0000       1.23748        2.7479        3.0066        2.5646        2.3835         0.072       32.2615     0.1394237     0.0008138     0.0000000     0.0000000     0.0008138     0.0000000     0.0000000     0.0000000     0.0000000     0.0000000 
           4.            0.       20.0000       1.23473        2.7529        3.0067        2.5756        2.4042         0.072       32.2524     0.1367268     0.0007820     0.0000000     0.0000000     0.0007820     0.0000000     0.0000000     0.0000000     0.0000000     0.0000000 
           4.            0.       20.0000       1.23215        2.7575        3.0068        2.5857        2.4231         0.071       32.2447     0.1343268     0.0007535     0.0000000     0.0000000     0.0007535     0.0000000     0.0000000     0.0000000     0.0000000     0.0000000 
           4.            0.       20.0000       1.22972        2.7618        3.0069        2.5948        2.4402         0.071       32.2380     0.1321790     0.0007277     0.0000000     0.0000000     0.0007277     0.0000000     0.0000000     0.0000000     0.0000000     0.0000000 
           5.            0.       20.0000       1.22743        2.7657        3.0069        2.6032        2.4560         0.070       32.2321     0.1302471     0.0007043     0.0000000     0.0000000     0.0007043     0.0000000     0.0000000     0.0000000     0.0000000     0.0000000 
           6.            0.       20.0000       1.22525        2.7694        3.0070        2.6110        2.4704         0.070       32.2268     0.1285011     0.0006829     0.0000000     0.0000000     0.0006829     0.0000000     0.0000000     0.0000000     0.0000000     0.0000000 
           6.            0.       20.0000       1.22317        2.7729        3.0071        2.6181        2.4837         0.069       32.2220     0.1269164     0.0006631     0.0000000     0.0000000     0.0006631     0.0000000     0.0000000     0.0000000     0.0000000     0.0000000 
           6.            0.       20.0000       1.22118        2.7761        3.0072        2.6247        2.4959         0.069       32.2177     0.1254721     0.0006450     0.0000000     0.0000000     0.0006450     0.0000000     0.0000000     0.0000000     0.0000000     0.0000000 
           7.            0.       20.0000       1.21928        2.7792        3.0073        2.6309        2.5072         0.068       32.2137     0.1241510     0.0006281     0.0000000     0.0000000     0.0006281     0.0000000     0.0000000     0.0000000     0.0000000     0.0000000 
           8.            0.       20.0000       1.21746        2.7821        3.0074        2.6366        2.5176         0.068       32.2100     0.1229382     0.0006124     0.0000000     0.0000000     0.0006124     0.0000000     0.0000000     0.0000000     0.0000000     0.0000000 
           8.            0.       20.0000       1.21570        2.7848        3.0075        2.6420        2.5273         0.067       32.2066     0.1218211     0.0005978     0.0000000     0.0000000     0.0005978     0.0000000     0.0000000     0.0000000     0.0000000     0.0000000 
           8.            0.       20.0000       1.21400        2.7874        3.0075        2.6471        2.5363         0.066       32.2034     0.1207888     0.0005842     0.0000000     0.0000000     0.0005842     0.0000000     0.0000000     0.0000000     0.0000000     0.0000000 
           9.            0.       20.0000       1.21237        2.7899        3.0076        2.6518        2.5447         0.066       32.2003     0.1198321     0.0005713     0.0000000     0.0000000     0.0005713     0.0000000     0.0000000     0.0000000     0.0000000     0.0000000 
          10.            0.       20.0000       1.21078        2.7922        3.0077        2.6563        2.5525         0.065       32.1975     0.1189428     0.0005592     0.0000000     0.0000000     0.0005592     0.0000000     0.0000000     0.0000000     0.0000000     0.0000000 
          10.            0.       20.0000       1.20924        2.7945        3.0078        2.6605        2.5598         0.064       32.1948     0.1181139     0.0005479     0.0000000     0.0000000     0.0005479     0.0000000     0.0000000     0.0000000     0.0000000     0.0000000 
          10.            0.       20.0000       1.20775        2.7967        3.0079        2.6645        2.5667         0.064       32.1923     0.1173393     0.0005371     0.0000000     0.0000000     0.0005371     0.0000000     0.0000000     0.0000000     0.0000000     0.0000000 
          11.            0.       20.0000       1.20630        2.7987        3.0079        2.6682        2.5731         0.063       32.1898     0.1166136     0.0005269     0.0000000     0.0000000     0.0005269     0.0000000     0.0000000     0.0000000     0.0000000     0.0000000 
          12.            0.       20.0000       1.20489        2.8007        3.0080        2.6718        2.5791         0.062       32.1875     0.1159320     0.0005172     0.0000000     0.0000000     0.0005172     0.0000000     0.0000000     0.0000000     0.0000000     0.0000000 
          12.            0.       20.0000       1.20352        2.8026        3.0081        2.6753        2.5848         0.062       32.1853     0.1152904     0.0005080     0.0000000     0.0000000     0.0005080     0.0000000     0.0000000     0.0000000     0.0000000     0.0000000 
          12.            0.       20.0000       1.20218        2.8045        3.0082        2.6785        2.5902         0.061       32.1832     0.1146851     0.0004993     0.0000000     0.0000000     0.0004993     0.0000000     0.0000000     0.0000000     0.0000000     0.0000000 
          13.            0.       20.0000       1.20087        2.8063        3.0082        2.6817        2.5952         0.060       32.1813     0.1141127     0.0004909     0.0000000     0.0000000     0.0004909     0.0000000     0.0000000     0.0000000     0.0000000     0.0000000 
          14.            0.       20.0000       1.19959        2.8080        3.0083        2.6846        2.6001         0.059       32.1793     0.1135705     0.0004829     0.0000000     0.0000000     0.0004829     0.0000000     0.0000000     0.0000000     0.0000000     0.0000000 
          14.            0.       20.0000       1.19834        2.8097        3.0084        2.6875        2.6046         0.059       32.1775     0.1130556     0.0004753     0.0000000     0.0000000     0.0004753     0.0000000     0.0000000     0.0000000     0.0000000     0.0000000 
          14.            0.       20.0000       1.19711        2.8113        3.0084        2.6903        2.6089         0.058       32.1758     0.1125660     0.0004680     0.0000000     0.0000000     0.0004680     0.0000000     0.0000000     0.0000000     0.0000000     0.0000000 
          15.            0.       20.0000       1.19591        2.8129        3.0085        2.6929        2.6130         0.057       32.1741     0.1120994     0.0004610     0.0000000     0.0000000     0.0004610     0.0000000     0.0000000     0.0000000     0.0000000     0.0000000 
          16.            0.       20.0000       1.19474        2.8144        3.0086        2.6955        2.6170         0.056       32.1726     0.1116540     0.0004542     0.0000000     0.0000000     0.0004542     0.0000000     0.0000000     0.0000000     0.0000000     0.0000000 
          16.            0.       20.0000       1.19358        2.8159        3.0087        2.6979        2.6207         0.056       32.1711     0.1112282     0.0004478     0.0000000     0.0000000     0.0004478     0.0000000     0.0000000     0.0000000     0.0000000     0.0000000 
          16.            0.       20.0000       1.19245        2.8174        3.0087        2.7003        2.6243         0.055       32.1697     0.1108204     0.0004415     0.0000000     0.0000000     0.0004415     0.0000000     0.0000000     0.0000000     0.0000000     0.0000000 
          17.            0.       20.0000       1.19134        2.8188        3.0088        2.7026        2.6277         0.054       32.1683     0.1104293     0.0004355     0.0000000     0.0000000     0.0004355     0.0000000     0.0000000     0.0000000     0.0000000     0.0000000 
          18.            0.       20.0000       1.19025        2.8201        3.0089        2.7048        2.6310         0.053       32.1671     0.1100535     0.0004297     0.0000000     0.0000000     0.0004297     0.0000000     0.0000000     0.0000000     0.0000000     0.0000000 
          18.            0.       20.0000       1.18918        2.8215        3.0089        2.7069        2.6341         0.053       32.1659     0.1096921     0.0004242     0.0000000     0.0000000     0.0004242     0.0000000     0.0000000     0.0000000     0.0000000     0.0000000 
          18.            0.       20.0000       1.18812        2.8228        3.0090        2.7090        2.6371         0.052       32.1647     0.1093440     0.0004188     0.0000000     0.0000000     0.0004188     0.0000000     0.0000000     0.0000000     0.0000000     0.0000000 
          19.            0.       20.0000       1.18709        2.8241        3.0091        2.7110        2.6400         0.051       32.1637     0.1090082     0.0004135     0.0000000     0.0000000     0.0004135     0.0000000     0.0000000     0.0000000     0.0000000     0.0000000 
          20.            0.       20.0000       1.18606        2.8253        3.0091        2.7130        2.6428         0.050       32.1626     0.1086840     0.0004085     0.0000000     0.0000000     0.0004085     0.0000000     0.0000000     0.0000000     0.0000000     0.0000000 
          20.            0.       20.0000       1.18506        2.8266        3.0092        2.7149        2.6455         0.050       32.1617     0.1083705     0.0004036     0.0000000     0.0000000     0.0004036     0.0000000     0.0000000     0.0000000     0.0000000     0.0000000 
          20.            0.       20.0000       1.18407        2.8277        3.0093        2.7168        2.6481         0.049       32.1608     0.1080670     0.0003988     0.0000000     0.0000000     0.0003988     0.0000000     0.0000000     0.0000000     0.0000000     0.0000000 
          21.            0.       20.0000       1.18309        2.8289        3.0093        2.7186        2.6506         0.048       32.1600     0.1077730     0.0003943     0.0000000     0.0000000     0.0003943     0.0000000     0.0000000     0.0000000     0.0000000     0.0000000 
          22.            0.       20.0000       1.18213        2.8301        3.0094        2.7203        2.6531         0.048       32.1592     0.1074879     0.0003898     0.0000000     0.0000000     0.0003898     0.0000000     0.0000000     0.0000000     0.0000000     0.0000000 
          22.            0.       20.0000       1.18118        2.8312        3.0095        2.7221        2.6554         0.047       32.1585     0.1072110     0.0003855     0.0000000     0.0000000     0.0003855     0.0000000     0.0000000     0.0000000     0.0000000     0.0000000 
          22.            0.       20.0000       1.18024        2.8323        3.0095        2.7237        2.6577         0.046       32.1578     0.1069419     0.0003813     0.0000000     0.0000000     0.0003813     0.0000000     0.0000000     0.0000000     0.0000000     0.0000000 
          23.            0.       20.0000       1.17932        2.8334        3.0096        2.7254        2.6599         0.046       32.1572     0.1066802     0.0003772     0.0000000     0.0000000     0.0003772     0.0000000     0.0000000     0.0000000     0.0000000     0.0000000 
          24.            0.       20.0000       1.17840        2.8344        3.0097        2.7270        2.6621         0.045       32.1566     0.1064255     0.0003732     0.0000000     0.0000000     0.0003732     0.0000000     0.0000000     0.0000000     0.0000000     0.0000000 
          24.            0.       20.0000       1.17750        2.8355        3.0097        2.7286        2.6642         0.044       32.1562     0.1061772     0.0003693     0.0000000     0.0000000     0.0003693     0.0000000     0.0000000     0.0000000     0.0000000     0.0000000 
          24.            0.       20.0000       1.17662        2.8365        3.0098        2.7301        2.6662         0.044       32.1557     0.1059352     0.0003655     0.0000000     0.0000000     0.0003655     0.0000000     0.0000000     0.0000000     0.0000000     0.0000000 
          25.            0.       20.0000       1.17574        2.8375        3.0099        2.7316        2.6682         0.043       32.1553     0.1056991     0.0003619     0.0000000     0.0000000     0.0003619     0.0000000     0.0000000     0.0000000     0.0000000     0.0000000 
          26.            0.       20.0000       1.17487        2.8385        3.0099        2.7331        2.6701         0.042       32.1550     0.1054685     0.0003583     0.0000000     0.0000000     0.0003583     0.0000000     0.0000000     0.0000000     0.0000000     0.0000000 
          26.            0.       20.0000       1.17401        2.8395        3.0100        2.7345        2.6720         0.042       32.1547     0.1052432     0.0003548     0.0000000     0.0000000     0.0003548     0.0000000     0.0000000     0.0000000     0.0000000     0.0000000 
          26.            0.       20.0000       1.17317        2.8405        3.0100        2.7359        2.6738         0.041       32.1544     0.1050229     0.0003514     0.0000000     0.0000000     0.0003514     0.0000000     0.0000000     0.0000000     0.0000000     0.0000000 
          27.            0.       20.0000       1.17233        2.8414        3.0101        2.7373        2.6756         0.041       32.1542     0.1048075     0.0003481     0.0000000     0.0000000     0.0003481     0.0000000     0.0000000     0.0000000     0.0000000     0.0000000 
          28.            0.       20.0000       1.17150        2.8423        3.0102        2.7387        2.6774         0.040       32.1541     0.1045965     0.0003448     0.0000000     0.0000000     0.0003448     0.0000000     0.0000000     0.0000000     0.0000000     0.0000000 
          28.            0.       20.0000       1.17068        2.8432        3.0102        2.7400        2.6791         0.040       32.1540     0.1043899     0.0003417     0.0000000     0.0000000     0.0003417     0.0000000     0.0000000     0.0000000     0.0000000     0.0000000 
          28.            0.       20.0000       1.16987        2.8441        3.0103        2.7413        2.6808         0.039       32.1539     0.1041874     0.0003386     0.0000000     0.0000000     0.0003386     0.0000000     0.0000000     0.0000000     0.0000000     0.0000000 
          29.            0.       20.0000       1.16907        2.8450        3.0103        2.7426        2.6824         0.039       32.1539     0.1039889     0.0003355     0.0000000     0.0000000     0.0003355     0.0000000     0.0000000     0.0000000     0.0000000     0.0000000 
          30.            0.       20.0000       1.16828        2.8459        3.0104        2.7439        2.6840         0.038       32.1539     0.1037942     0.0003326     0.0000000     0.0000000     0.0003326     0.0000000     0.0000000     0.0000000     0.0000000     0.0000000 
          30.            0.       20.0000       1.16749        2.8468        3.0105        2.7451        2.6856         0.038       32.1540     0.1036030     0.0003297     0.0000000     0.0000000     0.0003297     0.0000000     0.0000000     0.0000000     0.0000000     0.0000000 
          30.            0.       20.0000       1.16671        2.8476        3.0105        2.7463        2.6871         0.037       32.1541     0.1034155     0.0003269     0.0000000     0.0000000     0.0003269     0.0000000     0.0000000     0.0000000     0.0000000     0.0000000 
          31.            0.       20.0000       1.16594        2.8485        3.0106        2.7475        2.6886         0.037       32.1542     0.1032312     0.0003241     0.0000000     0.0000000     0.0003241     0.0000000     0.0000000     0.0000000     0.0000000     0.0000000 
          32.            0.       20.0000       1.16518        2.8493        3.0106        2.7487        2.6901         0.036       32.1544     0.1030501     0.0003214     0.0000000     0.0000000     0.0003214     0.0000000     0.0000000     0.0000000     0.0000000     0.0000000 
          32.            0.       20.0000       1.16443        2.8501        3.0107        2.7499        2.6916         0.036       32.1546     0.1028721     0.0003187     0.0000000     0.0000000     0.0003187     0.0000000     0.0000000     0.0000000     0.0000000     0.0000000 
          32.            0.       20.0000       1.16368        2.8509        3.0107        2.7510        2.6930         0.036       32.1549     0.1026971     0.0003161     0.0000000     0.0000000     0.0003161     0.0000000     0.0000000     0.0000000     0.0000000     0.0000000 
          33.            0.       20.0000       1.16294        2.8517        3.0108        2.7522        2.6944         0.035       32.1552     0.1025248     0.0003136     0.0000000     0.0000000     0.0003136     0.0000000     0.0000000     0.0000000     0.0000000     0.0000000 
          34.            0.       20.0000       1.16221        2.8525        3.0109        2.7533        2.6958         0.035       32.1555     0.1023554     0.0003111     0.0000000     0.0000000     0.0003111     0.0000000     0.0000000     0.0000000     0.0000000     0.0000000 
          34.            0.       20.0000       1.16148        2.8533        3.0109        2.7544        2.6971         0.035       32.1559     0.1021886     0.0003086     0.0000000     0.0000000     0.0003086     0.0000000     0.0000000     0.0000000     0.0000000     0.0000000 
          34.            0.       20.0000       1.16076        2.8541        3.0110        2.7555        2.6985         0.034       32.1563     0.1020244     0.0003062     0.0000000     0.0000000     0.0003062     0.0000000     0.0000000     0.0000000     0.0000000     0.0000000 
          35.            0.       20.0000       1.16005        2.8548        3.0110        2.7565        2.6998         0.034       32.1568     0.1018627     0.0003039     0.0000000     0.0000000     0.0003039     0.0000000     0.0000000     0.0000000     0.0000000     0.0000000 
          36.            0.       20.0000       1.15934        2.8556        3.0111        2.7576        2.7011         0.034       32.1572     0.1017033     0.0003015     0.0000000     0.0000000     0.0003015     0.0000000     0.0000000     0.0000000     0.0000000     0.0000000 
          36.            0.       20.0000       1.15864        2.8563        3.0111        2.7586        2.7023         0.034       32.1577     0.1015463     0.0002993     0.0000000     0.0000000     0.0002993     0.0000000     0.0000000     0.0000000     0.0000000     0.0000000 
          36.            0.       20.0000       1.15795        2.8570        3.0112        2.7597        2.7036         0.033       32.1583     0.1013915     0.0002970     0.0000000     0.0000000     0.0002970     0.0000000     0.0000000     0.0000000     0.0000000     0.0000000 
          37.            0.       20.0000       1.15726        2.8578        3.0112        2.7607        2.7048         0.033       32.1589     0.1012389     0.0002949     0.0000000     0.0000000     0.0002949     0.0000000     0.0000000     0.0000000     0.0000000     0.0000000 
          38.            0.       20.0000       1.15658        2.8585        3.0113        2.7617        2.7060         0.033       32.1595     0.1010883     0.0002927     0.0000000     0.0000000     0.0002927     0.0000000     0.0000000     0.0000000     0.0000000     0.0000000 
          38.            0.       20.0000       1.15590        2.8592        3.0113        2.7627        2.7072         0.033       32.1601     0.1009397     0.0002906     0.0000000     0.0000000     0.0002906     0.0000000     0.0000000     0.0000000     0.0000000     0.0000000 
          38.            0.       19.5000       1.15522        2.8599        3.0114        2.7636        2.7084         0.032       32.1607     0.1007935     0.0002885     0.0000000     0.0000000     0.0002885     0.0000000     0.0000000     0.0000000     0.0000000     0.0000000 
          39.            0.       19.0000       1.15455        2.8605        3.0115        2.7646        2.7096         0.032       32.1612     0.1006492     0.0002865     0.0000000     0.0000000     0.0002865     0.0000000     0.0000000     0.0000000     0.0000000     0.0000000 
          40.            0.       18.0000       1.15387        2.8612        3.0115        2.7655        2.7107         0.032       32.1613     0.1005071     0.0002845     0.0000000     0.0000000     0.0002845     0.0000000     0.0000000     0.0000000     0.0000000     0.0000000 
          40.            0.       17.0000       1.15319        2.8618        3.0116        2.7664        2.7118         0.032       32.1610     0.1003689     0.0002826     0.0000000     0.0000000     0.0002826     0.0000000     0.0000000     0.0000000     0.0000000     0.0000000 
          40.            0.       16.0000       1.15248        2.8624        3.0116        2.7672        2.7128         0.032       32.1607     0.1002316     0.0002807     0.0000000     0.0000000     0.0002807     0.0000000     0.0000000     0.0000000     0.0000000     0.0000000 
          41.            0.       15.0000       1.15175        2.8629        3.0117        2.7680        2.7138         0.032       32.1589     0.1000963     0.0002788     0.0000000     0.0000000     0.0002788     0.0000000     0.0000000     0.0000000     0.0000000     0.0000000 
          42.            0.       14.0000       1.15099        2.8633        3.0117        2.7688        2.7148         0.032       32.1559     0.0999698     0.0002770     0.0000000     0.0000000     0.0002770     0.0000000     0.0000000     0.0000000     0.0000000     0.0000000 
          42.            0.       13.0000       1.15012        2.8636        3.0117        2.7694        2.7156         0.032       32.1511     0.0998412     0.0002752     0.0000000     0.0000000     0.0002752     0.0000000     0.0000000     0.0000000     0.0000000     0.0000000 
          42.            0.       12.0000       1.14911        2.8637        3.0116        2.7698        2.7163         0.032       32.1433     0.0997216     0.0002735     0.0000000     0.0000001     0.0002735     0.0000000     0.0000000     0.0000000     0.0000000     0.0000000 
          43.            0.       11.0000       1.14783        2.8635        3.0115        2.7700        2.7167         0.032       32.1315     0.0996004     0.0002717     0.0000000     0.0000001     0.0002716     0.0000000     0.0000000     0.0000000     0.0000000     0.0000000 
          44.            0.       10.0000       1.14611        2.8628        3.0112        2.7698        2.7167         0.032       32.1123     0.0994838     0.0002699     0.0000000     0.0000002     0.0002697     0.0000000     0.0000000     0.0000000     0.0000000     0.0000000 
          44.            0.        9.0000       1.14359        2.8616        3.0106        2.7690        2.7162         0.033       32.0809     0.0993629     0.0002679     0.0000000     0.0000003     0.0002675     0.0000000     0.0000000     0.0000000     0.0000000     0.0000000 
          44.            0.        8.0000       1.13971        2.8594        3.0096        2.7673        2.7148         0.034       32.0280     0.0992345     0.0002654     0.0000000     0.0000007     0.0002647     0.0000000     0.0000000     0.0000000     0.0000000     0.0000000 
          45.            0.        7.0000       1.13348        2.8562        3.0079        2.7644        2.7120         0.036       31.9367     0.0990805     0.0002621     0.0000000     0.0000013     0.0002608     0.0000000     0.0000000     0.0000000     0.0000000     0.0000000 
          46.            0.        6.0000       1.12344        2.8517        3.0055        2.7598        2.7076         0.040       31.7753     0.0988948     0.0002576     0.0000000     0.0000026     0.0002550     0.0000000     0.0000000     0.0000000     0.0000000     0.0000000 
          46.            0.        5.0000       1.10774        2.8466        3.0031        2.7539        2.7014         0.048       31.4850     0.0987113     0.0002522     0.0000000     0.0000052     0.0002470     0.0000000     0.0000000     0.0000000     0.0000000     0.0000000 
          46.            0.        4.0000       1.08513        2.8428        3.0028        2.7483        2.6950         0.064       30.9589     0.0987777     0.0002498     0.0000004     0.0000108     0.0002385     0.0000000     0.0000000     0.0000000     0.0000000     0.0000000 
          47.            0.        3.0000       1.05937        2.8457        3.0067        2.7485        2.6938         0.091       30.3697     0.1002043     0.0003485     0.0000838     0.0000234     0.0002414     0.0000000     0.0000000     0.0000000     0.0000000     0.0000000 
          48.            0.        2.5000       1.04498        2.8523        3.0102        2.7540        2.6986         0.124       29.6186     0.1019909     0.0009688     0.0006816     0.0000353     0.0002519     0.0000000     0.0000000     0.0000000     0.0000000     0.0000000 
          48.            0.        2.0000       1.03186        2.8640        3.0140        2.7657        2.7101         0.145       28.8391     0.1055060     0.0041063     0.0037706     0.0000552     0.0002805     0.0000000     0.0000000     0.0000000     0.0000000     0.0000000 
          48.            0.        2.0000       1.02341        2.8651        3.0141        2.7672        2.7118         0.148       28.4462     0.1045429     0.0038326     0.0035124     0.0000543     0.0002659     0.0000000     0.0000000     0.0000000     0.0000000     0.0000000 
          49.            0.        2.0000       1.01674        2.8670        3.0144        2.7695        2.7143         0.153       28.3983     0.1037148     0.0036236     0.0033159     0.0000537     0.0002541     0.0000000     0.0000000     0.0000000     0.0000000     0.0000000 
          50.            0.        2.0000       1.01059        2.8688        3.0146        2.7718        2.7169         0.159       28.4280     0.1029429     0.0034382     0.0031416     0.0000531     0.0002435     0.0000000     0.0000000     0.0000000     0.0000000     0.0000000 
          50.            0.        2.0000       1.00481        2.8707        3.0149        2.7740        2.7193         0.165       28.4872     0.1022162     0.0032702     0.0029838     0.0000526     0.0002338     0.0000000     0.0000000     0.0000000     0.0000000     0.0000000 
          50.            0.        2.0000       0.99935        2.8724        3.0152        2.7761        2.7217         0.170       28.5599     0.1015296     0.0031169     0.0028398     0.0000521     0.0002250     0.0000000     0.0000000     0.0000000     0.0000000     0.0000000 
          51.            0.        2.0000       0.99419        2.8741        3.0154        2.7782        2.7239         0.175       28.6434     0.1008805     0.0029766     0.0027081     0.0000516     0.0002169     0.0000000     0.0000000     0.0000000     0.0000000     0.0000000 
          52.            0.        2.0000       0.98936        2.8758        3.0157        2.7802        2.7261         0.180       28.7443     0.1002705     0.0028495     0.0025888     0.0000512     0.0002096     0.0000000     0.0000000     0.0000000     0.0000000     0.0000000 
          52.            0.        2.0000       0.98841        2.8781        3.0160        2.7831        2.7292         0.174       29.5987     0.1000025     0.0028205     0.0025625     0.0000512     0.0002068     0.0000000     0.0000000     0.0000000     0.0000000     0.0000000 
          52.            0.        2.5000       0.99761        2.8695        3.0124        2.7754        2.7223         0.147       31.2516     0.0959882     0.0005825     0.0003706     0.0000327     0.0001792     0.0000000     0.0000000     0.0000000     0.0000000     0.0000000 
          53.            0.        3.0000       1.01318        2.8661        3.0097        2.7737        2.7216         0.114       32.7370     0.0941457     0.0002301     0.0000372     0.0000219     0.0001711     0.0000000     0.0000000     0.0000000     0.0000000     0.0000000 
          54.            0.        4.0000       1.03869        2.8657        3.0069        2.7761        2.7255         0.087       33.6144     0.0925947     0.0001780     0.0000001     0.0000102     0.0001677     0.0000000     0.0000000     0.0000000     0.0000000     0.0000000 
          54.            0.        5.0000       1.05728        2.8701        3.0076        2.7822        2.7325         0.071       33.7020     0.0921646     0.0001748     0.0000000     0.0000049     0.0001699     0.0000000     0.0000000     0.0000000     0.0000000     0.0000000 
          54.            0.        6.0000       1.06891        2.8750        3.0095        2.7880        2.7387         0.063       33.5714     0.0920153     0.0001742     0.0000000     0.0000024     0.0001719     0.0000000     0.0000000     0.0000000     0.0000000     0.0000000 
          55.            0.        7.0000       1.07561        2.8790        3.0113        2.7924        2.7433         0.059       33.4184     0.0919158     0.0001740     0.0000000     0.0000012     0.0001728     0.0000000     0.0000000     0.0000000     0.0000000     0.0000000 
          56.            0.        8.0000       1.07923        2.8821        3.0126        2.7956        2.7466         0.057       33.2963     0.0918193     0.0001734     0.0000000     0.0000006     0.0001728     0.0000000     0.0000000     0.0000000     0.0000000     0.0000000 
          56.            0.        9.0000       1.08105        2.8844        3.0134        2.7979        2.7489         0.056       33.2076     0.0917171     0.0001727     0.0000000     0.0000003     0.0001724     0.0000000     0.0000000     0.0000000     0.0000000     0.0000000 
          56.            0.       10.0000       1.08185        2.8860        3.0139        2.7995        2.7505         0.056       33.1444     0.0916173     0.0001718     0.0000000     0.0000002     0.0001717     0.0000000     0.0000000     0.0000000     0.0000000     0.0000000 
          57.            0.       11.0000       1.08208        2.8873        3.0142        2.8008        2.7518         0.057       33.0988     0.0915180     0.0001710     0.0000000     0.0000001     0.0001709     0.0000000     0.0000000     0.0000000     0.0000000     0.0000000 
          58.            0.       12.0000       1.08200        2.8882        3.0143        2.8017        2.7528         0.057       33.0654     0.0914253     0.0001701     0.0000000     0.0000001     0.0001701     0.0000000     0.0000000     0.0000000     0.0000000     0.0000000 
          58.            0.       13.0000       1.08174        2.8889        3.0144        2.8025        2.7536         0.058       33.0391     0.0913316     0.0001692     0.0000000     0.0000000     0.0001692     0.0000000     0.0000000     0.0000000     0.0000000     0.0000000 
          58.            0.       14.0000       1.08139        2.8895        3.0145        2.8031        2.7543         0.059       33.0186     0.0912469     0.0001684     0.0000000     0.0000000     0.0001684     0.0000000     0.0000000     0.0000000     0.0000000     0.0000000 
          59.            0.       15.0000       1.08098        2.8900        3.0145        2.8037        2.7550         0.060       33.0011     0.0911597     0.0001676     0.0000000     0.0000000     0.0001676     0.0000000     0.0000000     0.0000000     0.0000000     0.0000000 
          60.            0.       16.0000       1.08055        2.8905        3.0146        2.8043        2.7556         0.061       32.9860     0.0910804     0.0001668     0.0000000     0.0000000     0.0001668     0.0000000     0.0000000     0.0000000     0.0000000     0.0000000 
          60.            0.       17.0000       1.08013        2.8909        3.0146        2.8048        2.7562         0.061       32.9750     0.0910031     0.0001661     0.0000000     0.0000000     0.0001661     0.0000000     0.0000000     0.0000000     0.0000000     0.0000000 
          60.            0.       18.0000       1.07968        2.8913        3.0146        2.8053        2.7568         0.062       32.9640     0.0909251     0.0001654     0.0000000     0.0000000     0.0001654     0.0000000     0.0000000     0.0000000     0.0000000     0.0000000 
          61.            0.       19.0000       1.07924        2.8916        3.0147        2.8058        2.7574         0.063       32.9538     0.0908498     0.0001647     0.0000000     0.0000000     0.0001647     0.0000000     0.0000000     0.0000000     0.0000000     0.0000000 
          62.            0.       19.5000       1.07880        2.8920        3.0147        2.8063        2.7579         0.064       32.9453     0.0907755     0.0001640     0.0000000     0.0000000     0.0001640     0.0000000     0.0000000     0.0000000     0.0000000     0.0000000 
          62.            0.       20.0000       1.07837        2.8924        3.0148        2.8068        2.7585         0.065       32.9372     0.0907018     0.0001633     0.0000000     0.0000000     0.0001633     0.0000000     0.0000000     0.0000000     0.0000000     0.0000000 
          62.            0.       20.0000       1.07793        2.8927        3.0148        2.8072        2.7590         0.066       32.9293     0.0906288     0.0001626     0.0000000     0.0000000     0.0001626     0.0000000     0.0000000     0.0000000     0.0000000     0.0000000 
          63.            0.       20.0000       1.07750        2.8931        3.0148        2.8077        2.7596         0.067       32.9217     0.0905562     0.0001620     0.0000000     0.0000000     0.0001620     0.0000000     0.0000000     0.0000000     0.0000000     0.0000000 
          64.            0.       20.0000       1.07706        2.8935        3.0149        2.8082        2.7601         0.069       32.9141     0.0904842     0.0001613     0.0000000     0.0000000     0.0001613     0.0000000     0.0000000     0.0000000     0.0000000     0.0000000 
          64.            0.       20.0000       1.07663        2.8938        3.0149        2.8086        2.7607         0.070       32.9066     0.0904126     0.0001606     0.0000000     0.0000000     0.0001606     0.0000000     0.0000000     0.0000000     0.0000000     0.0000000 
          64.            0.       20.0000       1.07621        2.8942        3.0150        2.8091        2.7612         0.071       32.8991     0.0903415     0.0001600     0.0000000     0.0000000     0.0001600     0.0000000     0.0000000     0.0000000     0.0000000     0.0000000 
          65.            0.       20.0000       1.07578        2.8945        3.0150        2.8096        2.7618         0.072       32.8917     0.0902709     0.0001593     0.0000000     0.0000000     0.0001593     0.0000000     0.0000000     0.0000000     0.0000000     0.0000000 
          66.            0.       20.0000       1.07536        2.8949        3.0151        2.8100        2.7623         0.073       32.8843     0.0902008     0.0001587     0.0000000     0.0000000     0.0001587     0.0000000     0.0000000     0.0000000     0.0000000     0.0000000 
          66.            0.       20.0000       1.07494        2.8952        3.0151        2.8105        2.7628         0.074       32.8770     0.0901311     0.0001581     0.0000000     0.0000000     0.0001581     0.0000000     0.0000000     0.0000000     0.0000000     0.0000000 
          66.            0.       20.0000       1.07452        2.8955        3.0151        2.8109        2.7633         0.075       32.8698     0.0900618     0.0001575     0.0000000     0.0000000     0.0001574     0.0000000     0.0000000     0.0000000     0.0000000     0.0000000 
          67.            0.       20.0000       1.07410        2.8959        3.0152        2.8114        2.7639         0.077       32.8626     0.0899930     0.0001568     0.0000000     0.0000000     0.0001568     0.0000000     0.0000000     0.0000000     0.0000000     0.0000000 
          68.            0.       20.0000       1.07369        2.8962        3.0152        2.8118        2.7644         0.078       32.8555     0.0899247     0.0001562     0.0000000     0.0000000     0.0001562     0.0000000     0.0000000     0.0000000     0.0000000     0.0000000 
          68.            0.       20.0000       1.07328        2.8966        3.0153        2.8122        2.7649         0.079       32.8485     0.0898568     0.0001556     0.0000000     0.0000000     0.0001556     0.0000000     0.0000000     0.0000000     0.0000000     0.0000000 
          68.            0.       20.0000       1.07286        2.8969        3.0153        2.8127        2.7654         0.080       32.8415     0.0897894     0.0001550     0.0000000     0.0000000     0.0001550     0.0000000     0.0000000     0.0000000     0.0000000     0.0000000 
          69.            0.       20.0000       1.07246        2.8972        3.0153        2.8131        2.7659         0.082       32.8345     0.0897223     0.0001544     0.0000000     0.0000000     0.0001544     0.0000000     0.0000000     0.0000000     0.0000000     0.0000000 
          70.            0.       20.0000       1.07205        2.8975        3.0154        2.8135        2.7664         0.083       32.8277     0.0896557     0.0001538     0.0000000     0.0000000     0.0001538     0.0000000     0.0000000     0.0000000     0.0000000     0.0000000 
          70.            0.       20.0000       1.07164        2.8979        3.0154        2.8140        2.7669         0.084       32.8209     0.0895896     0.0001532     0.0000000     0.0000000     0.0001532     0.0000000     0.0000000     0.0000000     0.0000000     0.0000000 
          70.            0.       20.0000       1.07124        2.8982        3.0155        2.8144        2.7674         0.086       32.8141     0.0895238     0.0001527     0.0000000     0.0000000     0.0001527     0.0000000     0.0000000     0.0000000     0.0000000     0.0000000 
          71.            0.       20.0000       1.07084        2.8985        3.0155        2.8148        2.7679         0.087       32.8074     0.0894584     0.0001521     0.0000000     0.0000000     0.0001521     0.0000000     0.0000000     0.0000000     0.0000000     0.0000000 
          72.            0.       20.0000       1.07044        2.8988        3.0155        2.8152        2.7684         0.088       32.8009     0.0893935     0.0001515     0.0000000     0.0000000     0.0001515     0.0000000     0.0000000     0.0000000     0.0000000     0.0000000 
          72.            0.       20.0000       1.07004        2.8992        3.0156        2.8157        2.7689         0.090       32.7943     0.0893290     0.0001510     0.0000000     0.0000000     0.0001510     0.0000000     0.0000000     0.0000000     0.0000000     0.0000000 
          72.            0.       20.0000       1.06965        2.8995        3.0156        2.8161        2.7693         0.091       32.7879     0.0892649     0.0001504     0.0000000     0.0000000     0.0001504     0.0000000     0.0000000     0.0000000     0.0000000     0.0000000 
          73.            0.       20.0000       1.06926        2.8998        3.0156        2.8165        2.7698         0.093       32.7815     0.0892011     0.0001498     0.0000000     0.0000000     0.0001498     0.0000000     0.0000000     0.0000000     0.0000000     0.0000000 
          74.            0.       20.0000       1.06886        2.9001        3.0157        2.8169        2.7703         0.094       32.7751     0.0891378     0.0001493     0.0000000     0.0000000     0.0001493     0.0000000     0.0000000     0.0000000     0.0000000     0.0000000 
          74.            0.       20.0000       1.06847        2.9004        3.0157        2.8173        2.7708         0.096       32.7689     0.0890748     0.0001488     0.0000000     0.0000000     0.0001488     0.0000000     0.0000000     0.0000000     0.0000000     0.0000000 
          74.            0.       20.0000       1.06809        2.9007        3.0158        2.8177        2.7712         0.097       32.7626     0.0890123     0.0001482     0.0000000     0.0000000     0.0001482     0.0000000     0.0000000     0.0000000     0.0000000     0.0000000 
          75.            0.       20.0000       1.06770        2.9010        3.0158        2.8181        2.7717         0.099       32.7565     0.0889501     0.0001477     0.0000000     0.0000000     0.0001477     0.0000000     0.0000000     0.0000000     0.0000000     0.0000000 
          76.            0.       20.0000       1.06732        2.9014        3.0158        2.8185        2.7722         0.100       32.7505     0.0888882     0.0001472     0.0000000     0.0000000     0.0001472     0.0000000     0.0000000     0.0000000     0.0000000     0.0000000 
          76.            0.       20.0000       1.06694        2.9017        3.0159        2.8189        2.7726         0.102       32.7444     0.0888268     0.0001466     0.0000000     0.0000000     0.0001466     0.0000000     0.0000000     0.0000000     0.0000000     0.0000000 
          76.            0.       20.0000       1.06656        2.9020        3.0159        2.8193        2.7731         0.104       32.7385     0.0887657     0.0001461     0.0000000     0.0000000     0.0001461     0.0000000     0.0000000     0.0000000     0.0000000     0.0000000 
          77.            0.       20.0000       1.06618        2.9023        3.0159        2.8197        2.7736         0.105       32.7327     0.0887051     0.0001456     0.0000000     0.0000000     0.0001456     0.0000000     0.0000000     0.0000000     0.0000000     0.0000000 
          78.            0.       20.0000       1.06580        2.9026        3.0160        2.8201        2.7740         0.107       32.7269     0.0886447     0.0001451     0.0000000     0.0000000     0.0001451     0.0000000     0.0000000     0.0000000     0.0000000     0.0000000 
          78.            0.       20.0000       1.06543        2.9029        3.0160        2.8205        2.7745         0.109       32.7211     0.0885848     0.0001446     0.0000000     0.0000000     0.0001446     0.0000000     0.0000000     0.0000000     0.0000000     0.0000000 
          78.            0.       20.0000       1.06505        2.9032        3.0161        2.8209        2.7749         0.110       32.7155     0.0885251     0.0001441     0.0000000     0.0000000     0.0001441     0.0000000     0.0000000     0.0000000     0.0000000     0.0000000 
          79.            0.       20.0000       1.06468        2.9035        3.0161        2.8213        2.7754         0.112       32.7099     0.0884658     0.0001436     0.0000000     0.0000000     0.0001436     0.0000000     0.0000000     0.0000000     0.0000000     0.0000000 
          80.            0.       20.0000       1.06431        2.9037        3.0161        2.8216        2.7758         0.114       32.7044     0.0884069     0.0001431     0.0000000     0.0000000     0.0001431     0.0000000     0.0000000     0.0000000     0.0000000     0.0000000 
          80.            0.       20.0000       1.06394        2.9040        3.0162        2.8220        2.7762         0.116       32.6989     0.0883483     0.0001426     0.0000000     0.0000000     0.0001426     0.0000000     0.0000000     0.0000000     0.0000000     0.0000000 
          80.            0.       20.0000       1.06358        2.9043        3.0162        2.8224        2.7767         0.118       32.6935     0.0882900     0.0001421     0.0000000     0.0000000     0.0001421     0.0000000     0.0000000     0.0000000     0.0000000     0.0000000 
          81.            0.       20.0000       1.06321        2.9046        3.0162        2.8228        2.7771         0.119       32.6882     0.0882322     0.0001416     0.0000000     0.0000000     0.0001416     0.0000000     0.0000000     0.0000000     0.0000000     0.0000000 
          82.            0.       20.0000       1.06285        2.9049        3.0163        2.8231        2.7775         0.121       32.6830     0.0881746     0.0001412     0.0000000     0.0000000     0.0001412     0.0000000     0.0000000     0.0000000     0.0000000     0.0000000 
          82.            0.       20.0000       1.06249        2.9052        3.0163        2.8235        2.7780         0.123       32.6778     0.0881173     0.0001407     0.0000000     0.0000000     0.0001407     0.0000000     0.0000000     0.0000000     0.0000000     0.0000000 
          82.            0.       20.0000       1.06213        2.9055        3.0163        2.8239        2.7784         0.125       32.6726     0.0880604     0.0001402     0.0000000     0.0000000     0.0001402     0.0000000     0.0000000     0.0000000     0.0000000     0.0000000 
          83.            0.       20.0000       1.06177        2.9058        3.0164        2.8243        2.7788         0.127       32.6675     0.0880038     0.0001397     0.0000000     0.0000000     0.0001397     0.0000000     0.0000000     0.0000000     0.0000000     0.0000000 
          84.            0.       20.0000       1.06142        2.9060        3.0164        2.8246        2.7792         0.129       32.6625     0.0879475     0.0001393     0.0000000     0.0000000     0.0001393     0.0000000     0.0000000     0.0000000     0.0000000     0.0000000 
          84.            0.       20.0000       1.06106        2.9063        3.0164        2.8250        2.7797         0.131       32.6576     0.0878915     0.0001388     0.0000000     0.0000000     0.0001388     0.0000000     0.0000000     0.0000000     0.0000000     0.0000000 
          84.            0.       20.0000       1.06071        2.9066        3.0165        2.8253        2.7801         0.133       32.6527     0.0878358     0.0001384     0.0000000     0.0000000     0.0001384     0.0000000     0.0000000     0.0000000     0.0000000     0.0000000 
          85.            0.       20.0000       1.06036        2.9069        3.0165        2.8257        2.7805         0.135       32.6479     0.0877804     0.0001379     0.0000000     0.0000000     0.0001379     0.0000000     0.0000000     0.0000000     0.0000000     0.0000000 
          86.            0.       20.0000       1.06001        2.9072        3.0166        2.8261        2.7809         0.137       32.6431     0.0877254     0.0001375     0.0000000     0.0000000     0.0001375     0.0000000     0.0000000     0.0000000     0.0000000     0.0000000 
          86.            0.       20.0000       1.05966        2.9074        3.0166        2.8264        2.7813         0.139       32.6384     0.0876707     0.0001370     0.0000000     0.0000000     0.0001370     0.0000000     0.0000000     0.0000000     0.0000000     0.0000000 
          86.            0.       20.0000       1.05931        2.9077        3.0166        2.8268        2.7817         0.141       32.6337     0.0876162     0.0001366     0.0000000     0.0000000     0.0001366     0.0000000     0.0000000     0.0000000     0.0000000     0.0000000 
          87.            0.       20.0000       1.05897        2.9080        3.0167        2.8271        2.7821         0.143       32.6291     0.0875620     0.0001362     0.0000000     0.0000000     0.0001362     0.0000000     0.0000000     0.0000000     0.0000000     0.0000000 
          88.            0.       20.0000       1.05862        2.9082        3.0167        2.8275        2.7825         0.145       32.6246     0.0875081     0.0001357     0.0000000     0.0000000     0.0001357     0.0000000     0.0000000     0.0000000     0.0000000     0.0000000 
          88.            0.       20.0000       1.05828        2.9085        3.0167        2.8278        2.7830         0.147       32.6201     0.0874545     0.0001353     0.0000000     0.0000000     0.0001353     0.0000000     0.0000000     0.0000000     0.0000000     0.0000000 
          88.            0.       20.0000       1.05794        2.9088        3.0168        2.8282        2.7834         0.149       32.6157     0.0874012     0.0001349     0.0000000     0.0000000     0.0001349     0.0000000     0.0000000     0.0000000     0.0000000     0.0000000 
          89.            0.       20.0000       1.05760        2.9091        3.0168        2.8285        2.7837         0.151       32.6113     0.0873482     0.0001344     0.0000000     0.0000000     0.0001344     0.0000000     0.0000000     0.0000000     0.0000000     0.0000000 
          90.            0.       20.0000       1.05726        2.9093        3.0168        2.8289        2.7841         0.154       32.6069     0.0872954     0.0001340     0.0000000     0.0000000     0.0001340     0.0000000     0.0000000     0.0000000     0.0000000     0.0000000 
          90.            0.       20.0000       1.05692        2.9096        3.0169        2.8292        2.7845         0.156       32.6026     0.0872429     0.0001336     0.0000000     0.0000000     0.0001336     0.0000000     0.0000000     0.0000000     0.0000000     0.0000000 
          90.            0.       20.0000       1.05659        2.9098        3.0169        2.8295        2.7849         0.158       32.5984     0.0871907     0.0001332     0.0000000     0.0000000     0.0001332     0.0000000     0.0000000     0.0000000     0.0000000     0.0000000 
          91.            0.       20.0000       1.05625        2.9101        3.0169        2.8299        2.7853         0.160       32.5942     0.0871388     0.0001328     0.0000000     0.0000000     0.0001328     0.0000000     0.0000000     0.0000000     0.0000000     0.0000000 
          92.            0.       20.0000       1.05592        2.9104        3.0170        2.8302        2.7857         0.162       32.5901     0.0870871     0.0001324     0.0000000     0.0000000     0.0001324     0.0000000     0.0000000     0.0000000     0.0000000     0.0000000 
          92.            0.       20.0000       1.05559        2.9106        3.0170        2.8306        2.7861         0.165       32.5860     0.0870356     0.0001320     0.0000000     0.0000000     0.0001320     0.0000000     0.0000000     0.0000000     0.0000000     0.0000000 
          92.            0.       20.0000       1.05526        2.9109        3.0170        2.8309        2.7865         0.167       32.5819     0.0869845     0.0001316     0.0000000     0.0000000     0.0001316     0.0000000     0.0000000     0.0000000     0.0000000     0.0000000 
          93.            0.       20.0000       1.05493        2.9111        3.0171        2.8312        2.7869         0.169       32.5779     0.0869336     0.0001312     0.0000000     0.0000000     0.0001312     0.0000000     0.0000000     0.0000000     0.0000000     0.0000000 
          94.            0.       20.0000       1.05460        2.9114        3.0171        2.8316        2.7872         0.171       32.5739     0.0868830     0.0001308     0.0000000     0.0000000     0.0001308     0.0000000     0.0000000     0.0000000     0.0000000     0.0000000 
          94.            0.       20.0000       1.05428        2.9117        3.0171        2.8319        2.7876         0.174       32.5700     0.0868326     0.0001304     0.0000000     0.0000000     0.0001304     0.0000000     0.0000000     0.0000000     0.0000000     0.0000000 
          94.            0.       20.0000       1.05395        2.9119        3.0172        2.8322        2.7880         0.176       32.5661     0.0867824     0.0001300     0.0000000     0.0000000     0.0001300     0.0000000     0.0000000     0.0000000     0.0000000     0.0000000 
          95.            0.       20.0000       1.05363        2.9122        3.0172        2.8325        2.7884         0.178       32.5623     0.0867325     0.0001296     0.0000000     0.0000000     0.0001296     0.0000000     0.0000000     0.0000000     0.0000000     0.0000000 
          96.            0.       20.0000       1.05331        2.9124        3.0172        2.8329        2.7887         0.181       32.5584     0.0866829     0.0001292     0.0000000     0.0000000     0.0001292     0.0000000     0.0000000     0.0000000     0.0000000     0.0000000 
          96.            0.       20.0000       1.05299        2.9127        3.0173        2.8332        2.7891         0.183       32.5547     0.0866334     0.0001288     0.0000000     0.0000000     0.0001288     0.0000000     0.0000000     0.0000000     0.0000000     0.0000000 
          96.            0.       20.0000       1.05267        2.9129        3.0173        2.8335        2.7895         0.185       32.5509     0.0865842     0.0001284     0.0000000     0.0000000     0.0001284     0.0000000     0.0000000     0.0000000     0.0000000     0.0000000 
          97.            0.       20.0000       1.05235        2.9132        3.0173        2.8338        2.7898         0.188       32.5472     0.0865353     0.0001281     0.0000000     0.0000000     0.0001281     0.0000000     0.0000000     0.0000000     0.0000000     0.0000000 
          98.            0.       20.0000       1.05203        2.9134        3.0174        2.8341        2.7902         0.190       32.5435     0.0864866     0.0001277     0.0000000     0.0000000     0.0001277     0.0000000     0.0000000     0.0000000     0.0000000     0.0000000 
          98.            0.       20.0000       1.05172        2.9137        3.0174        2.8345        2.7906         0.193       32.5399     0.0864381     0.0001273     0.0000000     0.0000000     0.0001273     0.0000000     0.0000000     0.0000000     0.0000000     0.0000000 
          98.            0.       20.0000       1.05140        2.9139        3.0174        2.8348        2.7909         0.195       32.5363     0.0863899     0.0001269     0.0000000     0.0000000     0.0001269     0.0000000     0.0000000     0.0000000     0.0000000     0.0000000 
          99.            0.       20.0000       1.05109        2.9142        3.0175        2.8351        2.7913         0.197       32.5327     0.0863419     0.0001266     0.0000000     0.0000000     0.0001266     0.0000000     0.0000000     0.0000000     0.0000000     0.0000000 
         100.            0.       20.0000       1.05077        2.9144        3.0175        2.8354        2.7916         0.200       32.5291     0.0862940     0.0001262     0.0000000     0.0000000     0.0001262     0.0000000     0.0000000     0.0000000     0.0000000     0.0000000 
         100.            0.       20.0000       1.05046        2.9146        3.0175        2.8357        2.7920         0.202       32.5256     0.0862466     0.0001259     0.0000000     0.0000000     0.0001259     0.0000000     0.0000000     0.0000000     0.0000000     0.0000000 
