%
%
% Run:2017  Table:COMPGRID          SWAN version:41.10A
%
%       Xp            Yp            Depth         Hsig          Tm_10         TPsmoo        Tm01          Tm02          Dir           Dspr          Steepn        Dissip        Ssurf         Sfric         Swcap         Redist        Snl3          Snl4          Genera        Swind    
%       [m]           [m]           [m]           [m]           [sec]         [sec]         [sec]         [sec]         [degr]        [degr]        [ ]           [m2/s]        [m2/s]        [m2/s]        [m2/s]        [m2/s]        [m2/s]        [m2/s]        [m2/s]        [m2/s]   
%
           0.            0.       19.0000       2.00798        3.6024        4.0066        3.2853        2.9384         0.001       31.5759     0.1489342     0.0000002     0.0000000     0.0000000     0.0000002     0.0000000     0.0000000     0.0000000     0.0000000     0.0000000 
           0.            0.       19.0000       2.00522        3.6071        4.0067        3.2962        2.9574         0.001       31.5589     0.1468278     0.0013647     0.0000000     0.0000002     0.0013645     0.0000000     0.0000000     0.0000000     0.0000000     0.0000000 
           1.            0.       19.0000       2.00253        3.6117        4.0067        3.3067        2.9759         0.001       31.5430     0.1448082     0.0013317     0.0000000     0.0000002     0.0013315     0.0000000     0.0000000     0.0000000     0.0000000     0.0000000 
           2.            0.       19.0000       1.99994        3.6160        4.0068        3.3167        2.9938         0.001       31.5284     0.1428984     0.0013007     0.0000000     0.0000002     0.0013005     0.0000000     0.0000000     0.0000000     0.0000000     0.0000000 
           2.            0.       19.0000       1.99745        3.6202        4.0068        3.3263        3.0109         0.001       31.5151     0.1410980     0.0012715     0.0000000     0.0000002     0.0012713     0.0000000     0.0000000     0.0000000     0.0000000     0.0000000 
           2.            0.       19.0000       1.99505        3.6242        4.0069        3.3355        3.0274         0.001       31.5029     0.1394004     0.0012440     0.0000000     0.0000002     0.0012439     0.0000000     0.0000000     0.0000000     0.0000000     0.0000000 
           3.            0.       19.0000       1.99273        3.6280        4.0069        3.3442        3.0432         0.001       31.4916     0.1377977     0.0012181     0.0000000     0.0000002     0.0012180     0.0000000     0.0000000     0.0000000     0.0000000     0.0000000 
           4.            0.       19.0000       1.99050        3.6317        4.0070        3.3526        3.0583         0.001       31.4812     0.1362823     0.0011937     0.0000000     0.0000002     0.0011935     0.0000000     0.0000000     0.0000000     0.0000000     0.0000000 
           4.            0.       19.0000       1.98834        3.6352        4.0070        3.3605        3.0729         0.001       31.4714     0.1348473     0.0011705     0.0000000     0.0000002     0.0011703     0.0000000     0.0000000     0.0000000     0.0000000     0.0000000 
           4.            0.       19.0000       1.98626        3.6385        4.0071        3.3682        3.0869         0.001       31.4623     0.1334864     0.0011485     0.0000000     0.0000002     0.0011483     0.0000000     0.0000000     0.0000000     0.0000000     0.0000000 
           5.            0.       19.0000       1.98423        3.6418        4.0071        3.3755        3.1004         0.001       31.4538     0.1321941     0.0011276     0.0000000     0.0000002     0.0011274     0.0000000     0.0000000     0.0000000     0.0000000     0.0000000 
           6.            0.       19.0000       1.98227        3.6449        4.0072        3.3825        3.1133         0.001       31.4457     0.1309655     0.0011077     0.0000000     0.0000002     0.0011075     0.0000000     0.0000000     0.0000000     0.0000000     0.0000000 
           6.            0.       19.0000       1.98037        3.6479        4.0072        3.3893        3.1258         0.001       31.4381     0.1297961     0.0010887     0.0000000     0.0000002     0.0010885     0.0000000     0.0000000     0.0000000     0.0000000     0.0000000 
           6.            0.       19.0000       1.97852        3.6508        4.0073        3.3957        3.1379         0.001       31.4308     0.1286817     0.0010706     0.0000000     0.0000002     0.0010704     0.0000000     0.0000000     0.0000000     0.0000000     0.0000000 
           7.            0.       19.0000       1.97672        3.6536        4.0073        3.4020        3.1495         0.001       31.4239     0.1276188     0.0010533     0.0000000     0.0000002     0.0010531     0.0000000     0.0000000     0.0000000     0.0000000     0.0000000 
           8.            0.       19.0000       1.97496        3.6563        4.0073        3.4080        3.1607         0.001       31.4173     0.1266041     0.0010368     0.0000000     0.0000002     0.0010366     0.0000000     0.0000000     0.0000000     0.0000000     0.0000000 
           8.            0.       19.0000       1.97326        3.6589        4.0074        3.4138        3.1715         0.001       31.4110     0.1256344     0.0010209     0.0000000     0.0000002     0.0010207     0.0000000     0.0000000     0.0000000     0.0000000     0.0000000 
           8.            0.       19.0000       1.97159        3.6614        4.0074        3.4194        3.1819         0.001       31.4050     0.1247069     0.0010057     0.0000000     0.0000002     0.0010055     0.0000000     0.0000000     0.0000000     0.0000000     0.0000000 
           9.            0.       19.0000       1.96997        3.6639        4.0075        3.4248        3.1920         0.001       31.3992     0.1238191     0.0009911     0.0000000     0.0000002     0.0009909     0.0000000     0.0000000     0.0000000     0.0000000     0.0000000 
          10.            0.       19.0000       1.96838        3.6662        4.0075        3.4299        3.2017         0.001       31.3936     0.1229684     0.0009771     0.0000000     0.0000002     0.0009769     0.0000000     0.0000000     0.0000000     0.0000000     0.0000000 
          10.            0.       19.0000       1.96683        3.6685        4.0076        3.4350        3.2111         0.001       31.3882     0.1221530     0.0009636     0.0000000     0.0000002     0.0009634     0.0000000     0.0000000     0.0000000     0.0000000     0.0000000 
          10.            0.       19.0000       1.96531        3.6708        4.0076        3.4398        3.2202         0.001       31.3830     0.1213705     0.0009506     0.0000000     0.0000002     0.0009504     0.0000000     0.0000000     0.0000000     0.0000000     0.0000000 
          11.            0.       19.0000       1.96383        3.6729        4.0077        3.4445        3.2290         0.001       31.3780     0.1206192     0.0009381     0.0000000     0.0000002     0.0009379     0.0000000     0.0000000     0.0000000     0.0000000     0.0000000 
          12.            0.       19.0000       1.96238        3.6751        4.0077        3.4491        3.2375         0.001       31.3731     0.1198974     0.0009260     0.0000000     0.0000002     0.0009259     0.0000000     0.0000000     0.0000000     0.0000000     0.0000000 
          12.            0.       19.0000       1.96096        3.6771        4.0077        3.4535        3.2457         0.001       31.3684     0.1192033     0.0009144     0.0000000     0.0000002     0.0009142     0.0000000     0.0000000     0.0000000     0.0000000     0.0000000 
          12.            0.       19.0000       1.95956        3.6791        4.0078        3.4577        3.2537         0.001       31.3638     0.1185356     0.0009032     0.0000000     0.0000002     0.0009030     0.0000000     0.0000000     0.0000000     0.0000000     0.0000000 
          13.            0.       19.0000       1.95820        3.6810        4.0078        3.4619        3.2614         0.001       31.3594     0.1178927     0.0008923     0.0000000     0.0000002     0.0008921     0.0000000     0.0000000     0.0000000     0.0000000     0.0000000 
          14.            0.       19.0000       1.95686        3.6829        4.0079        3.4659        3.2689         0.001       31.3550     0.1172734     0.0008818     0.0000000     0.0000002     0.0008816     0.0000000     0.0000000     0.0000000     0.0000000     0.0000000 
          14.            0.       19.0000       1.95554        3.6848        4.0079        3.4698        3.2761         0.001       31.3507     0.1166766     0.0008716     0.0000000     0.0000002     0.0008714     0.0000000     0.0000000     0.0000000     0.0000000     0.0000000 
          14.            0.       19.0000       1.95425        3.6866        4.0080        3.4735        3.2832         0.001       31.3466     0.1161010     0.0008617     0.0000000     0.0000002     0.0008616     0.0000000     0.0000000     0.0000000     0.0000000     0.0000000 
          15.            0.       19.0000       1.95298        3.6884        4.0080        3.4772        3.2900         0.001       31.3425     0.1155455     0.0008522     0.0000000     0.0000002     0.0008520     0.0000000     0.0000000     0.0000000     0.0000000     0.0000000 
          16.            0.       19.0000       1.95174        3.6901        4.0080        3.4808        3.2966         0.001       31.3386     0.1150092     0.0008429     0.0000000     0.0000002     0.0008428     0.0000000     0.0000000     0.0000000     0.0000000     0.0000000 
          16.            0.       19.0000       1.95051        3.6918        4.0081        3.4842        3.3030         0.001       31.3347     0.1144912     0.0008339     0.0000000     0.0000002     0.0008338     0.0000000     0.0000000     0.0000000     0.0000000     0.0000000 
          16.            0.       19.0000       1.94931        3.6934        4.0081        3.4876        3.3092         0.001       31.3308     0.1139904     0.0008252     0.0000000     0.0000002     0.0008250     0.0000000     0.0000000     0.0000000     0.0000000     0.0000000 
          17.            0.       19.0000       1.94812        3.6950        4.0082        3.4909        3.3153         0.001       31.3271     0.1135063     0.0008168     0.0000000     0.0000002     0.0008166     0.0000000     0.0000000     0.0000000     0.0000000     0.0000000 
          18.            0.       19.0000       1.94696        3.6966        4.0082        3.4940        3.3212         0.001       31.3234     0.1130378     0.0008085     0.0000000     0.0000002     0.0008083     0.0000000     0.0000000     0.0000000     0.0000000     0.0000000 
          18.            0.       19.0000       1.94581        3.6981        4.0083        3.4972        3.3269         0.001       31.3198     0.1125844     0.0008005     0.0000000     0.0000002     0.0008003     0.0000000     0.0000000     0.0000000     0.0000000     0.0000000 
          18.            0.       19.0000       1.94468        3.6996        4.0083        3.5002        3.3324         0.001       31.3163     0.1121454     0.0007927     0.0000000     0.0000002     0.0007925     0.0000000     0.0000000     0.0000000     0.0000000     0.0000000 
          19.            0.       19.0000       1.94356        3.7011        4.0083        3.5031        3.3378         0.001       31.3128     0.1117199     0.0007851     0.0000000     0.0000002     0.0007850     0.0000000     0.0000000     0.0000000     0.0000000     0.0000000 
          20.            0.       19.0000       1.94246        3.7025        4.0084        3.5060        3.3430         0.001       31.3093     0.1113076     0.0007778     0.0000000     0.0000002     0.0007776     0.0000000     0.0000000     0.0000000     0.0000000     0.0000000 
          20.            0.       19.0000       1.94138        3.7039        4.0084        3.5088        3.3481         0.001       31.3059     0.1109077     0.0007706     0.0000000     0.0000002     0.0007704     0.0000000     0.0000000     0.0000000     0.0000000     0.0000000 
          20.            0.       19.0000       1.94031        3.7053        4.0085        3.5115        3.3530         0.001       31.3026     0.1105197     0.0007636     0.0000000     0.0000002     0.0007634     0.0000000     0.0000000     0.0000000     0.0000000     0.0000000 
          21.            0.       19.0000       1.93926        3.7066        4.0085        3.5142        3.3579         0.001       31.2993     0.1101432     0.0007567     0.0000000     0.0000002     0.0007565     0.0000000     0.0000000     0.0000000     0.0000000     0.0000000 
          22.            0.       19.0000       1.93822        3.7080        4.0085        3.5168        3.3626         0.001       31.2960     0.1097775     0.0007501     0.0000000     0.0000002     0.0007499     0.0000000     0.0000000     0.0000000     0.0000000     0.0000000 
          22.            0.       19.0000       1.93720        3.7093        4.0086        3.5193        3.3671         0.001       31.2928     0.1094224     0.0007435     0.0000000     0.0000002     0.0007434     0.0000000     0.0000000     0.0000000     0.0000000     0.0000000 
          22.            0.       19.0000       1.93619        3.7106        4.0086        3.5218        3.3716         0.001       31.2897     0.1090772     0.0007372     0.0000000     0.0000002     0.0007370     0.0000000     0.0000000     0.0000000     0.0000000     0.0000000 
          23.            0.       19.0000       1.93519        3.7118        4.0087        3.5243        3.3759         0.001       31.2865     0.1087417     0.0007310     0.0000000     0.0000002     0.0007308     0.0000000     0.0000000     0.0000000     0.0000000     0.0000000 
          24.            0.       19.0000       1.93420        3.7131        4.0087        3.5266        3.3801         0.001       31.2834     0.1084153     0.0007249     0.0000000     0.0000002     0.0007248     0.0000000     0.0000000     0.0000000     0.0000000     0.0000000 
          24.            0.       19.0000       1.93323        3.7143        4.0087        3.5290        3.3842         0.001       31.2804     0.1080978     0.0007190     0.0000000     0.0000002     0.0007188     0.0000000     0.0000000     0.0000000     0.0000000     0.0000000 
          24.            0.       19.0000       1.93227        3.7155        4.0088        3.5312        3.3882         0.001       31.2774     0.1077887     0.0007132     0.0000000     0.0000002     0.0007131     0.0000000     0.0000000     0.0000000     0.0000000     0.0000000 
          25.            0.       19.0000       1.93132        3.7166        4.0088        3.5334        3.3921         0.001       31.2743     0.1074878     0.0007076     0.0000000     0.0000002     0.0007074     0.0000000     0.0000000     0.0000000     0.0000000     0.0000000 
          26.            0.       19.0000       1.93038        3.7178        4.0088        3.5356        3.3959         0.001       31.2714     0.1071947     0.0007020     0.0000000     0.0000002     0.0007019     0.0000000     0.0000000     0.0000000     0.0000000     0.0000000 
          26.            0.       19.0000       1.92945        3.7189        4.0089        3.5378        3.3997         0.001       31.2685     0.1069091     0.0006966     0.0000000     0.0000002     0.0006964     0.0000000     0.0000000     0.0000000     0.0000000     0.0000000 
          26.            0.       19.0000       1.92853        3.7200        4.0089        3.5398        3.4033         0.001       31.2655     0.1066307     0.0006913     0.0000000     0.0000002     0.0006911     0.0000000     0.0000000     0.0000000     0.0000000     0.0000000 
          27.            0.       19.0000       1.92762        3.7211        4.0090        3.5419        3.4068         0.001       31.2627     0.1063592     0.0006861     0.0000000     0.0000002     0.0006859     0.0000000     0.0000000     0.0000000     0.0000000     0.0000000 
          28.            0.       19.0000       1.92672        3.7222        4.0090        3.5439        3.4103         0.001       31.2598     0.1060944     0.0006810     0.0000000     0.0000002     0.0006809     0.0000000     0.0000000     0.0000000     0.0000000     0.0000000 
          28.            0.       19.0000       1.92583        3.7233        4.0090        3.5459        3.4136         0.001       31.2570     0.1058360     0.0006761     0.0000000     0.0000002     0.0006759     0.0000000     0.0000000     0.0000000     0.0000000     0.0000000 
          28.            0.       19.0000       1.92495        3.7243        4.0091        3.5478        3.4169         0.000       31.2542     0.1055837     0.0006712     0.0000000     0.0000002     0.0006710     0.0000000     0.0000000     0.0000000     0.0000000     0.0000000 
          29.            0.       19.0000       1.92408        3.7254        4.0091        3.5497        3.4202         0.000       31.2514     0.1053375     0.0006664     0.0000000     0.0000002     0.0006662     0.0000000     0.0000000     0.0000000     0.0000000     0.0000000 
          30.            0.       19.0000       1.92322        3.7264        4.0092        3.5515        3.4233         0.000       31.2487     0.1050970     0.0006617     0.0000000     0.0000002     0.0006615     0.0000000     0.0000000     0.0000000     0.0000000     0.0000000 
          30.            0.       19.0000       1.92236        3.7274        4.0092        3.5533        3.4264         0.000       31.2460     0.1048619     0.0006571     0.0000000     0.0000002     0.0006569     0.0000000     0.0000000     0.0000000     0.0000000     0.0000000 
          30.            0.       19.0000       1.92152        3.7284        4.0092        3.5551        3.4294         0.000       31.2432     0.1046322     0.0006526     0.0000000     0.0000002     0.0006524     0.0000000     0.0000000     0.0000000     0.0000000     0.0000000 
          31.            0.       19.0000       1.92068        3.7293        4.0093        3.5569        3.4323         0.000       31.2405     0.1044075     0.0006481     0.0000000     0.0000002     0.0006480     0.0000000     0.0000000     0.0000000     0.0000000     0.0000000 
          32.            0.       19.0000       1.91985        3.7303        4.0093        3.5586        3.4352         0.000       31.2379     0.1041879     0.0006438     0.0000000     0.0000002     0.0006436     0.0000000     0.0000000     0.0000000     0.0000000     0.0000000 
          32.            0.       19.0000       1.91903        3.7312        4.0093        3.5603        3.4380         0.000       31.2353     0.1039730     0.0006395     0.0000000     0.0000002     0.0006393     0.0000000     0.0000000     0.0000000     0.0000000     0.0000000 
          32.            0.       19.0000       1.91822        3.7322        4.0094        3.5619        3.4408         0.000       31.2326     0.1037628     0.0006353     0.0000000     0.0000002     0.0006352     0.0000000     0.0000000     0.0000000     0.0000000     0.0000000 
          33.            0.       19.0000       1.91741        3.7331        4.0094        3.5636        3.4435         0.000       31.2300     0.1035570     0.0006312     0.0000000     0.0000002     0.0006310     0.0000000     0.0000000     0.0000000     0.0000000     0.0000000 
          34.            0.       19.0000       1.91661        3.7340        4.0094        3.5652        3.4461         0.000       31.2274     0.1033554     0.0006272     0.0000000     0.0000002     0.0006270     0.0000000     0.0000000     0.0000000     0.0000000     0.0000000 
          34.            0.       19.0000       1.91582        3.7349        4.0095        3.5668        3.4487         0.000       31.2249     0.1031580     0.0006232     0.0000000     0.0000002     0.0006230     0.0000000     0.0000000     0.0000000     0.0000000     0.0000000 
          34.            0.       19.0000       1.91503        3.7358        4.0095        3.5683        3.4512         0.000       31.2224     0.1029646     0.0006193     0.0000000     0.0000002     0.0006191     0.0000000     0.0000000     0.0000000     0.0000000     0.0000000 
          35.            0.       19.0000       1.91425        3.7367        4.0096        3.5698        3.4537         0.000       31.2198     0.1027751     0.0006154     0.0000000     0.0000002     0.0006153     0.0000000     0.0000000     0.0000000     0.0000000     0.0000000 
          36.            0.       19.0000       1.91348        3.7375        4.0096        3.5713        3.4561         0.000       31.2173     0.1025893     0.0006117     0.0000000     0.0000002     0.0006115     0.0000000     0.0000000     0.0000000     0.0000000     0.0000000 
          36.            0.       19.0000       1.91264        3.7383        4.0096        3.5728        3.4585         0.000       31.2076     0.1024063     0.0006079     0.0000000     0.0000002     0.0006077     0.0000000     0.0000000     0.0000000     0.0000000     0.0000000 
          36.            0.       18.0000       1.91079        3.7380        4.0094        3.5733        3.4599         0.000       31.1864     0.1022396     0.0006042     0.0000000     0.0000002     0.0006040     0.0000000     0.0000000     0.0000000     0.0000000     0.0000000 
          37.            0.       17.0000       1.90852        3.7375        4.0090        3.5735        3.4611         0.000       31.1572     0.1020745     0.0006004     0.0000000     0.0000003     0.0006001     0.0000000     0.0000000     0.0000000     0.0000000     0.0000000 
          38.            0.       16.0000       1.90571        3.7365        4.0084        3.5733        3.4618         0.000       31.1193     0.1019126     0.0005964     0.0000000     0.0000005     0.0005959     0.0000000     0.0000000     0.0000000     0.0000000     0.0000000 
          38.            0.       15.0000       1.90217        3.7351        4.0076        3.5726        3.4621         0.000       31.0702     0.1017525     0.0005922     0.0000000     0.0000007     0.0005915     0.0000000     0.0000000     0.0000000     0.0000000     0.0000000 
          38.            0.       14.0000       1.89765        3.7331        4.0066        3.5714        3.4617         0.000       31.0048     0.1015958     0.0005876     0.0000000     0.0000010     0.0005866     0.0000000     0.0000000     0.0000000     0.0000000     0.0000000 
          39.            0.       13.0000       1.89179        3.7305        4.0052        3.5694        3.4606         0.000       30.9193     0.1014356     0.0005824     0.0000000     0.0000015     0.0005809     0.0000000     0.0000000     0.0000000     0.0000000     0.0000000 
          40.            0.       12.0000       1.88415        3.7271        4.0034        3.5666        3.4585         0.000       30.8044     0.1012747     0.0005764     0.0000000     0.0000022     0.0005742     0.0000000     0.0000000     0.0000000     0.0000000     0.0000000 
          40.            0.       11.0000       1.87418        3.7229        4.0013        3.5627        3.4553         0.000       30.6516     0.1011086     0.0005694     0.0000000     0.0000033     0.0005662     0.0000000     0.0000000     0.0000000     0.0000000     0.0000000 
          40.            0.       10.0000       1.86124        3.7179        3.9988        3.5578        3.4508         0.000       30.4412     0.1009448     0.0005614     0.0000000     0.0000048     0.0005566     0.0000000     0.0000000     0.0000000     0.0000000     0.0000000 
          41.            0.        9.0000       1.84469        3.7123        3.9965        3.5517        3.4450         0.000       30.1451     0.1007942     0.0005525     0.0000000     0.0000072     0.0005453     0.0000000     0.0000000     0.0000000     0.0000000     0.0000000 
          42.            0.        8.0000       1.82403        3.7065        3.9948        3.5448        3.4380         0.001       29.7226     0.1006966     0.0005438     0.0000000     0.0000108     0.0005329     0.0000000     0.0000000     0.0000000     0.0000000     0.0000000 
          42.            0.        7.0000       1.79918        3.7014        3.9946        3.5380        3.4305         0.001       29.1244     0.1007327     0.0005377     0.0000002     0.0000164     0.0005211     0.0000000     0.0000000     0.0000000     0.0000000     0.0000000 
          42.            0.        6.0000       1.77087        3.6985        3.9965        3.5326        3.4241         0.001       28.2932     0.1010704     0.0005449     0.0000065     0.0000251     0.0005133     0.0000000     0.0000000     0.0000000     0.0000000     0.0000000 
          43.            0.        5.0000       1.74097        3.7005        4.0006        3.5316        3.4215         0.001       27.1362     0.1020417     0.0006978     0.0001417     0.0000392     0.0005169     0.0000000     0.0000000     0.0000000     0.0000000     0.0000000 
          44.            0.        4.0000       1.71274        3.7112        4.0063        3.5397        3.4278         0.001       25.4995     0.1042875     0.0024236     0.0018137     0.0000633     0.0005466     0.0000000     0.0000000     0.0000000     0.0000000     0.0000000 
          44.            0.        3.0000       1.68982        3.7366        4.0135        3.5652        3.4527         0.001       23.2046     0.1091105     0.0139442     0.0131983     0.0001093     0.0006366     0.0000000     0.0000000     0.0000000     0.0000000     0.0000000 
          44.            0.        2.0000       1.67533        3.7830        4.0220        3.6192        3.5110         0.001       19.9032     0.1201557     0.0604805     0.0593519     0.0002126     0.0009160     0.0000000     0.0000000     0.0000000     0.0000000     0.0000000 
          45.            0.        1.0000       1.64893        3.8409        4.0305        3.6925        3.5968       358.331       17.0801     0.1517055     0.1050868     0.1029387     0.0005942     0.0015539     0.0000000     0.0000000     0.0000000     0.0000000     0.0000000 
          46.            0.        1.0000       1.58920        3.8491        4.0316        3.7036        3.6107       358.908       16.2423     0.1456247     0.0941351     0.0922260     0.0005347     0.0013744     0.0000000     0.0000000     0.0000000     0.0000000     0.0000000 
          46.            0.        1.0000       1.53218        3.8569        4.0326        3.7142        3.6241       359.398       16.0078     0.1398642     0.0843119     0.0826149     0.0004810     0.0012161     0.0000000     0.0000000     0.0000000     0.0000000     0.0000000 
          46.            0.        1.0000       1.47814        3.8643        4.0335        3.7242        3.6368       359.855       15.9915     0.1344477     0.0755655     0.0740553     0.0004328     0.0010774     0.0000000     0.0000000     0.0000000     0.0000000     0.0000000 
          47.            0.        1.0000       1.41003        3.8714        4.0344        3.7338        3.6487         0.001       16.1038     0.1278219     0.0676655     0.0664464     0.0003898     0.0008292     0.0000000     0.0000000     0.0000000     0.0000000     0.0000000 
          48.            0.        1.0000       1.33789        3.8782        4.0353        3.7428        3.6599         0.001       16.3177     0.1209025     0.0606277     0.0596791     0.0003514     0.0005973     0.0000000     0.0000000     0.0000000     0.0000000     0.0000000 
          48.            0.        1.0000       1.26999        3.8847        4.0362        3.7514        3.6704         0.002       16.6176     0.1144289     0.0544021     0.0536535     0.0003170     0.0004316     0.0000000     0.0000000     0.0000000     0.0000000     0.0000000 
          48.            0.        1.0000       1.20606        3.8910        4.0371        3.7597        3.6805         0.002       17.0110     0.1083656     0.0488815     0.0482824     0.0002861     0.0003129     0.0000000     0.0000000     0.0000000     0.0000000     0.0000000 
          49.            0.        1.0000       1.14584        3.8971        4.0380        3.7676        3.6900         0.003       17.5106     0.1026817     0.0439763     0.0434903     0.0002585     0.0002275     0.0000000     0.0000000     0.0000000     0.0000000     0.0000000 
          50.            0.        1.0000       1.08912        3.9031        4.0389        3.7753        3.6992         0.004       18.1317     0.0973503     0.0396114     0.0392116     0.0002338     0.0001659     0.0000000     0.0000000     0.0000000     0.0000000     0.0000000 
          50.            0.        1.0000       1.03570        3.9090        4.0398        3.7828        3.7081         0.005       18.8876     0.0923478     0.0357226     0.0353896     0.0002116     0.0001214     0.0000000     0.0000000     0.0000000     0.0000000     0.0000000 
          50.            0.        1.0000       0.98809        3.9145        4.0407        3.7898        3.7164         0.006       19.7591     0.0879020     0.0296072     0.0293238     0.0001928     0.0000906     0.0000000     0.0000000     0.0000000     0.0000000     0.0000000 
          51.            0.        1.0000       0.94647        3.9195        4.0415        3.7963        3.7239         0.005       20.6971     0.0840256     0.0246908     0.0244444     0.0001770     0.0000693     0.0000000     0.0000000     0.0000000     0.0000000     0.0000000 
          52.            0.        1.0000       0.91023        3.9242        4.0422        3.8021        3.7307         0.004       21.6880     0.0806592     0.0208362     0.0206179     0.0001639     0.0000544     0.0000000     0.0000000     0.0000000     0.0000000     0.0000000 
          52.            0.        1.0000       0.87861        3.9284        4.0429        3.8073        3.7368         0.004       22.7177     0.0777273     0.0177864     0.0175899     0.0001528     0.0000437     0.0000000     0.0000000     0.0000000     0.0000000     0.0000000 
          52.            0.        1.0000       0.85088        3.9322        4.0435        3.8121        3.7423         0.003       23.7752     0.0751606     0.0153461     0.0151669     0.0001434     0.0000358     0.0000000     0.0000000     0.0000000     0.0000000     0.0000000 
          53.            0.        1.0000       0.82642        3.9358        4.0441        3.8165        3.7472         0.003       24.8527     0.0729006     0.0133713     0.0132061     0.0001353     0.0000299     0.0000000     0.0000000     0.0000000     0.0000000     0.0000000 
          54.            0.        1.0000       0.80473        3.9390        4.0446        3.8205        3.7517         0.003       25.9467     0.0709002     0.0117566     0.0116029     0.0001284     0.0000253     0.0000000     0.0000000     0.0000000     0.0000000     0.0000000 
          54.            0.        1.0000       0.78545        3.9420        4.0451        3.8242        3.7559         0.003       27.0626     0.0691232     0.0104254     0.0102813     0.0001223     0.0000218     0.0000000     0.0000000     0.0000000     0.0000000     0.0000000 
          54.            0.        1.0000       0.76834        3.9449        4.0456        3.8277        3.7597         0.003       28.2225     0.0675465     0.0093251     0.0091890     0.0001171     0.0000190     0.0000000     0.0000000     0.0000000     0.0000000     0.0000000 
          55.            0.        1.0000       0.75817        3.9467        4.0458        3.8301        3.7626         0.004       30.7445     0.0666019     0.0087060     0.0085745     0.0001141     0.0000175     0.0000000     0.0000000     0.0000000     0.0000000     0.0000000 
          56.            0.        2.0000       0.69396        3.9114        4.0390        3.7883        3.7162         0.007       34.4081     0.0463633     0.0000614     0.0000199     0.0000381     0.0000035     0.0000000     0.0000000     0.0000000     0.0000000     0.0000000 
          56.            0.        3.0000       0.68034        3.8841        4.0331        3.7577        3.6836         0.007       36.1223     0.0399796     0.0000209     0.0000000     0.0000190     0.0000019     0.0000000     0.0000000     0.0000000     0.0000000     0.0000000 
          56.            0.        4.0000       0.68021        3.8660        4.0281        3.7390        3.6648         0.008       36.6998     0.0371762     0.0000124     0.0000000     0.0000110     0.0000014     0.0000000     0.0000000     0.0000000     0.0000000     0.0000000 
          57.            0.        5.0000       0.68445        3.8554        4.0240        3.7293        3.6559         0.007       36.6440     0.0357654     0.0000080     0.0000000     0.0000067     0.0000012     0.0000000     0.0000000     0.0000000     0.0000000     0.0000000 
          58.            0.        6.0000       0.68997        3.8501        4.0209        3.7255        3.6529         0.007       36.2666     0.0350148     0.0000054     0.0000000     0.0000043     0.0000011     0.0000000     0.0000000     0.0000000     0.0000000     0.0000000 
          58.            0.        7.0000       0.69547        3.8483        4.0191        3.7251        3.6533         0.007       35.7555     0.0346084     0.0000039     0.0000000     0.0000028     0.0000011     0.0000000     0.0000000     0.0000000     0.0000000     0.0000000 
          58.            0.        8.0000       0.70039        3.8485        4.0185        3.7265        3.6554         0.007       35.2252     0.0343873     0.0000029     0.0000000     0.0000018     0.0000011     0.0000000     0.0000000     0.0000000     0.0000000     0.0000000 
          59.            0.        9.0000       0.70452        3.8499        4.0187        3.7288        3.6580         0.007       34.7405     0.0342661     0.0000023     0.0000000     0.0000012     0.0000011     0.0000000     0.0000000     0.0000000     0.0000000     0.0000000 
          60.            0.       10.0000       0.70783        3.8517        4.0195        3.7312        3.6607         0.007       34.3299     0.0341986     0.0000019     0.0000000     0.0000008     0.0000011     0.0000000     0.0000000     0.0000000     0.0000000     0.0000000 
          60.            0.       11.0000       0.71042        3.8536        4.0204        3.7335        3.6632         0.008       33.9975     0.0341587     0.0000016     0.0000000     0.0000005     0.0000011     0.0000000     0.0000000     0.0000000     0.0000000     0.0000000 
          60.            0.       12.0000       0.71237        3.8555        4.0214        3.7356        3.6653         0.008       33.7355     0.0341340     0.0000014     0.0000000     0.0000004     0.0000011     0.0000000     0.0000000     0.0000000     0.0000000     0.0000000 
          61.            0.       13.0000       0.71383        3.8572        4.0222        3.7373        3.6671         0.008       33.5315     0.0341163     0.0000013     0.0000000     0.0000002     0.0000011     0.0000000     0.0000000     0.0000000     0.0000000     0.0000000 
          62.            0.       14.0000       0.71490        3.8586        4.0230        3.7388        3.6685         0.008       33.3736     0.0341036     0.0000012     0.0000000     0.0000002     0.0000011     0.0000000     0.0000000     0.0000000     0.0000000     0.0000000 
          62.            0.       15.0000       0.71567        3.8597        4.0235        3.7399        3.6696         0.008       33.2513     0.0340927     0.0000012     0.0000000     0.0000001     0.0000011     0.0000000     0.0000000     0.0000000     0.0000000     0.0000000 
          62.            0.       16.0000       0.71622        3.8607        4.0240        3.7408        3.6704         0.009       33.1565     0.0340845     0.0000012     0.0000000     0.0000001     0.0000011     0.0000000     0.0000000     0.0000000     0.0000000     0.0000000 
          63.            0.       17.0000       0.71662        3.8615        4.0243        3.7415        3.6711         0.009       33.0838     0.0340778     0.0000011     0.0000000     0.0000001     0.0000011     0.0000000     0.0000000     0.0000000     0.0000000     0.0000000 
          64.            0.       18.0000       0.71691        3.8621        4.0245        3.7420        3.6715         0.009       33.0292     0.0340724     0.0000011     0.0000000     0.0000000     0.0000011     0.0000000     0.0000000     0.0000000     0.0000000     0.0000000 
          64.            0.       19.0000       0.71712        3.8626        4.0247        3.7425        3.6719         0.010       32.9886     0.0340670     0.0000011     0.0000000     0.0000000     0.0000011     0.0000000     0.0000000     0.0000000     0.0000000     0.0000000 
          64.            0.       19.0000       0.71705        3.8625        4.0246        3.7423        3.6717         0.010       32.9716     0.0340669     0.0000011     0.0000000     0.0000000     0.0000011     0.0000000     0.0000000     0.0000000     0.0000000     0.0000000 
          65.            0.       19.0000       0.71705        3.8625        4.0246        3.7423        3.6717         0.011       32.9732     0.0340679     0.0000011     0.0000000     0.0000000     0.0000011     0.0000000     0.0000000     0.0000000     0.0000000     0.0000000 
          66.            0.       19.0000       0.71705        3.8625        4.0246        3.7423        3.6716         0.011       32.9738     0.0340689     0.0000011     0.0000000     0.0000000     0.0000011     0.0000000     0.0000000     0.0000000     0.0000000     0.0000000 
          66.            0.       19.0000       0.71705        3.8624        4.0246        3.7422        3.6716         0.012       32.9742     0.0340699     0.0000011     0.0000000     0.0000000     0.0000011     0.0000000     0.0000000     0.0000000     0.0000000     0.0000000 
          66.            0.       19.0000       0.71705        3.8624        4.0246        3.7422        3.6715         0.012       32.9744     0.0340709     0.0000011     0.0000000     0.0000000     0.0000011     0.0000000     0.0000000     0.0000000     0.0000000     0.0000000 
          67.            0.       19.0000       0.71705        3.8624        4.0246        3.7422        3.6715         0.013       32.9747     0.0340720     0.0000011     0.0000000     0.0000000     0.0000011     0.0000000     0.0000000     0.0000000     0.0000000     0.0000000 
          68.            0.       19.0000       0.71705        3.8624        4.0246        3.7422        3.6714         0.013       32.9750     0.0340732     0.0000011     0.0000000     0.0000000     0.0000011     0.0000000     0.0000000     0.0000000     0.0000000     0.0000000 
          68.            0.       19.0000       0.71705        3.8624        4.0246        3.7421        3.6713         0.014       32.9753     0.0340743     0.0000011     0.0000000     0.0000000     0.0000011     0.0000000     0.0000000     0.0000000     0.0000000     0.0000000 
          68.            0.       19.0000       0.71705        3.8624        4.0246        3.7421        3.6713         0.014       32.9756     0.0340755     0.0000011     0.0000000     0.0000000     0.0000011     0.0000000     0.0000000     0.0000000     0.0000000     0.0000000 
          69.            0.       19.0000       0.71705        3.8624        4.0246        3.7421        3.6712         0.015       32.9759     0.0340767     0.0000011     0.0000000     0.0000000     0.0000011     0.0000000     0.0000000     0.0000000     0.0000000     0.0000000 
          70.            0.       19.0000       0.71705        3.8624        4.0246        3.7420        3.6711         0.016       32.9763     0.0340780     0.0000011     0.0000000     0.0000000     0.0000011     0.0000000     0.0000000     0.0000000     0.0000000     0.0000000 
          70.            0.       19.0000       0.71705        3.8623        4.0246        3.7420        3.6711         0.016       32.9766     0.0340792     0.0000011     0.0000000     0.0000000     0.0000011     0.0000000     0.0000000     0.0000000     0.0000000     0.0000000 
          70.            0.       19.0000       0.71705        3.8623        4.0246        3.7420        3.6710         0.017       32.9771     0.0340806     0.0000011     0.0000000     0.0000000     0.0000011     0.0000000     0.0000000     0.0000000     0.0000000     0.0000000 
          71.            0.       19.0000       0.71705        3.8623        4.0246        3.7419        3.6709         0.018       32.9775     0.0340819     0.0000011     0.0000000     0.0000000     0.0000011     0.0000000     0.0000000     0.0000000     0.0000000     0.0000000 
          72.            0.       19.0000       0.71705        3.8623        4.0246        3.7419        3.6709         0.019       32.9780     0.0340833     0.0000011     0.0000000     0.0000000     0.0000011     0.0000000     0.0000000     0.0000000     0.0000000     0.0000000 
          72.            0.       19.0000       0.71705        3.8623        4.0246        3.7419        3.6708         0.019       32.9785     0.0340847     0.0000011     0.0000000     0.0000000     0.0000011     0.0000000     0.0000000     0.0000000     0.0000000     0.0000000 
          72.            0.       19.0000       0.71705        3.8623        4.0246        3.7418        3.6707         0.020       32.9790     0.0340862     0.0000011     0.0000000     0.0000000     0.0000011     0.0000000     0.0000000     0.0000000     0.0000000     0.0000000 
          73.            0.       19.0000       0.71705        3.8622        4.0246        3.7418        3.6706         0.021       32.9796     0.0340877     0.0000011     0.0000000     0.0000000     0.0000011     0.0000000     0.0000000     0.0000000     0.0000000     0.0000000 
          74.            0.       19.0000       0.71706        3.8622        4.0246        3.7417        3.6706         0.022       32.9801     0.0340892     0.0000011     0.0000000     0.0000000     0.0000011     0.0000000     0.0000000     0.0000000     0.0000000     0.0000000 
          74.            0.       19.0000       0.71706        3.8622        4.0246        3.7417        3.6705         0.023       32.9808     0.0340908     0.0000011     0.0000000     0.0000000     0.0000011     0.0000000     0.0000000     0.0000000     0.0000000     0.0000000 
          74.            0.       19.0000       0.71706        3.8622        4.0246        3.7417        3.6704         0.024       32.9814     0.0340924     0.0000011     0.0000000     0.0000000     0.0000011     0.0000000     0.0000000     0.0000000     0.0000000     0.0000000 
          75.            0.       19.0000       0.71706        3.8622        4.0246        3.7416        3.6703         0.025       32.9821     0.0340941     0.0000011     0.0000000     0.0000000     0.0000011     0.0000000     0.0000000     0.0000000     0.0000000     0.0000000 
          76.            0.       19.0000       0.71706        3.8621        4.0246        3.7416        3.6702         0.026       32.9828     0.0340958     0.0000011     0.0000000     0.0000000     0.0000011     0.0000000     0.0000000     0.0000000     0.0000000     0.0000000 
          76.            0.       19.0000       0.71707        3.8621        4.0247        3.7415        3.6701         0.027       32.9835     0.0340975     0.0000011     0.0000000     0.0000000     0.0000011     0.0000000     0.0000000     0.0000000     0.0000000     0.0000000 
          76.            0.       19.0000       0.71707        3.8621        4.0247        3.7415        3.6701         0.028       32.9843     0.0340992     0.0000011     0.0000000     0.0000000     0.0000011     0.0000000     0.0000000     0.0000000     0.0000000     0.0000000 
          77.            0.       19.0000       0.71707        3.8621        4.0247        3.7414        3.6700         0.029       32.9851     0.0341010     0.0000011     0.0000000     0.0000000     0.0000011     0.0000000     0.0000000     0.0000000     0.0000000     0.0000000 
          78.            0.       19.0000       0.71708        3.8620        4.0247        3.7414        3.6699         0.030       32.9860     0.0341028     0.0000011     0.0000000     0.0000000     0.0000011     0.0000000     0.0000000     0.0000000     0.0000000     0.0000000 
          78.            0.       19.0000       0.71708        3.8620        4.0247        3.7413        3.6698         0.031       32.9869     0.0341047     0.0000011     0.0000000     0.0000000     0.0000011     0.0000000     0.0000000     0.0000000     0.0000000     0.0000000 
          78.            0.       19.0000       0.71708        3.8620        4.0247        3.7413        3.6697         0.033       32.9878     0.0341066     0.0000011     0.0000000     0.0000000     0.0000011     0.0000000     0.0000000     0.0000000     0.0000000     0.0000000 
          79.            0.       19.0000       0.71709        3.8620        4.0247        3.7412        3.6696         0.034       32.9887     0.0341085     0.0000011     0.0000000     0.0000000     0.0000011     0.0000000     0.0000000     0.0000000     0.0000000     0.0000000 
          80.            0.       19.0000       0.71709        3.8619        4.0247        3.7412        3.6695         0.035       32.9898     0.0341105     0.0000011     0.0000000     0.0000000     0.0000011     0.0000000     0.0000000     0.0000000     0.0000000     0.0000000 
          80.            0.       19.0000       0.71709        3.8619        4.0247        3.7411        3.6694         0.037       32.9908     0.0341125     0.0000011     0.0000000     0.0000000     0.0000011     0.0000000     0.0000000     0.0000000     0.0000000     0.0000000 
          80.            0.       19.0000       0.71710        3.8619        4.0247        3.7411        3.6693         0.038       32.9918     0.0341145     0.0000011     0.0000000     0.0000000     0.0000011     0.0000000     0.0000000     0.0000000     0.0000000     0.0000000 
          81.            0.       19.0000       0.71710        3.8619        4.0247        3.7410        3.6692         0.039       32.9929     0.0341166     0.0000011     0.0000000     0.0000000     0.0000011     0.0000000     0.0000000     0.0000000     0.0000000     0.0000000 
          82.            0.       19.0000       0.71711        3.8618        4.0247        3.7409        3.6691         0.041       32.9940     0.0341187     0.0000011     0.0000000     0.0000000     0.0000011     0.0000000     0.0000000     0.0000000     0.0000000     0.0000000 
          82.            0.       19.0000       0.71711        3.8618        4.0247        3.7409        3.6690         0.042       32.9952     0.0341208     0.0000011     0.0000000     0.0000000     0.0000011     0.0000000     0.0000000     0.0000000     0.0000000     0.0000000 
          82.            0.       19.0000       0.71712        3.8618        4.0247        3.7408        3.6689         0.044       32.9964     0.0341230     0.0000011     0.0000000     0.0000000     0.0000011     0.0000000     0.0000000     0.0000000     0.0000000     0.0000000 
          83.            0.       19.0000       0.71712        3.8617        4.0247        3.7408        3.6688         0.046       32.9977     0.0341252     0.0000011     0.0000000     0.0000000     0.0000011     0.0000000     0.0000000     0.0000000     0.0000000     0.0000000 
          84.            0.       19.0000       0.71713        3.8617        4.0247        3.7407        3.6687         0.047       32.9989     0.0341274     0.0000011     0.0000000     0.0000000     0.0000011     0.0000000     0.0000000     0.0000000     0.0000000     0.0000000 
          84.            0.       19.0000       0.71713        3.8617        4.0247        3.7407        3.6686         0.049       33.0002     0.0341297     0.0000011     0.0000000     0.0000000     0.0000011     0.0000000     0.0000000     0.0000000     0.0000000     0.0000000 
          84.            0.       19.0000       0.71714        3.8616        4.0247        3.7406        3.6685         0.051       33.0016     0.0341320     0.0000011     0.0000000     0.0000000     0.0000011     0.0000000     0.0000000     0.0000000     0.0000000     0.0000000 
          85.            0.       19.0000       0.71715        3.8616        4.0247        3.7405        3.6684         0.052       33.0030     0.0341343     0.0000011     0.0000000     0.0000000     0.0000011     0.0000000     0.0000000     0.0000000     0.0000000     0.0000000 
          86.            0.       19.0000       0.71715        3.8616        4.0247        3.7405        3.6683         0.054       33.0044     0.0341367     0.0000011     0.0000000     0.0000000     0.0000011     0.0000000     0.0000000     0.0000000     0.0000000     0.0000000 
          86.            0.       19.0000       0.71716        3.8615        4.0247        3.7404        3.6681         0.056       33.0059     0.0341391     0.0000011     0.0000000     0.0000000     0.0000011     0.0000000     0.0000000     0.0000000     0.0000000     0.0000000 
          86.            0.       19.0000       0.71717        3.8615        4.0247        3.7403        3.6680         0.058       33.0073     0.0341415     0.0000011     0.0000000     0.0000000     0.0000011     0.0000000     0.0000000     0.0000000     0.0000000     0.0000000 
          87.            0.       19.0000       0.71717        3.8615        4.0247        3.7403        3.6679         0.060       33.0089     0.0341440     0.0000011     0.0000000     0.0000000     0.0000011     0.0000000     0.0000000     0.0000000     0.0000000     0.0000000 
          88.            0.       19.0000       0.71718        3.8614        4.0247        3.7402        3.6678         0.062       33.0104     0.0341465     0.0000011     0.0000000     0.0000000     0.0000011     0.0000000     0.0000000     0.0000000     0.0000000     0.0000000 
          88.            0.       19.0000       0.71719        3.8614        4.0247        3.7401        3.6677         0.064       33.0121     0.0341490     0.0000011     0.0000000     0.0000000     0.0000011     0.0000000     0.0000000     0.0000000     0.0000000     0.0000000 
          88.            0.       19.0000       0.71720        3.8614        4.0247        3.7401        3.6676         0.066       33.0137     0.0341516     0.0000011     0.0000000     0.0000000     0.0000011     0.0000000     0.0000000     0.0000000     0.0000000     0.0000000 
          89.            0.       19.0000       0.71720        3.8613        4.0247        3.7400        3.6674         0.068       33.0154     0.0341542     0.0000011     0.0000000     0.0000000     0.0000011     0.0000000     0.0000000     0.0000000     0.0000000     0.0000000 
          90.            0.       19.0000       0.71721        3.8613        4.0246        3.7399        3.6673         0.070       33.0171     0.0341568     0.0000011     0.0000000     0.0000000     0.0000011     0.0000000     0.0000000     0.0000000     0.0000000     0.0000000 
          90.            0.       19.0000       0.71722        3.8613        4.0246        3.7399        3.6672         0.072       33.0189     0.0341594     0.0000011     0.0000000     0.0000000     0.0000011     0.0000000     0.0000000     0.0000000     0.0000000     0.0000000 
          90.            0.       19.0000       0.71723        3.8612        4.0246        3.7398        3.6671         0.075       33.0207     0.0341621     0.0000011     0.0000000     0.0000000     0.0000011     0.0000000     0.0000000     0.0000000     0.0000000     0.0000000 
          91.            0.       19.0000       0.71724        3.8612        4.0246        3.7397        3.6670         0.077       33.0225     0.0341648     0.0000011     0.0000000     0.0000000     0.0000011     0.0000000     0.0000000     0.0000000     0.0000000     0.0000000 
          92.            0.       19.0000       0.71725        3.8611        4.0246        3.7397        3.6668         0.079       33.0243     0.0341675     0.0000011     0.0000000     0.0000000     0.0000011     0.0000000     0.0000000     0.0000000     0.0000000     0.0000000 
          92.            0.       19.0000       0.71725        3.8611        4.0246        3.7396        3.6667         0.081       33.0263     0.0341703     0.0000011     0.0000000     0.0000000     0.0000011     0.0000000     0.0000000     0.0000000     0.0000000     0.0000000 
          92.            0.       19.0000       0.71726        3.8611        4.0246        3.7395        3.6666         0.084       33.0282     0.0341731     0.0000011     0.0000000     0.0000000     0.0000011     0.0000000     0.0000000     0.0000000     0.0000000     0.0000000 
          93.            0.       19.0000       0.71727        3.8610        4.0246        3.7394        3.6665         0.086       33.0302     0.0341759     0.0000011     0.0000000     0.0000000     0.0000011     0.0000000     0.0000000     0.0000000     0.0000000     0.0000000 
          94.            0.       19.0000       0.71728        3.8610        4.0246        3.7394        3.6663         0.089       33.0322     0.0341787     0.0000011     0.0000000     0.0000000     0.0000011     0.0000000     0.0000000     0.0000000     0.0000000     0.0000000 
          94.            0.       19.0000       0.71729        3.8609        4.0246        3.7393        3.6662         0.091       33.0343     0.0341816     0.0000011     0.0000000     0.0000000     0.0000011     0.0000000     0.0000000     0.0000000     0.0000000     0.0000000 
          94.            0.       19.0000       0.71730        3.8609        4.0246        3.7392        3.6661         0.094       33.0364     0.0341845     0.0000011     0.0000000     0.0000000     0.0000011     0.0000000     0.0000000     0.0000000     0.0000000     0.0000000 
          95.            0.       19.0000       0.71731        3.8608        4.0246        3.7392        3.6659         0.096       33.0385     0.0341874     0.0000011     0.0000000     0.0000000     0.0000011     0.0000000     0.0000000     0.0000000     0.0000000     0.0000000 
          96.            0.       19.0000       0.71733        3.8608        4.0246        3.7391        3.6658         0.099       33.0407     0.0341903     0.0000011     0.0000000     0.0000000     0.0000011     0.0000000     0.0000000     0.0000000     0.0000000     0.0000000 
          96.            0.       19.0000       0.71734        3.8608        4.0246        3.7390        3.6657         0.102       33.0429     0.0341933     0.0000011     0.0000000     0.0000000     0.0000011     0.0000000     0.0000000     0.0000000     0.0000000     0.0000000 
          96.            0.       19.0000       0.71735        3.8607        4.0246        3.7389        3.6655         0.105       33.0451     0.0341963     0.0000011     0.0000000     0.0000000     0.0000011     0.0000000     0.0000000     0.0000000     0.0000000     0.0000000 
          97.            0.       19.0000       0.71736        3.8607        4.0246        3.7388        3.6654         0.107       33.0474     0.0341994     0.0000011     0.0000000     0.0000000     0.0000011     0.0000000     0.0000000     0.0000000     0.0000000     0.0000000 
          98.            0.       19.0000       0.71737        3.8606        4.0246        3.7388        3.6653         0.110       33.0497     0.0342024     0.0000011     0.0000000     0.0000000     0.0000011     0.0000000     0.0000000     0.0000000     0.0000000     0.0000000 
          98.            0.       19.0000       0.71738        3.8606        4.0246        3.7387        3.6651         0.113       33.0521     0.0342055     0.0000011     0.0000000     0.0000000     0.0000011     0.0000000     0.0000000     0.0000000     0.0000000     0.0000000 
          98.            0.       19.0000       0.71739        3.8605        4.0246        3.7386        3.6650         0.116       33.0545     0.0342086     0.0000011     0.0000000     0.0000000     0.0000011     0.0000000     0.0000000     0.0000000     0.0000000     0.0000000 
          99.            0.       19.0000       0.71741        3.8605        4.0246        3.7385        3.6649         0.119       33.0569     0.0342117     0.0000011     0.0000000     0.0000000     0.0000011     0.0000000     0.0000000     0.0000000     0.0000000     0.0000000 
         100.            0.       19.0000       0.71742        3.8605        4.0246        3.7385        3.6647         0.122       33.0593     0.0342149     0.0000011     0.0000000     0.0000000     0.0000011     0.0000000     0.0000000     0.0000000     0.0000000     0.0000000 
         100.            0.       19.0000       0.71743        3.8604        4.0246        3.7384        3.6646         0.125       33.0619     0.0342180     0.0000011     0.0000000     0.0000000     0.0000011     0.0000000     0.0000000     0.0000000     0.0000000     0.0000000 
