%
%
% Run:2017  Table:COMPGRID          SWAN version:41.10A
%
%       Xp            Yp            Depth         Hsig          Tm_10         TPsmoo        Tm01          Tm02          Dir           Dspr          Steepn        Dissip        Ssurf         Sfric         Swcap         Redist        Snl3          Snl4          Genera        Swind    
%       [m]           [m]           [m]           [m]           [sec]         [sec]         [sec]         [sec]         [degr]        [degr]        [ ]           [m2/s]        [m2/s]        [m2/s]        [m2/s]        [m2/s]        [m2/s]        [m2/s]        [m2/s]        [m2/s]   
%
           0.            0.       20.0000       1.50909        9.0074       10.0165        8.2159        7.3500         0.028       32.1450     0.0201081     0.0000001     0.0000000     0.0000001     0.0000000     0.0000000     0.0000000     0.0000000     0.0000000     0.0000000 
           0.            0.       20.0000       1.50909        9.0074       10.0165        8.2159        7.3499         0.028       32.1449     0.0201080     0.0000118     0.0000000     0.0000117     0.0000001     0.0000000     0.0000000     0.0000000     0.0000000     0.0000000 
           1.            0.       20.0000       1.50908        9.0074       10.0165        8.2159        7.3499         0.028       32.1449     0.0201080     0.0000118     0.0000000     0.0000117     0.0000001     0.0000000     0.0000000     0.0000000     0.0000000     0.0000000 
           2.            0.       20.0000       1.50908        9.0074       10.0165        8.2159        7.3499         0.028       32.1448     0.0201079     0.0000118     0.0000000     0.0000117     0.0000001     0.0000000     0.0000000     0.0000000     0.0000000     0.0000000 
           2.            0.       20.0000       1.50907        9.0074       10.0165        8.2159        7.3499         0.028       32.1448     0.0201079     0.0000118     0.0000000     0.0000117     0.0000001     0.0000000     0.0000000     0.0000000     0.0000000     0.0000000 
           2.            0.       20.0000       1.50907        9.0074       10.0165        8.2159        7.3499         0.028       32.1447     0.0201078     0.0000118     0.0000000     0.0000117     0.0000001     0.0000000     0.0000000     0.0000000     0.0000000     0.0000000 
           3.            0.       20.0000       1.50906        9.0074       10.0165        8.2159        7.3499         0.028       32.1446     0.0201078     0.0000118     0.0000000     0.0000117     0.0000001     0.0000000     0.0000000     0.0000000     0.0000000     0.0000000 
           4.            0.       20.0000       1.50906        9.0074       10.0165        8.2159        7.3499         0.028       32.1446     0.0201077     0.0000118     0.0000000     0.0000117     0.0000001     0.0000000     0.0000000     0.0000000     0.0000000     0.0000000 
           4.            0.       20.0000       1.50905        9.0074       10.0165        8.2159        7.3499         0.028       32.1445     0.0201077     0.0000118     0.0000000     0.0000117     0.0000001     0.0000000     0.0000000     0.0000000     0.0000000     0.0000000 
           4.            0.       20.0000       1.50905        9.0074       10.0165        8.2159        7.3499         0.028       32.1445     0.0201077     0.0000118     0.0000000     0.0000117     0.0000001     0.0000000     0.0000000     0.0000000     0.0000000     0.0000000 
           5.            0.       20.0000       1.50904        9.0073       10.0165        8.2159        7.3499         0.028       32.1444     0.0201076     0.0000118     0.0000000     0.0000117     0.0000001     0.0000000     0.0000000     0.0000000     0.0000000     0.0000000 
           6.            0.       20.0000       1.50904        9.0073       10.0165        8.2159        7.3499         0.028       32.1444     0.0201076     0.0000118     0.0000000     0.0000117     0.0000001     0.0000000     0.0000000     0.0000000     0.0000000     0.0000000 
           6.            0.       20.0000       1.50904        9.0073       10.0165        8.2159        7.3499         0.028       32.1443     0.0201075     0.0000118     0.0000000     0.0000117     0.0000001     0.0000000     0.0000000     0.0000000     0.0000000     0.0000000 
           6.            0.       20.0000       1.50903        9.0073       10.0165        8.2159        7.3499         0.027       32.1442     0.0201075     0.0000118     0.0000000     0.0000117     0.0000001     0.0000000     0.0000000     0.0000000     0.0000000     0.0000000 
           7.            0.       20.0000       1.50903        9.0073       10.0165        8.2159        7.3499         0.027       32.1442     0.0201074     0.0000118     0.0000000     0.0000117     0.0000001     0.0000000     0.0000000     0.0000000     0.0000000     0.0000000 
           8.            0.       20.0000       1.50902        9.0073       10.0165        8.2159        7.3499         0.027       32.1441     0.0201074     0.0000118     0.0000000     0.0000117     0.0000001     0.0000000     0.0000000     0.0000000     0.0000000     0.0000000 
           8.            0.       20.0000       1.50902        9.0073       10.0165        8.2159        7.3499         0.027       32.1441     0.0201073     0.0000118     0.0000000     0.0000117     0.0000001     0.0000000     0.0000000     0.0000000     0.0000000     0.0000000 
           8.            0.       20.0000       1.50901        9.0073       10.0165        8.2159        7.3499         0.027       32.1441     0.0201073     0.0000118     0.0000000     0.0000117     0.0000001     0.0000000     0.0000000     0.0000000     0.0000000     0.0000000 
           9.            0.       20.0000       1.50901        9.0073       10.0165        8.2159        7.3499         0.027       32.1441     0.0201073     0.0000118     0.0000000     0.0000117     0.0000001     0.0000000     0.0000000     0.0000000     0.0000000     0.0000000 
          10.            0.       20.0000       1.50900        9.0073       10.0165        8.2159        7.3499         0.027       32.1442     0.0201072     0.0000118     0.0000000     0.0000117     0.0000001     0.0000000     0.0000000     0.0000000     0.0000000     0.0000000 
          10.            0.       20.0000       1.50900        9.0073       10.0165        8.2159        7.3499         0.027       32.1447     0.0201072     0.0000118     0.0000000     0.0000117     0.0000001     0.0000000     0.0000000     0.0000000     0.0000000     0.0000000 
          10.            0.       20.0000       1.50901        9.0073       10.0165        8.2159        7.3499         0.027       32.1464     0.0201072     0.0000118     0.0000000     0.0000117     0.0000001     0.0000000     0.0000000     0.0000000     0.0000000     0.0000000 
          11.            0.       20.0000       1.50648        9.0048       10.0163        8.2121        7.3452         0.030       31.8556     0.0200953     0.0000117     0.0000000     0.0000116     0.0000001     0.0000000     0.0000000     0.0000000     0.0000000     0.0000000 
          12.            0.       19.0000       1.50239        9.0113       10.0186        8.2158        7.3446         0.032       31.2666     0.0202464     0.0000128     0.0000000     0.0000127     0.0000001     0.0000000     0.0000000     0.0000000     0.0000000     0.0000000 
          12.            0.       18.0000       1.49839        9.0190       10.0210        8.2208        7.3451         0.035       30.5974     0.0204156     0.0000141     0.0000000     0.0000140     0.0000001     0.0000000     0.0000000     0.0000000     0.0000000     0.0000000 
          12.            0.       17.0000       1.49526        9.0286       10.0235        8.2283        7.3484         0.040       29.8859     0.0206099     0.0000155     0.0000000     0.0000154     0.0000001     0.0000000     0.0000000     0.0000000     0.0000000     0.0000000 
          13.            0.       16.0000       1.49333        9.0404       10.0261        8.2389        7.3550         0.043       29.1858     0.0208355     0.0000172     0.0000000     0.0000171     0.0000001     0.0000000     0.0000000     0.0000000     0.0000000     0.0000000 
          14.            0.       15.0000       1.49273        9.0544       10.0288        8.2527        7.3654         0.046       28.5255     0.0210990     0.0000192     0.0000000     0.0000190     0.0000001     0.0000000     0.0000000     0.0000000     0.0000000     0.0000000 
          14.            0.       14.0000       1.49351        9.0705       10.0316        8.2698        7.3799         0.050       27.8233     0.0214075     0.0000215     0.0000000     0.0000213     0.0000002     0.0000000     0.0000000     0.0000000     0.0000000     0.0000000 
          14.            0.       13.0000       1.49597        9.0890       10.0345        8.2908        7.3992         0.054       27.0837     0.0217712     0.0000243     0.0000000     0.0000241     0.0000002     0.0000000     0.0000000     0.0000000     0.0000000     0.0000000 
          15.            0.       12.0000       1.50044        9.1101       10.0375        8.3162        7.4246         0.059       26.3272     0.0222037     0.0000277     0.0000000     0.0000275     0.0000002     0.0000000     0.0000000     0.0000000     0.0000000     0.0000000 
          16.            0.       11.0000       1.50733        9.1338       10.0405        8.3466        7.4573         0.064       25.5936     0.0227229     0.0000319     0.0000000     0.0000316     0.0000002     0.0000000     0.0000000     0.0000000     0.0000000     0.0000000 
          16.            0.       10.0000       1.51710        9.1602       10.0435        8.3827        7.4988         0.069       24.8150     0.0233534     0.0000371     0.0000000     0.0000369     0.0000003     0.0000000     0.0000000     0.0000000     0.0000000     0.0000000 
          16.            0.        9.0000       1.53050        9.1895       10.0466        8.4254        7.5515         0.075       23.9748     0.0241324     0.0000439     0.0000000     0.0000436     0.0000003     0.0000000     0.0000000     0.0000000     0.0000000     0.0000000 
          17.            0.        8.0000       1.54859        9.2219       10.0496        8.4755        7.6176         0.082       23.0832     0.0251178     0.0000528     0.0000000     0.0000525     0.0000004     0.0000000     0.0000000     0.0000000     0.0000000     0.0000000 
          18.            0.        7.0000       1.57283        9.2571       10.0527        8.5334        7.6989         0.087       22.1851     0.0264051     0.0000651     0.0000000     0.0000646     0.0000005     0.0000000     0.0000000     0.0000000     0.0000000     0.0000000 
          18.            0.        6.0000       1.60543        9.2945       10.0557        8.5982        7.7954         0.091       21.1942     0.0281582     0.0000828     0.0000002     0.0000819     0.0000007     0.0000000     0.0000000     0.0000000     0.0000000     0.0000000 
          18.            0.        5.0000       1.65000        9.3332       10.0587        8.6680        7.9041         0.094       20.0495     0.0306676     0.0001304     0.0000210     0.0001083     0.0000011     0.0000000     0.0000000     0.0000000     0.0000000     0.0000000 
          19.            0.        4.0000       1.71272        9.3723       10.0617        8.7400        8.0203         0.090       18.7763     0.0344737     0.0008804     0.0007266     0.0001519     0.0000020     0.0000000     0.0000000     0.0000000     0.0000000     0.0000000 
          20.            0.        3.0000       1.80391        9.4109       10.0646        8.8124        8.1406         0.078       17.3080     0.0406854     0.0086570     0.0084189     0.0002337     0.0000044     0.0000000     0.0000000     0.0000000     0.0000000     0.0000000 
          20.            0.        2.0000       1.94578        9.4478       10.0675        8.8817        8.2578         0.064       16.1508     0.0522907     0.0469937     0.0465554     0.0004237     0.0000147     0.0000000     0.0000000     0.0000000     0.0000000     0.0000000 
          20.            0.        2.0000       1.92287        9.4504       10.0677        8.8866        8.2664         0.057       15.8559     0.0516257     0.0447098     0.0442823     0.0004138     0.0000137     0.0000000     0.0000000     0.0000000     0.0000000     0.0000000 
          21.            0.        2.0000       1.90090        9.4526       10.0678        8.8908        8.2737         0.056       15.9024     0.0509944     0.0425839     0.0421667     0.0004044     0.0000127     0.0000000     0.0000000     0.0000000     0.0000000     0.0000000 
          22.            0.        2.0000       1.87967        9.4545       10.0680        8.8946        8.2803         0.057       16.0240     0.0503874     0.0405876     0.0401802     0.0003955     0.0000119     0.0000000     0.0000000     0.0000000     0.0000000     0.0000000 
          22.            0.        2.0000       1.85918        9.4564       10.0681        8.8982        8.2866         0.058       16.1708     0.0498034     0.0387162     0.0383181     0.0003870     0.0000111     0.0000000     0.0000000     0.0000000     0.0000000     0.0000000 
          22.            0.        2.0000       1.83944        9.4582       10.0683        8.9017        8.2926         0.059       16.3276     0.0492412     0.0369615     0.0365722     0.0003788     0.0000104     0.0000000     0.0000000     0.0000000     0.0000000     0.0000000 
          23.            0.        2.0000       1.82040        9.4600       10.0684        8.9050        8.2985         0.059       16.4888     0.0486996     0.0353152     0.0349344     0.0003711     0.0000098     0.0000000     0.0000000     0.0000000     0.0000000     0.0000000 
          24.            0.        2.0000       1.80203        9.4617       10.0685        8.9083        8.3042         0.060       16.6528     0.0481777     0.0337693     0.0333964     0.0003636     0.0000092     0.0000000     0.0000000     0.0000000     0.0000000     0.0000000 
          24.            0.        2.0000       1.78430        9.4634       10.0687        8.9115        8.3097         0.061       16.8186     0.0476744     0.0323162     0.0319510     0.0003566     0.0000086     0.0000000     0.0000000     0.0000000     0.0000000     0.0000000 
          24.            0.        2.0000       1.76718        9.4650       10.0688        8.9146        8.3151         0.062       16.9859     0.0471888     0.0309493     0.0305913     0.0003498     0.0000082     0.0000000     0.0000000     0.0000000     0.0000000     0.0000000 
          25.            0.        2.0000       1.75065        9.4666       10.0689        8.9176        8.3204         0.063       17.1548     0.0467201     0.0296621     0.0293111     0.0003433     0.0000077     0.0000000     0.0000000     0.0000000     0.0000000     0.0000000 
          26.            0.        2.0000       1.73467        9.4681       10.0690        8.9206        8.3255         0.064       17.3247     0.0462674     0.0284490     0.0281046     0.0003371     0.0000073     0.0000000     0.0000000     0.0000000     0.0000000     0.0000000 
          26.            0.        2.0000       1.71921        9.4696       10.0691        8.9234        8.3305         0.065       17.4959     0.0458299     0.0273047     0.0269667     0.0003311     0.0000069     0.0000000     0.0000000     0.0000000     0.0000000     0.0000000 
          26.            0.        2.0000       1.70426        9.4711       10.0693        8.9262        8.3354         0.066       17.6680     0.0454070     0.0262245     0.0258925     0.0003254     0.0000065     0.0000000     0.0000000     0.0000000     0.0000000     0.0000000 
          27.            0.        2.0000       1.68979        9.4725       10.0694        8.9290        8.3401         0.067       17.8410     0.0449979     0.0252038     0.0248777     0.0003199     0.0000062     0.0000000     0.0000000     0.0000000     0.0000000     0.0000000 
          28.            0.        2.0000       1.67578        9.4739       10.0695        8.9316        8.3448         0.068       18.0148     0.0446020     0.0242387     0.0239182     0.0003147     0.0000059     0.0000000     0.0000000     0.0000000     0.0000000     0.0000000 
          28.            0.        2.0000       1.66221        9.4753       10.0696        8.9342        8.3493         0.068       18.1892     0.0442188     0.0233254     0.0230102     0.0003096     0.0000056     0.0000000     0.0000000     0.0000000     0.0000000     0.0000000 
          28.            0.        2.0000       1.64905        9.4767       10.0697        8.9368        8.3537         0.069       18.3642     0.0438477     0.0224604     0.0221503     0.0003048     0.0000053     0.0000000     0.0000000     0.0000000     0.0000000     0.0000000 
          29.            0.        2.0000       1.63630        9.4780       10.0698        8.9392        8.3580         0.070       18.5398     0.0434880     0.0216406     0.0213354     0.0003001     0.0000051     0.0000000     0.0000000     0.0000000     0.0000000     0.0000000 
          30.            0.        2.0000       1.62393        9.4793       10.0699        8.9417        8.3622         0.071       18.7157     0.0431393     0.0208631     0.0205626     0.0002956     0.0000049     0.0000000     0.0000000     0.0000000     0.0000000     0.0000000 
          30.            0.        2.0000       1.61193        9.4805       10.0700        8.9440        8.3663         0.072       18.8920     0.0428012     0.0201250     0.0198291     0.0002913     0.0000046     0.0000000     0.0000000     0.0000000     0.0000000     0.0000000 
          30.            0.        2.0000       1.60028        9.4817       10.0701        8.9463        8.3703         0.072       19.0686     0.0424732     0.0194241     0.0191325     0.0002871     0.0000044     0.0000000     0.0000000     0.0000000     0.0000000     0.0000000 
          31.            0.        2.0000       1.58897        9.4829       10.0702        8.9486        8.3743         0.073       19.2454     0.0421548     0.0187578     0.0184705     0.0002831     0.0000043     0.0000000     0.0000000     0.0000000     0.0000000     0.0000000 
          32.            0.        2.0000       1.57798        9.4841       10.0703        8.9508        8.3781         0.074       19.4222     0.0418456     0.0181241     0.0178409     0.0002792     0.0000041     0.0000000     0.0000000     0.0000000     0.0000000     0.0000000 
          32.            0.        2.0000       1.56730        9.4853       10.0704        8.9530        8.3819         0.075       19.5992     0.0415454     0.0175211     0.0172417     0.0002754     0.0000039     0.0000000     0.0000000     0.0000000     0.0000000     0.0000000 
          32.            0.        2.0000       1.55692        9.4864       10.0705        8.9551        8.3856         0.075       19.7761     0.0412536     0.0169467     0.0166712     0.0002718     0.0000038     0.0000000     0.0000000     0.0000000     0.0000000     0.0000000 
          33.            0.        2.0000       1.54682        9.4875       10.0706        8.9572        8.3892         0.076       19.9530     0.0409700     0.0163994     0.0161275     0.0002683     0.0000036     0.0000000     0.0000000     0.0000000     0.0000000     0.0000000 
          34.            0.        2.0000       1.53700        9.4886       10.0707        8.9592        8.3927         0.077       20.1297     0.0406942     0.0158776     0.0156092     0.0002649     0.0000035     0.0000000     0.0000000     0.0000000     0.0000000     0.0000000 
          34.            0.        2.0000       1.52744        9.4897       10.0708        8.9612        8.3962         0.078       20.3063     0.0404259     0.0153797     0.0151147     0.0002616     0.0000033     0.0000000     0.0000000     0.0000000     0.0000000     0.0000000 
          34.            0.        2.0000       1.51814        9.4907       10.0709        8.9632        8.3996         0.078       20.4827     0.0401649     0.0149043     0.0146426     0.0002585     0.0000032     0.0000000     0.0000000     0.0000000     0.0000000     0.0000000 
          35.            0.        2.0000       1.50908        9.4917       10.0709        8.9651        8.4029         0.079       20.6588     0.0399108     0.0144503     0.0141918     0.0002554     0.0000031     0.0000000     0.0000000     0.0000000     0.0000000     0.0000000 
          36.            0.        2.0000       1.50025        9.4928       10.0710        8.9670        8.4061         0.080       20.8346     0.0396634     0.0140164     0.0137609     0.0002525     0.0000030     0.0000000     0.0000000     0.0000000     0.0000000     0.0000000 
          36.            0.        2.0000       1.49166        9.4937       10.0711        8.9688        8.4093         0.080       21.0101     0.0394224     0.0136014     0.0133489     0.0002496     0.0000029     0.0000000     0.0000000     0.0000000     0.0000000     0.0000000 
          36.            0.        2.0000       1.48327        9.4947       10.0712        8.9706        8.4125         0.081       21.1853     0.0391876     0.0132043     0.0129547     0.0002468     0.0000028     0.0000000     0.0000000     0.0000000     0.0000000     0.0000000 
          37.            0.        2.0000       1.47510        9.4957       10.0713        8.9724        8.4155         0.082       21.3600     0.0389587     0.0128242     0.0125774     0.0002441     0.0000027     0.0000000     0.0000000     0.0000000     0.0000000     0.0000000 
          38.            0.        2.0000       1.46713        9.4966       10.0713        8.9741        8.4185         0.083       21.5343     0.0387356     0.0124601     0.0122160     0.0002415     0.0000026     0.0000000     0.0000000     0.0000000     0.0000000     0.0000000 
          38.            0.        2.0000       1.45936        9.4975       10.0714        8.9758        8.4215         0.083       21.7081     0.0385180     0.0121112     0.0118698     0.0002389     0.0000025     0.0000000     0.0000000     0.0000000     0.0000000     0.0000000 
          38.            0.        2.0000       1.45177        9.4984       10.0715        8.9775        8.4244         0.084       21.8814     0.0383057     0.0117767     0.0115378     0.0002365     0.0000024     0.0000000     0.0000000     0.0000000     0.0000000     0.0000000 
          39.            0.        2.0000       1.44436        9.4993       10.0716        8.9792        8.4273         0.085       22.0542     0.0380986     0.0114558     0.0112194     0.0002341     0.0000024     0.0000000     0.0000000     0.0000000     0.0000000     0.0000000 
          40.            0.        2.0000       1.43713        9.5002       10.0717        8.9808        8.4300         0.085       22.2264     0.0378964     0.0111479     0.0109138     0.0002317     0.0000023     0.0000000     0.0000000     0.0000000     0.0000000     0.0000000 
          40.            0.        2.0000       1.43007        9.5010       10.0717        8.9824        8.4328         0.086       22.3982     0.0376990     0.0108522     0.0106205     0.0002295     0.0000022     0.0000000     0.0000000     0.0000000     0.0000000     0.0000000 
          40.            0.        2.0000       1.42317        9.5019       10.0718        8.9839        8.4355         0.087       22.5692     0.0375062     0.0105681     0.0103387     0.0002273     0.0000022     0.0000000     0.0000000     0.0000000     0.0000000     0.0000000 
          41.            0.        2.0000       1.41643        9.5027       10.0719        8.9854        8.4381         0.087       22.7397     0.0373179     0.0102951     0.0100679     0.0002251     0.0000021     0.0000000     0.0000000     0.0000000     0.0000000     0.0000000 
          42.            0.        2.0000       1.40984        9.5035       10.0719        8.9869        8.4407         0.088       22.9096     0.0371339     0.0100326     0.0098075     0.0002231     0.0000020     0.0000000     0.0000000     0.0000000     0.0000000     0.0000000 
          42.            0.        2.0000       1.40340        9.5043       10.0720        8.9884        8.4433         0.089       23.0788     0.0369540     0.0097801     0.0095571     0.0002210     0.0000020     0.0000000     0.0000000     0.0000000     0.0000000     0.0000000 
          42.            0.        2.0000       1.39710        9.5051       10.0721        8.9899        8.4458         0.089       23.2474     0.0367782     0.0095371     0.0093161     0.0002191     0.0000019     0.0000000     0.0000000     0.0000000     0.0000000     0.0000000 
          43.            0.        2.0000       1.39094        9.5059       10.0721        8.9913        8.4483         0.090       23.4153     0.0366063     0.0093032     0.0090842     0.0002171     0.0000019     0.0000000     0.0000000     0.0000000     0.0000000     0.0000000 
          44.            0.        2.0000       1.38491        9.5066       10.0722        8.9927        8.4507         0.091       23.5826     0.0364381     0.0090779     0.0088608     0.0002153     0.0000018     0.0000000     0.0000000     0.0000000     0.0000000     0.0000000 
          44.            0.        2.0000       1.37901        9.5074       10.0723        8.9941        8.4531         0.091       23.7491     0.0362736     0.0088608     0.0086455     0.0002135     0.0000018     0.0000000     0.0000000     0.0000000     0.0000000     0.0000000 
          44.            0.        2.0000       1.37323        9.5081       10.0723        8.9955        8.4554         0.092       23.9149     0.0361126     0.0086515     0.0084381     0.0002117     0.0000017     0.0000000     0.0000000     0.0000000     0.0000000     0.0000000 
          45.            0.        2.0000       1.36758        9.5089       10.0724        8.9968        8.4577         0.093       24.0800     0.0359550     0.0084497     0.0082381     0.0002099     0.0000017     0.0000000     0.0000000     0.0000000     0.0000000     0.0000000 
          46.            0.        2.0000       1.36204        9.5096       10.0725        8.9981        8.4600         0.093       24.2444     0.0358007     0.0082550     0.0080451     0.0002083     0.0000017     0.0000000     0.0000000     0.0000000     0.0000000     0.0000000 
          46.            0.        2.0000       1.35662        9.5103       10.0725        8.9994        8.4623         0.094       24.4081     0.0356497     0.0080672     0.0078589     0.0002066     0.0000016     0.0000000     0.0000000     0.0000000     0.0000000     0.0000000 
          46.            0.        2.0000       1.35131        9.5110       10.0726        9.0007        8.4644         0.095       24.5710     0.0355017     0.0078858     0.0076792     0.0002050     0.0000016     0.0000000     0.0000000     0.0000000     0.0000000     0.0000000 
          47.            0.        2.0000       1.34610        9.5116       10.0727        9.0019        8.4666         0.095       24.7332     0.0353567     0.0077106     0.0075057     0.0002034     0.0000015     0.0000000     0.0000000     0.0000000     0.0000000     0.0000000 
          48.            0.        2.0000       1.34100        9.5123       10.0727        9.0032        8.4687         0.096       24.8947     0.0352147     0.0075414     0.0073380     0.0002019     0.0000015     0.0000000     0.0000000     0.0000000     0.0000000     0.0000000 
          48.            0.        2.0000       1.33600        9.5130       10.0728        9.0044        8.4708         0.096       25.0554     0.0350755     0.0073779     0.0071760     0.0002004     0.0000015     0.0000000     0.0000000     0.0000000     0.0000000     0.0000000 
          48.            0.        2.0000       1.33110        9.5136       10.0728        9.0056        8.4729         0.097       25.2153     0.0349391     0.0072197     0.0070194     0.0001989     0.0000014     0.0000000     0.0000000     0.0000000     0.0000000     0.0000000 
          49.            0.        2.0000       1.32629        9.5143       10.0729        9.0068        8.4749         0.098       25.3745     0.0348053     0.0070668     0.0068679     0.0001975     0.0000014     0.0000000     0.0000000     0.0000000     0.0000000     0.0000000 
          50.            0.        2.0000       1.32157        9.5149       10.0730        9.0079        8.4769         0.098       25.5330     0.0346741     0.0069189     0.0067214     0.0001961     0.0000014     0.0000000     0.0000000     0.0000000     0.0000000     0.0000000 
          50.            0.        2.0000       1.31695        9.5155       10.0730        9.0091        8.4789         0.099       25.6906     0.0345455     0.0067757     0.0065796     0.0001948     0.0000013     0.0000000     0.0000000     0.0000000     0.0000000     0.0000000 
          50.            0.        2.0000       1.31241        9.5162       10.0731        9.0102        8.4808         0.100       25.8476     0.0344193     0.0066371     0.0064424     0.0001934     0.0000013     0.0000000     0.0000000     0.0000000     0.0000000     0.0000000 
          51.            0.        2.0000       1.30795        9.5168       10.0731        9.0113        8.4827         0.100       26.0037     0.0342954     0.0065029     0.0063095     0.0001921     0.0000013     0.0000000     0.0000000     0.0000000     0.0000000     0.0000000 
          52.            0.        2.0000       1.30358        9.5174       10.0732        9.0124        8.4846         0.101       26.1591     0.0341739     0.0063728     0.0061807     0.0001908     0.0000013     0.0000000     0.0000000     0.0000000     0.0000000     0.0000000 
          52.            0.        2.0000       1.29928        9.5180       10.0732        9.0135        8.4865         0.102       26.3137     0.0340546     0.0062469     0.0060560     0.0001896     0.0000012     0.0000000     0.0000000     0.0000000     0.0000000     0.0000000 
          52.            0.        2.0000       1.29507        9.5185       10.0733        9.0145        8.4883         0.102       26.4676     0.0339375     0.0061247     0.0059351     0.0001884     0.0000012     0.0000000     0.0000000     0.0000000     0.0000000     0.0000000 
          53.            0.        2.0000       1.29093        9.5191       10.0733        9.0156        8.4901         0.103       26.6207     0.0338225     0.0060063     0.0058180     0.0001872     0.0000012     0.0000000     0.0000000     0.0000000     0.0000000     0.0000000 
          54.            0.        2.0000       1.28686        9.5197       10.0734        9.0166        8.4919         0.104       26.7730     0.0337096     0.0058915     0.0057043     0.0001860     0.0000012     0.0000000     0.0000000     0.0000000     0.0000000     0.0000000 
          54.            0.        2.0000       1.28287        9.5202       10.0734        9.0176        8.4936         0.104       26.9246     0.0335987     0.0057801     0.0055941     0.0001848     0.0000011     0.0000000     0.0000000     0.0000000     0.0000000     0.0000000 
          54.            0.        2.0000       1.27894        9.5208       10.0735        9.0186        8.4953         0.105       27.0755     0.0334897     0.0056719     0.0054871     0.0001837     0.0000011     0.0000000     0.0000000     0.0000000     0.0000000     0.0000000 
          55.            0.        2.0000       1.27508        9.5213       10.0735        9.0196        8.4970         0.106       27.2255     0.0333827     0.0055670     0.0053833     0.0001826     0.0000011     0.0000000     0.0000000     0.0000000     0.0000000     0.0000000 
          56.            0.        2.0000       1.27129        9.5219       10.0736        9.0206        8.4987         0.106       27.3748     0.0332775     0.0054651     0.0052825     0.0001815     0.0000011     0.0000000     0.0000000     0.0000000     0.0000000     0.0000000 
          56.            0.        2.0000       1.26756        9.5224       10.0736        9.0216        8.5003         0.107       27.5234     0.0331741     0.0053661     0.0051846     0.0001805     0.0000011     0.0000000     0.0000000     0.0000000     0.0000000     0.0000000 
          56.            0.        2.0000       1.26390        9.5229       10.0737        9.0225        8.5020         0.108       27.6712     0.0330725     0.0052700     0.0050895     0.0001794     0.0000010     0.0000000     0.0000000     0.0000000     0.0000000     0.0000000 
          57.            0.        2.0000       1.26029        9.5234       10.0737        9.0234        8.5036         0.108       27.8183     0.0329726     0.0051765     0.0049971     0.0001784     0.0000010     0.0000000     0.0000000     0.0000000     0.0000000     0.0000000 
          58.            0.        2.0000       1.25675        9.5240       10.0738        9.0244        8.5051         0.109       27.9646     0.0328743     0.0050857     0.0049073     0.0001774     0.0000010     0.0000000     0.0000000     0.0000000     0.0000000     0.0000000 
          58.            0.        2.0000       1.25326        9.5245       10.0738        9.0253        8.5067         0.110       28.1103     0.0327777     0.0049974     0.0048200     0.0001764     0.0000010     0.0000000     0.0000000     0.0000000     0.0000000     0.0000000 
          58.            0.        2.0000       1.24983        9.5250       10.0739        9.0262        8.5082         0.110       28.2551     0.0326827     0.0049115     0.0047351     0.0001755     0.0000010     0.0000000     0.0000000     0.0000000     0.0000000     0.0000000 
          59.            0.        2.0000       1.24646        9.5254       10.0739        9.0270        8.5097         0.111       28.3992     0.0325892     0.0048280     0.0046525     0.0001745     0.0000010     0.0000000     0.0000000     0.0000000     0.0000000     0.0000000 
          60.            0.        2.0000       1.24314        9.5259       10.0740        9.0279        8.5112         0.112       28.5426     0.0324972     0.0047467     0.0045722     0.0001736     0.0000009     0.0000000     0.0000000     0.0000000     0.0000000     0.0000000 
          60.            0.        2.0000       1.23987        9.5264       10.0740        9.0288        8.5127         0.112       28.6853     0.0324068     0.0046676     0.0044940     0.0001727     0.0000009     0.0000000     0.0000000     0.0000000     0.0000000     0.0000000 
          60.            0.        2.0000       1.23665        9.5269       10.0741        9.0296        8.5142         0.113       28.8272     0.0323177     0.0045906     0.0044179     0.0001718     0.0000009     0.0000000     0.0000000     0.0000000     0.0000000     0.0000000 
          61.            0.        2.0000       1.23349        9.5273       10.0741        9.0305        8.5156         0.114       28.9685     0.0322301     0.0045157     0.0043438     0.0001709     0.0000009     0.0000000     0.0000000     0.0000000     0.0000000     0.0000000 
          62.            0.        2.0000       1.23037        9.5278       10.0741        9.0313        8.5170         0.115       29.1090     0.0321438     0.0044427     0.0042717     0.0001701     0.0000009     0.0000000     0.0000000     0.0000000     0.0000000     0.0000000 
          62.            0.        2.0000       1.22730        9.5283       10.0742        9.0321        8.5184         0.115       29.2488     0.0320588     0.0043715     0.0042014     0.0001692     0.0000009     0.0000000     0.0000000     0.0000000     0.0000000     0.0000000 
          62.            0.        2.0000       1.22428        9.5287       10.0742        9.0329        8.5198         0.116       29.3880     0.0319752     0.0043023     0.0041330     0.0001684     0.0000009     0.0000000     0.0000000     0.0000000     0.0000000     0.0000000 
          63.            0.        2.0000       1.22130        9.5291       10.0743        9.0337        8.5211         0.117       29.5264     0.0318929     0.0042347     0.0040663     0.0001676     0.0000008     0.0000000     0.0000000     0.0000000     0.0000000     0.0000000 
          64.            0.        2.0000       1.21836        9.5296       10.0743        9.0345        8.5225         0.117       29.6641     0.0318117     0.0041689     0.0040013     0.0001668     0.0000008     0.0000000     0.0000000     0.0000000     0.0000000     0.0000000 
          64.            0.        2.0000       1.21547        9.5300       10.0744        9.0353        8.5238         0.118       29.8012     0.0317318     0.0041047     0.0039379     0.0001660     0.0000008     0.0000000     0.0000000     0.0000000     0.0000000     0.0000000 
          64.            0.        2.0000       1.21263        9.5304       10.0744        9.0360        8.5251         0.119       29.9375     0.0316531     0.0040422     0.0038761     0.0001652     0.0000008     0.0000000     0.0000000     0.0000000     0.0000000     0.0000000 
          65.            0.        2.0000       1.20982        9.5309       10.0744        9.0368        8.5264         0.119       30.0732     0.0315756     0.0039811     0.0038158     0.0001645     0.0000008     0.0000000     0.0000000     0.0000000     0.0000000     0.0000000 
          66.            0.        2.0000       1.20706        9.5313       10.0745        9.0375        8.5276         0.120       30.2082     0.0314992     0.0039216     0.0037571     0.0001637     0.0000008     0.0000000     0.0000000     0.0000000     0.0000000     0.0000000 
          66.            0.        2.0000       1.20433        9.5317       10.0745        9.0383        8.5289         0.121       30.3425     0.0314239     0.0038635     0.0036997     0.0001630     0.0000008     0.0000000     0.0000000     0.0000000     0.0000000     0.0000000 
          66.            0.        2.0000       1.20164        9.5321       10.0746        9.0390        8.5301         0.121       30.4762     0.0313497     0.0038068     0.0036437     0.0001623     0.0000008     0.0000000     0.0000000     0.0000000     0.0000000     0.0000000 
          67.            0.        2.0000       1.19899        9.5325       10.0746        9.0397        8.5313         0.122       30.6092     0.0312766     0.0037514     0.0035891     0.0001616     0.0000008     0.0000000     0.0000000     0.0000000     0.0000000     0.0000000 
          68.            0.        2.0000       1.19638        9.5329       10.0746        9.0404        8.5325         0.123       30.7415     0.0312045     0.0036974     0.0035358     0.0001609     0.0000007     0.0000000     0.0000000     0.0000000     0.0000000     0.0000000 
          68.            0.        2.0000       1.19381        9.5333       10.0747        9.0411        8.5337         0.124       30.8732     0.0311334     0.0036446     0.0034837     0.0001602     0.0000007     0.0000000     0.0000000     0.0000000     0.0000000     0.0000000 
          68.            0.        2.0000       1.19127        9.5337       10.0747        9.0418        8.5349         0.124       31.0043     0.0310633     0.0035931     0.0034328     0.0001595     0.0000007     0.0000000     0.0000000     0.0000000     0.0000000     0.0000000 
          69.            0.        2.0000       1.18876        9.5340       10.0748        9.0425        8.5361         0.125       31.1347     0.0309942     0.0035427     0.0033832     0.0001588     0.0000007     0.0000000     0.0000000     0.0000000     0.0000000     0.0000000 
          70.            0.        2.0000       1.18629        9.5344       10.0748        9.0432        8.5372         0.126       31.2644     0.0309261     0.0034935     0.0033346     0.0001582     0.0000007     0.0000000     0.0000000     0.0000000     0.0000000     0.0000000 
          70.            0.        2.0000       1.18386        9.5348       10.0748        9.0438        8.5383         0.126       31.3936     0.0308589     0.0034454     0.0032872     0.0001575     0.0000007     0.0000000     0.0000000     0.0000000     0.0000000     0.0000000 
          70.            0.        2.0000       1.18145        9.5352       10.0749        9.0445        8.5394         0.127       31.5221     0.0307926     0.0033985     0.0032409     0.0001569     0.0000007     0.0000000     0.0000000     0.0000000     0.0000000     0.0000000 
          71.            0.        2.0000       1.17908        9.5355       10.0749        9.0451        8.5405         0.128       31.6500     0.0307272     0.0033525     0.0031956     0.0001563     0.0000007     0.0000000     0.0000000     0.0000000     0.0000000     0.0000000 
          72.            0.        2.0000       1.17674        9.5359       10.0749        9.0458        8.5416         0.129       31.7773     0.0306626     0.0033076     0.0031513     0.0001556     0.0000007     0.0000000     0.0000000     0.0000000     0.0000000     0.0000000 
          72.            0.        2.0000       1.17443        9.5362       10.0750        9.0464        8.5427         0.129       31.9039     0.0305990     0.0032637     0.0031080     0.0001550     0.0000007     0.0000000     0.0000000     0.0000000     0.0000000     0.0000000 
          72.            0.        2.0000       1.17215        9.5366       10.0750        9.0470        8.5438         0.130       32.0300     0.0305362     0.0032207     0.0030657     0.0001544     0.0000007     0.0000000     0.0000000     0.0000000     0.0000000     0.0000000 
          73.            0.        2.0000       1.16990        9.5369       10.0750        9.0476        8.5448         0.131       32.1554     0.0304741     0.0031787     0.0030242     0.0001538     0.0000007     0.0000000     0.0000000     0.0000000     0.0000000     0.0000000 
          74.            0.        2.0000       1.16767        9.5373       10.0751        9.0482        8.5458         0.132       32.2802     0.0304130     0.0031376     0.0029837     0.0001533     0.0000006     0.0000000     0.0000000     0.0000000     0.0000000     0.0000000 
          74.            0.        2.0000       1.16548        9.5376       10.0751        9.0489        8.5468         0.132       32.4045     0.0303526     0.0030974     0.0029441     0.0001527     0.0000006     0.0000000     0.0000000     0.0000000     0.0000000     0.0000000 
          74.            0.        2.0000       1.16331        9.5380       10.0751        9.0494        8.5478         0.133       32.5282     0.0302929     0.0030580     0.0029053     0.0001521     0.0000006     0.0000000     0.0000000     0.0000000     0.0000000     0.0000000 
          75.            0.        2.0000       1.16118        9.5383       10.0752        9.0500        8.5488         0.134       32.6513     0.0302341     0.0030195     0.0028673     0.0001516     0.0000006     0.0000000     0.0000000     0.0000000     0.0000000     0.0000000 
          76.            0.        2.0000       1.15906        9.5386       10.0752        9.0506        8.5498         0.135       32.7738     0.0301760     0.0029817     0.0028301     0.0001510     0.0000006     0.0000000     0.0000000     0.0000000     0.0000000     0.0000000 
          76.            0.        2.0000       1.15698        9.5390       10.0752        9.0512        8.5508         0.135       32.8957     0.0301186     0.0029448     0.0027937     0.0001505     0.0000006     0.0000000     0.0000000     0.0000000     0.0000000     0.0000000 
          76.            0.        2.0000       1.15492        9.5393       10.0753        9.0518        8.5517         0.136       33.0172     0.0300620     0.0029086     0.0027581     0.0001499     0.0000006     0.0000000     0.0000000     0.0000000     0.0000000     0.0000000 
          77.            0.        2.0000       1.15289        9.5396       10.0753        9.0523        8.5527         0.137       33.1383     0.0300061     0.0028732     0.0027232     0.0001494     0.0000006     0.0000000     0.0000000     0.0000000     0.0000000     0.0000000 
          78.            0.        2.0000       1.15088        9.5399       10.0753        9.0529        8.5536         0.138       33.2594     0.0299509     0.0028386     0.0026891     0.0001489     0.0000006     0.0000000     0.0000000     0.0000000     0.0000000     0.0000000 
          78.            0.        2.0000       1.14891        9.5402       10.0754        9.0534        8.5545         0.138       33.3818     0.0298967     0.0028048     0.0026558     0.0001484     0.0000006     0.0000000     0.0000000     0.0000000     0.0000000     0.0000000 
          78.            0.        2.0000       1.14699        9.5405       10.0754        9.0539        8.5555         0.140       33.5089     0.0298440     0.0027722     0.0026237     0.0001479     0.0000006     0.0000000     0.0000000     0.0000000     0.0000000     0.0000000 
          79.            0.        2.0000       1.14518        9.5408       10.0754        9.0545        8.5563         0.142       33.6505     0.0297941     0.0027417     0.0025936     0.0001474     0.0000006     0.0000000     0.0000000     0.0000000     0.0000000     0.0000000 
          80.            0.        2.0000       1.14365        9.5411       10.0755        9.0549        8.5572         0.146       33.8304     0.0297517     0.0027160     0.0025684     0.0001470     0.0000006     0.0000000     0.0000000     0.0000000     0.0000000     0.0000000 
          80.            0.        2.0000       1.14560        9.5400       10.0754        9.0531        8.5541         0.165       34.4818     0.0298120     0.0027489     0.0026008     0.0001475     0.0000006     0.0000000     0.0000000     0.0000000     0.0000000     0.0000000 
          80.            0.        3.0000       1.05781        9.5091       10.0726        8.9982        8.4620         0.191       35.9147     0.0229814     0.0001058     0.0000247     0.0000809     0.0000002     0.0000000     0.0000000     0.0000000     0.0000000     0.0000000 
          81.            0.        4.0000       1.00813        9.4779       10.0697        8.9435        8.3721         0.200       37.4418     0.0194191     0.0000532     0.0000000     0.0000531     0.0000001     0.0000000     0.0000000     0.0000000     0.0000000     0.0000000 
          82.            0.        5.0000       0.97551        9.4481       10.0669        8.8920        8.2892         0.200       38.7073     0.0172195     0.0000383     0.0000000     0.0000382     0.0000000     0.0000000     0.0000000     0.0000000     0.0000000     0.0000000 
          82.            0.        6.0000       0.95196        9.4199       10.0641        8.8443        8.2146         0.197       39.6649     0.0157231     0.0000292     0.0000000     0.0000292     0.0000000     0.0000000     0.0000000     0.0000000     0.0000000     0.0000000 
          82.            0.        7.0000       0.93369        9.3932       10.0613        8.8006        8.1487         0.196       40.3336     0.0146350     0.0000231     0.0000000     0.0000231     0.0000000     0.0000000     0.0000000     0.0000000     0.0000000     0.0000000 
          83.            0.        8.0000       0.91874        9.3680       10.0586        8.7607        8.0911         0.197       40.7539     0.0138043     0.0000188     0.0000000     0.0000188     0.0000000     0.0000000     0.0000000     0.0000000     0.0000000     0.0000000 
          84.            0.        9.0000       0.90603        9.3440       10.0558        8.7242        8.0408         0.198       40.9684     0.0131466     0.0000156     0.0000000     0.0000156     0.0000000     0.0000000     0.0000000     0.0000000     0.0000000     0.0000000 
          84.            0.       10.0000       0.89494        9.3210       10.0530        8.6906        7.9964         0.199       41.0148     0.0126116     0.0000131     0.0000000     0.0000131     0.0000000     0.0000000     0.0000000     0.0000000     0.0000000     0.0000000 
          84.            0.       11.0000       0.88509        9.2989       10.0501        8.6595        7.9568         0.199       40.9232     0.0121676     0.0000112     0.0000000     0.0000112     0.0000000     0.0000000     0.0000000     0.0000000     0.0000000     0.0000000 
          85.            0.       12.0000       0.87621        9.2777       10.0472        8.6304        7.9211         0.199       40.7162     0.0117934     0.0000096     0.0000000     0.0000096     0.0000000     0.0000000     0.0000000     0.0000000     0.0000000     0.0000000 
          86.            0.       13.0000       0.86809        9.2571       10.0442        8.6030        7.8884         0.199       40.4089     0.0114739     0.0000084     0.0000000     0.0000083     0.0000000     0.0000000     0.0000000     0.0000000     0.0000000     0.0000000 
          86.            0.       14.0000       0.86057        9.2373       10.0413        8.5771        7.8580         0.197       40.0080     0.0111982     0.0000073     0.0000000     0.0000073     0.0000000     0.0000000     0.0000000     0.0000000     0.0000000     0.0000000 
          86.            0.       15.0000       0.85344        9.2179       10.0383        8.5522        7.8292         0.194       39.5104     0.0109576     0.0000064     0.0000000     0.0000064     0.0000000     0.0000000     0.0000000     0.0000000     0.0000000     0.0000000 
          87.            0.       16.0000       0.84650        9.1988       10.0352        8.5278        7.8013         0.191       38.9008     0.0107452     0.0000056     0.0000000     0.0000056     0.0000000     0.0000000     0.0000000     0.0000000     0.0000000     0.0000000 
          88.            0.       17.0000       0.83948        9.1794       10.0322        8.5033        7.7733         0.186       38.1507     0.0105553     0.0000050     0.0000000     0.0000050     0.0000000     0.0000000     0.0000000     0.0000000     0.0000000     0.0000000 
          88.            0.       18.0000       0.83216        9.1592       10.0290        8.4779        7.7443         0.180       37.2256     0.0103837     0.0000044     0.0000000     0.0000044     0.0000000     0.0000000     0.0000000     0.0000000     0.0000000     0.0000000 
          88.            0.       19.0000       0.82451        9.1377       10.0255        8.4510        7.7137         0.174       36.1233     0.0102281     0.0000039     0.0000000     0.0000039     0.0000000     0.0000000     0.0000000     0.0000000     0.0000000     0.0000000 
          89.            0.       20.0000       0.81711        9.1158       10.0218        8.4240        7.6835         0.167       34.8755     0.0100898     0.0000035     0.0000000     0.0000035     0.0000000     0.0000000     0.0000000     0.0000000     0.0000000     0.0000000 
          90.            0.       20.0000       0.81348        9.1094       10.0211        8.4148        7.6718         0.163       34.1571     0.0100704     0.0000035     0.0000000     0.0000035     0.0000000     0.0000000     0.0000000     0.0000000     0.0000000     0.0000000 
          90.            0.       20.0000       0.81354        9.1094       10.0211        8.4149        7.6719         0.163       34.1923     0.0100710     0.0000035     0.0000000     0.0000035     0.0000000     0.0000000     0.0000000     0.0000000     0.0000000     0.0000000 
          90.            0.       20.0000       0.81356        9.1094       10.0211        8.4149        7.6719         0.164       34.2040     0.0100713     0.0000035     0.0000000     0.0000035     0.0000000     0.0000000     0.0000000     0.0000000     0.0000000     0.0000000 
          91.            0.       20.0000       0.81357        9.1094       10.0211        8.4149        7.6718         0.164       34.2078     0.0100715     0.0000035     0.0000000     0.0000035     0.0000000     0.0000000     0.0000000     0.0000000     0.0000000     0.0000000 
          92.            0.       20.0000       0.81357        9.1094       10.0211        8.4148        7.6717         0.164       34.2090     0.0100716     0.0000035     0.0000000     0.0000035     0.0000000     0.0000000     0.0000000     0.0000000     0.0000000     0.0000000 
          92.            0.       20.0000       0.81357        9.1094       10.0211        8.4148        7.6717         0.164       34.2094     0.0100718     0.0000035     0.0000000     0.0000035     0.0000000     0.0000000     0.0000000     0.0000000     0.0000000     0.0000000 
          92.            0.       20.0000       0.81357        9.1094       10.0211        8.4147        7.6716         0.165       34.2095     0.0100719     0.0000035     0.0000000     0.0000035     0.0000000     0.0000000     0.0000000     0.0000000     0.0000000     0.0000000 
          93.            0.       20.0000       0.81356        9.1093       10.0211        8.4147        7.6715         0.165       34.2095     0.0100721     0.0000035     0.0000000     0.0000035     0.0000000     0.0000000     0.0000000     0.0000000     0.0000000     0.0000000 
          94.            0.       20.0000       0.81356        9.1093       10.0211        8.4147        7.6714         0.165       34.2095     0.0100722     0.0000035     0.0000000     0.0000035     0.0000000     0.0000000     0.0000000     0.0000000     0.0000000     0.0000000 
          94.            0.       20.0000       0.81356        9.1093       10.0211        8.4146        7.6714         0.165       34.2094     0.0100724     0.0000035     0.0000000     0.0000035     0.0000000     0.0000000     0.0000000     0.0000000     0.0000000     0.0000000 
          94.            0.       20.0000       0.81356        9.1093       10.0211        8.4146        7.6713         0.166       34.2094     0.0100725     0.0000035     0.0000000     0.0000035     0.0000000     0.0000000     0.0000000     0.0000000     0.0000000     0.0000000 
          95.            0.       20.0000       0.81356        9.1093       10.0211        8.4145        7.6712         0.166       34.2093     0.0100727     0.0000035     0.0000000     0.0000035     0.0000000     0.0000000     0.0000000     0.0000000     0.0000000     0.0000000 
          96.            0.       20.0000       0.81355        9.1092       10.0211        8.4145        7.6711         0.166       34.2093     0.0100729     0.0000035     0.0000000     0.0000035     0.0000000     0.0000000     0.0000000     0.0000000     0.0000000     0.0000000 
          96.            0.       20.0000       0.81355        9.1092       10.0211        8.4144        7.6710         0.166       34.2093     0.0100730     0.0000035     0.0000000     0.0000035     0.0000000     0.0000000     0.0000000     0.0000000     0.0000000     0.0000000 
          96.            0.       20.0000       0.81355        9.1092       10.0211        8.4144        7.6710         0.167       34.2092     0.0100732     0.0000035     0.0000000     0.0000035     0.0000000     0.0000000     0.0000000     0.0000000     0.0000000     0.0000000 
          97.            0.       20.0000       0.81355        9.1092       10.0211        8.4143        7.6709         0.167       34.2092     0.0100733     0.0000035     0.0000000     0.0000035     0.0000000     0.0000000     0.0000000     0.0000000     0.0000000     0.0000000 
          98.            0.       20.0000       0.81355        9.1092       10.0211        8.4143        7.6708         0.167       34.2091     0.0100735     0.0000035     0.0000000     0.0000035     0.0000000     0.0000000     0.0000000     0.0000000     0.0000000     0.0000000 
          98.            0.       20.0000       0.81354        9.1091       10.0211        8.4142        7.6707         0.168       34.2091     0.0100737     0.0000035     0.0000000     0.0000035     0.0000000     0.0000000     0.0000000     0.0000000     0.0000000     0.0000000 
          98.            0.       20.0000       0.81354        9.1091       10.0211        8.4142        7.6706         0.168       34.2091     0.0100738     0.0000035     0.0000000     0.0000035     0.0000000     0.0000000     0.0000000     0.0000000     0.0000000     0.0000000 
          99.            0.       20.0000       0.81354        9.1091       10.0211        8.4142        7.6705         0.168       34.2090     0.0100740     0.0000035     0.0000000     0.0000035     0.0000000     0.0000000     0.0000000     0.0000000     0.0000000     0.0000000 
         100.            0.       20.0000       0.81354        9.1091       10.0211        8.4141        7.6705         0.168       34.2090     0.0100742     0.0000035     0.0000000     0.0000035     0.0000000     0.0000000     0.0000000     0.0000000     0.0000000     0.0000000 
         100.            0.       20.0000       0.81354        9.1091       10.0211        8.4141        7.6704         0.169       34.2090     0.0100743     0.0000035     0.0000000     0.0000035     0.0000000     0.0000000     0.0000000     0.0000000     0.0000000     0.0000000 
