%
%
% Run:2017  Table:COMPGRID          SWAN version:41.10A
%
%       Xp            Yp            Depth         Hsig          Tm_10         TPsmoo        Tm01          Tm02          Dir           Dspr          Steepn        Dissip        Ssurf         Sfric         Swcap         Redist        Snl3          Snl4          Genera        Swind    
%       [m]           [m]           [m]           [m]           [sec]         [sec]         [sec]         [sec]         [degr]        [degr]        [ ]           [m2/s]        [m2/s]        [m2/s]        [m2/s]        [m2/s]        [m2/s]        [m2/s]        [m2/s]        [m2/s]   
%
           0.            0.       20.0000       1.26013        9.0088       10.0166        8.2183        7.3533         0.049       32.6899     0.0167777     0.0000001     0.0000000     0.0000001     0.0000000     0.0000000     0.0000000     0.0000000     0.0000000     0.0000000 
           0.            0.       20.0000       1.26013        9.0088       10.0166        8.2183        7.3533         0.049       32.6898     0.0167777     0.0000082     0.0000000     0.0000081     0.0000000     0.0000000     0.0000000     0.0000000     0.0000000     0.0000000 
           1.            0.       20.0000       1.26013        9.0088       10.0166        8.2183        7.3533         0.049       32.6897     0.0167776     0.0000082     0.0000000     0.0000081     0.0000000     0.0000000     0.0000000     0.0000000     0.0000000     0.0000000 
           2.            0.       20.0000       1.26012        9.0088       10.0166        8.2183        7.3533         0.049       32.6897     0.0167776     0.0000082     0.0000000     0.0000081     0.0000000     0.0000000     0.0000000     0.0000000     0.0000000     0.0000000 
           2.            0.       20.0000       1.26012        9.0088       10.0166        8.2183        7.3533         0.049       32.6896     0.0167775     0.0000082     0.0000000     0.0000081     0.0000000     0.0000000     0.0000000     0.0000000     0.0000000     0.0000000 
           2.            0.       20.0000       1.26012        9.0088       10.0166        8.2183        7.3533         0.049       32.6896     0.0167775     0.0000082     0.0000000     0.0000081     0.0000000     0.0000000     0.0000000     0.0000000     0.0000000     0.0000000 
           3.            0.       20.0000       1.26011        9.0088       10.0166        8.2183        7.3533         0.048       32.6895     0.0167774     0.0000082     0.0000000     0.0000081     0.0000000     0.0000000     0.0000000     0.0000000     0.0000000     0.0000000 
           4.            0.       20.0000       1.26011        9.0088       10.0166        8.2183        7.3533         0.048       32.6894     0.0167774     0.0000082     0.0000000     0.0000081     0.0000000     0.0000000     0.0000000     0.0000000     0.0000000     0.0000000 
           4.            0.       20.0000       1.26010        9.0088       10.0166        8.2183        7.3533         0.048       32.6893     0.0167774     0.0000082     0.0000000     0.0000081     0.0000000     0.0000000     0.0000000     0.0000000     0.0000000     0.0000000 
           4.            0.       20.0000       1.26010        9.0088       10.0166        8.2183        7.3533         0.048       32.6893     0.0167773     0.0000082     0.0000000     0.0000081     0.0000000     0.0000000     0.0000000     0.0000000     0.0000000     0.0000000 
           5.            0.       20.0000       1.26010        9.0088       10.0166        8.2183        7.3533         0.048       32.6892     0.0167773     0.0000082     0.0000000     0.0000081     0.0000000     0.0000000     0.0000000     0.0000000     0.0000000     0.0000000 
           6.            0.       20.0000       1.26009        9.0088       10.0166        8.2183        7.3533         0.048       32.6892     0.0167772     0.0000082     0.0000000     0.0000081     0.0000000     0.0000000     0.0000000     0.0000000     0.0000000     0.0000000 
           6.            0.       20.0000       1.26009        9.0088       10.0166        8.2183        7.3533         0.048       32.6891     0.0167772     0.0000082     0.0000000     0.0000081     0.0000000     0.0000000     0.0000000     0.0000000     0.0000000     0.0000000 
           6.            0.       20.0000       1.26008        9.0087       10.0166        8.2183        7.3533         0.048       32.6890     0.0167771     0.0000082     0.0000000     0.0000081     0.0000000     0.0000000     0.0000000     0.0000000     0.0000000     0.0000000 
           7.            0.       20.0000       1.26008        9.0087       10.0166        8.2183        7.3533         0.048       32.6890     0.0167771     0.0000082     0.0000000     0.0000081     0.0000000     0.0000000     0.0000000     0.0000000     0.0000000     0.0000000 
           8.            0.       20.0000       1.26008        9.0087       10.0166        8.2183        7.3533         0.048       32.6889     0.0167771     0.0000082     0.0000000     0.0000081     0.0000000     0.0000000     0.0000000     0.0000000     0.0000000     0.0000000 
           8.            0.       20.0000       1.26007        9.0087       10.0166        8.2183        7.3533         0.047       32.6889     0.0167770     0.0000082     0.0000000     0.0000081     0.0000000     0.0000000     0.0000000     0.0000000     0.0000000     0.0000000 
           8.            0.       20.0000       1.26007        9.0087       10.0166        8.2183        7.3533         0.047       32.6888     0.0167770     0.0000082     0.0000000     0.0000081     0.0000000     0.0000000     0.0000000     0.0000000     0.0000000     0.0000000 
           9.            0.       20.0000       1.26006        9.0087       10.0166        8.2183        7.3533         0.047       32.6889     0.0167769     0.0000082     0.0000000     0.0000081     0.0000000     0.0000000     0.0000000     0.0000000     0.0000000     0.0000000 
          10.            0.       20.0000       1.26006        9.0087       10.0166        8.2183        7.3533         0.047       32.6891     0.0167769     0.0000082     0.0000000     0.0000081     0.0000000     0.0000000     0.0000000     0.0000000     0.0000000     0.0000000 
          10.            0.       20.0000       1.26006        9.0087       10.0166        8.2183        7.3533         0.047       32.6900     0.0167769     0.0000082     0.0000000     0.0000081     0.0000000     0.0000000     0.0000000     0.0000000     0.0000000     0.0000000 
          10.            0.       20.0000       1.26007        9.0088       10.0166        8.2183        7.3533         0.047       32.6928     0.0167769     0.0000082     0.0000000     0.0000081     0.0000000     0.0000000     0.0000000     0.0000000     0.0000000     0.0000000 
          11.            0.       20.0000       1.25811        9.0064       10.0164        8.2148        7.3489         0.051       32.4283     0.0167677     0.0000081     0.0000000     0.0000081     0.0000000     0.0000000     0.0000000     0.0000000     0.0000000     0.0000000 
          12.            0.       19.0000       1.25502        9.0133       10.0187        8.2191        7.3491         0.057       31.8678     0.0168954     0.0000089     0.0000000     0.0000089     0.0000000     0.0000000     0.0000000     0.0000000     0.0000000     0.0000000 
          12.            0.       18.0000       1.25208        9.0214       10.0212        8.2247        7.3505         0.062       31.2382     0.0170388     0.0000098     0.0000000     0.0000098     0.0000000     0.0000000     0.0000000     0.0000000     0.0000000     0.0000000 
          12.            0.       17.0000       1.24987        9.0315       10.0237        8.2329        7.3546         0.069       30.5908     0.0172036     0.0000108     0.0000000     0.0000108     0.0000000     0.0000000     0.0000000     0.0000000     0.0000000     0.0000000 
          13.            0.       16.0000       1.24865        9.0436       10.0264        8.2441        7.3621         0.075       29.9513     0.0173947     0.0000120     0.0000000     0.0000119     0.0000000     0.0000000     0.0000000     0.0000000     0.0000000     0.0000000 
          14.            0.       15.0000       1.24855        9.0580       10.0291        8.2585        7.3734         0.079       29.3499     0.0176176     0.0000134     0.0000000     0.0000133     0.0000001     0.0000000     0.0000000     0.0000000     0.0000000     0.0000000 
          14.            0.       14.0000       1.24964        9.0745       10.0320        8.2762        7.3887         0.086       28.7253     0.0178788     0.0000150     0.0000000     0.0000150     0.0000001     0.0000000     0.0000000     0.0000000     0.0000000     0.0000000 
          14.            0.       13.0000       1.25215        9.0933       10.0349        8.2978        7.4090         0.094       28.0824     0.0181867     0.0000170     0.0000000     0.0000169     0.0000001     0.0000000     0.0000000     0.0000000     0.0000000     0.0000000 
          15.            0.       12.0000       1.25638        9.1147       10.0379        8.3238        7.4352         0.104       27.4315     0.0185529     0.0000194     0.0000000     0.0000193     0.0000001     0.0000000     0.0000000     0.0000000     0.0000000     0.0000000 
          16.            0.       11.0000       1.26267        9.1387       10.0409        8.3548        7.4688         0.111       26.8017     0.0189926     0.0000223     0.0000000     0.0000222     0.0000001     0.0000000     0.0000000     0.0000000     0.0000000     0.0000000 
          16.            0.       10.0000       1.27143        9.1654       10.0439        8.3914        7.5112         0.121       26.1505     0.0195269     0.0000260     0.0000000     0.0000259     0.0000001     0.0000000     0.0000000     0.0000000     0.0000000     0.0000000 
          16.            0.        9.0000       1.28329        9.1949       10.0470        8.4346        7.5647         0.133       25.4650     0.0201870     0.0000308     0.0000000     0.0000307     0.0000001     0.0000000     0.0000000     0.0000000     0.0000000     0.0000000 
          17.            0.        8.0000       1.29911        9.2274       10.0501        8.4850        7.6315         0.145       24.7493     0.0210220     0.0000371     0.0000000     0.0000369     0.0000001     0.0000000     0.0000000     0.0000000     0.0000000     0.0000000 
          18.            0.        7.0000       1.32013        9.2626       10.0532        8.5430        7.7132         0.155       24.0274     0.0221122     0.0000457     0.0000000     0.0000455     0.0000002     0.0000000     0.0000000     0.0000000     0.0000000     0.0000000 
          18.            0.        6.0000       1.34814        9.2998       10.0562        8.6076        7.8097         0.164       23.2319     0.0235950     0.0000580     0.0000000     0.0000578     0.0000002     0.0000000     0.0000000     0.0000000     0.0000000     0.0000000 
          18.            0.        5.0000       1.38611        9.3383       10.0592        8.6768        7.9178         0.170       22.2980     0.0257133     0.0000772     0.0000004     0.0000765     0.0000004     0.0000000     0.0000000     0.0000000     0.0000000     0.0000000 
          19.            0.        4.0000       1.43920        9.3768       10.0621        8.7479        8.0328         0.164       21.2015     0.0289212     0.0001712     0.0000632     0.0001073     0.0000007     0.0000000     0.0000000     0.0000000     0.0000000     0.0000000 
          20.            0.        3.0000       1.51703        9.4146       10.0650        8.8187        8.1505         0.144       19.8645     0.0341738     0.0023776     0.0022107     0.0001653     0.0000016     0.0000000     0.0000000     0.0000000     0.0000000     0.0000000 
          20.            0.        2.0000       1.64071        9.4505       10.0678        8.8862        8.2647         0.117       18.7606     0.0440580     0.0220132     0.0217067     0.0003013     0.0000053     0.0000000     0.0000000     0.0000000     0.0000000     0.0000000 
          20.            0.        2.0000       1.62713        9.4525       10.0680        8.8898        8.2710         0.103       18.4594     0.0436625     0.0211490     0.0208477     0.0002963     0.0000050     0.0000000     0.0000000     0.0000000     0.0000000     0.0000000 
          21.            0.        2.0000       1.61477        9.4540       10.0681        8.8928        8.2762         0.102       18.5203     0.0433058     0.0203803     0.0200837     0.0002919     0.0000048     0.0000000     0.0000000     0.0000000     0.0000000     0.0000000 
          22.            0.        2.0000       1.60286        9.4554       10.0682        8.8954        8.2808         0.103       18.6497     0.0429644     0.0196564     0.0193642     0.0002876     0.0000046     0.0000000     0.0000000     0.0000000     0.0000000     0.0000000 
          22.            0.        2.0000       1.59133        9.4567       10.0683        8.8979        8.2851         0.104       18.8003     0.0426347     0.0189707     0.0186828     0.0002835     0.0000044     0.0000000     0.0000000     0.0000000     0.0000000     0.0000000 
          22.            0.        2.0000       1.58014        9.4579       10.0684        8.9003        8.2893         0.105       18.9582     0.0423152     0.0183196     0.0180359     0.0002795     0.0000042     0.0000000     0.0000000     0.0000000     0.0000000     0.0000000 
          23.            0.        2.0000       1.56927        9.4592       10.0685        8.9026        8.2933         0.107       19.1187     0.0420052     0.0177006     0.0174209     0.0002757     0.0000040     0.0000000     0.0000000     0.0000000     0.0000000     0.0000000 
          24.            0.        2.0000       1.55871        9.4604       10.0686        8.9049        8.2973         0.108       19.2802     0.0417041     0.0171116     0.0168357     0.0002720     0.0000039     0.0000000     0.0000000     0.0000000     0.0000000     0.0000000 
          24.            0.        2.0000       1.54845        9.4615       10.0687        8.9072        8.3012         0.109       19.4421     0.0414115     0.0165506     0.0162784     0.0002685     0.0000037     0.0000000     0.0000000     0.0000000     0.0000000     0.0000000 
          24.            0.        2.0000       1.53846        9.4627       10.0688        8.9093        8.3050         0.111       19.6041     0.0411272     0.0160161     0.0157475     0.0002651     0.0000036     0.0000000     0.0000000     0.0000000     0.0000000     0.0000000 
          25.            0.        2.0000       1.52875        9.4638       10.0689        8.9115        8.3087         0.112       19.7662     0.0408506     0.0155064     0.0152412     0.0002617     0.0000034     0.0000000     0.0000000     0.0000000     0.0000000     0.0000000 
          26.            0.        2.0000       1.51930        9.4649       10.0689        8.9136        8.3124         0.114       19.9282     0.0405816     0.0150201     0.0147583     0.0002585     0.0000033     0.0000000     0.0000000     0.0000000     0.0000000     0.0000000 
          26.            0.        2.0000       1.51010        9.4660       10.0690        8.9156        8.3159         0.115       20.0901     0.0403199     0.0145558     0.0142972     0.0002554     0.0000032     0.0000000     0.0000000     0.0000000     0.0000000     0.0000000 
          26.            0.        2.0000       1.50114        9.4670       10.0691        8.9177        8.3194         0.116       20.2520     0.0400651     0.0141123     0.0138569     0.0002524     0.0000031     0.0000000     0.0000000     0.0000000     0.0000000     0.0000000 
          27.            0.        2.0000       1.49241        9.4681       10.0692        8.9196        8.3229         0.118       20.4136     0.0398169     0.0136885     0.0134360     0.0002495     0.0000030     0.0000000     0.0000000     0.0000000     0.0000000     0.0000000 
          28.            0.        2.0000       1.48390        9.4691       10.0693        8.9216        8.3262         0.119       20.5750     0.0395752     0.0132831     0.0130336     0.0002467     0.0000028     0.0000000     0.0000000     0.0000000     0.0000000     0.0000000 
          28.            0.        2.0000       1.47561        9.4701       10.0694        8.9235        8.3295         0.120       20.7361     0.0393398     0.0128953     0.0126486     0.0002439     0.0000028     0.0000000     0.0000000     0.0000000     0.0000000     0.0000000 
          28.            0.        2.0000       1.46752        9.4711       10.0694        8.9253        8.3328         0.122       20.8969     0.0391102     0.0125239     0.0122800     0.0002413     0.0000027     0.0000000     0.0000000     0.0000000     0.0000000     0.0000000 
          29.            0.        2.0000       1.45963        9.4720       10.0695        8.9272        8.3359         0.123       21.0575     0.0388864     0.0121683     0.0119270     0.0002387     0.0000026     0.0000000     0.0000000     0.0000000     0.0000000     0.0000000 
          30.            0.        2.0000       1.45194        9.4730       10.0696        8.9290        8.3391         0.124       21.2176     0.0386682     0.0118274     0.0115887     0.0002362     0.0000025     0.0000000     0.0000000     0.0000000     0.0000000     0.0000000 
          30.            0.        2.0000       1.44443        9.4739       10.0697        8.9307        8.3421         0.126       21.3774     0.0384552     0.0115006     0.0112644     0.0002338     0.0000024     0.0000000     0.0000000     0.0000000     0.0000000     0.0000000 
          30.            0.        2.0000       1.43710        9.4748       10.0697        8.9324        8.3451         0.127       21.5368     0.0382474     0.0111871     0.0109533     0.0002314     0.0000023     0.0000000     0.0000000     0.0000000     0.0000000     0.0000000 
          31.            0.        2.0000       1.42994        9.4757       10.0698        8.9341        8.3481         0.129       21.6957     0.0380446     0.0108862     0.0106548     0.0002291     0.0000023     0.0000000     0.0000000     0.0000000     0.0000000     0.0000000 
          32.            0.        2.0000       1.42295        9.4766       10.0699        8.9358        8.3510         0.130       21.8541     0.0378465     0.0105973     0.0103681     0.0002269     0.0000022     0.0000000     0.0000000     0.0000000     0.0000000     0.0000000 
          32.            0.        2.0000       1.41612        9.4775       10.0699        8.9374        8.3538         0.131       22.0121     0.0376531     0.0103197     0.0100928     0.0002248     0.0000021     0.0000000     0.0000000     0.0000000     0.0000000     0.0000000 
          32.            0.        2.0000       1.40944        9.4784       10.0700        8.9391        8.3566         0.133       22.1695     0.0374641     0.0100529     0.0098282     0.0002226     0.0000021     0.0000000     0.0000000     0.0000000     0.0000000     0.0000000 
          33.            0.        2.0000       1.40292        9.4792       10.0701        8.9406        8.3593         0.134       22.3265     0.0372794     0.0097964     0.0095738     0.0002206     0.0000020     0.0000000     0.0000000     0.0000000     0.0000000     0.0000000 
          34.            0.        2.0000       1.39654        9.4800       10.0702        8.9422        8.3620         0.136       22.4828     0.0370989     0.0095496     0.0093290     0.0002186     0.0000020     0.0000000     0.0000000     0.0000000     0.0000000     0.0000000 
          34.            0.        2.0000       1.39030        9.4808       10.0702        8.9437        8.3647         0.137       22.6387     0.0369224     0.0093121     0.0090935     0.0002167     0.0000019     0.0000000     0.0000000     0.0000000     0.0000000     0.0000000 
          34.            0.        2.0000       1.38420        9.4816       10.0703        8.9452        8.3673         0.138       22.7939     0.0367498     0.0090835     0.0088668     0.0002148     0.0000019     0.0000000     0.0000000     0.0000000     0.0000000     0.0000000 
          35.            0.        2.0000       1.37822        9.4824       10.0703        8.9467        8.3699         0.140       22.9486     0.0365810     0.0088632     0.0086485     0.0002129     0.0000018     0.0000000     0.0000000     0.0000000     0.0000000     0.0000000 
          36.            0.        2.0000       1.37238        9.4832       10.0704        8.9482        8.3724         0.141       23.1027     0.0364158     0.0086510     0.0084381     0.0002111     0.0000018     0.0000000     0.0000000     0.0000000     0.0000000     0.0000000 
          36.            0.        2.0000       1.36666        9.4840       10.0705        8.9496        8.3749         0.142       23.2561     0.0362542     0.0084464     0.0082353     0.0002094     0.0000017     0.0000000     0.0000000     0.0000000     0.0000000     0.0000000 
          36.            0.        2.0000       1.36106        9.4847       10.0705        8.9510        8.3773         0.144       23.4090     0.0360959     0.0082492     0.0080398     0.0002077     0.0000017     0.0000000     0.0000000     0.0000000     0.0000000     0.0000000 
          37.            0.        2.0000       1.35557        9.4855       10.0706        8.9524        8.3797         0.145       23.5612     0.0359410     0.0080588     0.0078512     0.0002060     0.0000016     0.0000000     0.0000000     0.0000000     0.0000000     0.0000000 
          38.            0.        2.0000       1.35019        9.4862       10.0707        8.9538        8.3821         0.147       23.7128     0.0357892     0.0078752     0.0076692     0.0002044     0.0000016     0.0000000     0.0000000     0.0000000     0.0000000     0.0000000 
          38.            0.        2.0000       1.34493        9.4869       10.0707        8.9551        8.3844         0.148       23.8637     0.0356406     0.0076978     0.0074934     0.0002028     0.0000016     0.0000000     0.0000000     0.0000000     0.0000000     0.0000000 
          38.            0.        2.0000       1.33977        9.4876       10.0708        8.9564        8.3867         0.149       24.0140     0.0354950     0.0075265     0.0073238     0.0002013     0.0000015     0.0000000     0.0000000     0.0000000     0.0000000     0.0000000 
          39.            0.        2.0000       1.33471        9.4883       10.0708        8.9577        8.3889         0.151       24.1636     0.0353523     0.0073611     0.0071598     0.0001998     0.0000015     0.0000000     0.0000000     0.0000000     0.0000000     0.0000000 
          40.            0.        2.0000       1.32975        9.4890       10.0709        8.9590        8.3912         0.152       24.3125     0.0352124     0.0072011     0.0070014     0.0001983     0.0000015     0.0000000     0.0000000     0.0000000     0.0000000     0.0000000 
          40.            0.        2.0000       1.32489        9.4897       10.0710        8.9603        8.3934         0.154       24.4608     0.0350753     0.0070465     0.0068482     0.0001968     0.0000014     0.0000000     0.0000000     0.0000000     0.0000000     0.0000000 
          40.            0.        2.0000       1.32012        9.4903       10.0710        8.9615        8.3955         0.155       24.6084     0.0349409     0.0068970     0.0067001     0.0001954     0.0000014     0.0000000     0.0000000     0.0000000     0.0000000     0.0000000 
          41.            0.        2.0000       1.31544        9.4910       10.0711        8.9627        8.3976         0.157       24.7554     0.0348091     0.0067523     0.0065568     0.0001941     0.0000014     0.0000000     0.0000000     0.0000000     0.0000000     0.0000000 
          42.            0.        2.0000       1.31085        9.4916       10.0711        8.9639        8.3997         0.158       24.9016     0.0346797     0.0066122     0.0064182     0.0001927     0.0000013     0.0000000     0.0000000     0.0000000     0.0000000     0.0000000 
          42.            0.        2.0000       1.30635        9.4923       10.0712        8.9651        8.4018         0.159       25.0472     0.0345529     0.0064766     0.0062839     0.0001914     0.0000013     0.0000000     0.0000000     0.0000000     0.0000000     0.0000000 
          42.            0.        2.0000       1.30193        9.4929       10.0712        8.9663        8.4038         0.161       25.1921     0.0344283     0.0063454     0.0061540     0.0001901     0.0000013     0.0000000     0.0000000     0.0000000     0.0000000     0.0000000 
          43.            0.        2.0000       1.29759        9.4935       10.0713        8.9675        8.4058         0.162       25.3363     0.0343061     0.0062182     0.0060280     0.0001889     0.0000013     0.0000000     0.0000000     0.0000000     0.0000000     0.0000000 
          44.            0.        2.0000       1.29333        9.4941       10.0713        8.9686        8.4078         0.164       25.4798     0.0341862     0.0060949     0.0059061     0.0001876     0.0000012     0.0000000     0.0000000     0.0000000     0.0000000     0.0000000 
          44.            0.        2.0000       1.28914        9.4947       10.0714        8.9697        8.4097         0.165       25.6226     0.0340684     0.0059754     0.0057878     0.0001864     0.0000012     0.0000000     0.0000000     0.0000000     0.0000000     0.0000000 
          44.            0.        2.0000       1.28503        9.4953       10.0714        8.9708        8.4116         0.166       25.7647     0.0339528     0.0058596     0.0056732     0.0001852     0.0000012     0.0000000     0.0000000     0.0000000     0.0000000     0.0000000 
          45.            0.        2.0000       1.28100        9.4959       10.0715        8.9719        8.4135         0.168       25.9062     0.0338392     0.0057472     0.0055620     0.0001841     0.0000012     0.0000000     0.0000000     0.0000000     0.0000000     0.0000000 
          46.            0.        2.0000       1.27703        9.4965       10.0715        8.9730        8.4154         0.169       26.0469     0.0337276     0.0056382     0.0054541     0.0001829     0.0000011     0.0000000     0.0000000     0.0000000     0.0000000     0.0000000 
          46.            0.        2.0000       1.27313        9.4971       10.0716        8.9741        8.4172         0.171       26.1870     0.0336179     0.0055324     0.0053495     0.0001818     0.0000011     0.0000000     0.0000000     0.0000000     0.0000000     0.0000000 
          46.            0.        2.0000       1.26930        9.4976       10.0716        8.9751        8.4190         0.172       26.3264     0.0335102     0.0054297     0.0052479     0.0001807     0.0000011     0.0000000     0.0000000     0.0000000     0.0000000     0.0000000 
          47.            0.        2.0000       1.26553        9.4982       10.0717        8.9761        8.4208         0.173       26.4651     0.0334044     0.0053300     0.0051492     0.0001797     0.0000011     0.0000000     0.0000000     0.0000000     0.0000000     0.0000000 
          48.            0.        2.0000       1.26183        9.4987       10.0717        8.9771        8.4225         0.175       26.6031     0.0333003     0.0052331     0.0050534     0.0001786     0.0000011     0.0000000     0.0000000     0.0000000     0.0000000     0.0000000 
          48.            0.        2.0000       1.25819        9.4993       10.0718        8.9782        8.4243         0.176       26.7404     0.0331980     0.0051390     0.0049604     0.0001776     0.0000010     0.0000000     0.0000000     0.0000000     0.0000000     0.0000000 
          48.            0.        2.0000       1.25461        9.4998       10.0718        8.9791        8.4260         0.178       26.8770     0.0330974     0.0050476     0.0048700     0.0001766     0.0000010     0.0000000     0.0000000     0.0000000     0.0000000     0.0000000 
          49.            0.        2.0000       1.25109        9.5004       10.0719        8.9801        8.4277         0.179       27.0130     0.0329985     0.0049587     0.0047821     0.0001756     0.0000010     0.0000000     0.0000000     0.0000000     0.0000000     0.0000000 
          50.            0.        2.0000       1.24762        9.5009       10.0719        8.9811        8.4293         0.181       27.1483     0.0329012     0.0048723     0.0046966     0.0001747     0.0000010     0.0000000     0.0000000     0.0000000     0.0000000     0.0000000 
          50.            0.        2.0000       1.24421        9.5014       10.0720        8.9820        8.4310         0.182       27.2829     0.0328055     0.0047882     0.0046135     0.0001737     0.0000010     0.0000000     0.0000000     0.0000000     0.0000000     0.0000000 
          50.            0.        2.0000       1.24086        9.5019       10.0720        8.9830        8.4326         0.183       27.4168     0.0327114     0.0047064     0.0045327     0.0001728     0.0000010     0.0000000     0.0000000     0.0000000     0.0000000     0.0000000 
          51.            0.        2.0000       1.23756        9.5024       10.0720        8.9839        8.4342         0.185       27.5501     0.0326187     0.0046269     0.0044541     0.0001719     0.0000009     0.0000000     0.0000000     0.0000000     0.0000000     0.0000000 
          52.            0.        2.0000       1.23431        9.5029       10.0721        8.9848        8.4357         0.186       27.6828     0.0325276     0.0045495     0.0043776     0.0001710     0.0000009     0.0000000     0.0000000     0.0000000     0.0000000     0.0000000 
          52.            0.        2.0000       1.23111        9.5034       10.0721        8.9857        8.4373         0.188       27.8147     0.0324379     0.0044741     0.0043031     0.0001701     0.0000009     0.0000000     0.0000000     0.0000000     0.0000000     0.0000000 
          52.            0.        2.0000       1.22796        9.5039       10.0722        8.9866        8.4388         0.189       27.9460     0.0323495     0.0044007     0.0042306     0.0001692     0.0000009     0.0000000     0.0000000     0.0000000     0.0000000     0.0000000 
          53.            0.        2.0000       1.22486        9.5043       10.0722        8.9875        8.4403         0.190       28.0766     0.0322626     0.0043292     0.0041600     0.0001684     0.0000009     0.0000000     0.0000000     0.0000000     0.0000000     0.0000000 
          54.            0.        2.0000       1.22181        9.5048       10.0723        8.9883        8.4418         0.192       28.2066     0.0321770     0.0042596     0.0040912     0.0001675     0.0000009     0.0000000     0.0000000     0.0000000     0.0000000     0.0000000 
          54.            0.        2.0000       1.21880        9.5053       10.0723        8.9892        8.4433         0.193       28.3359     0.0320927     0.0041917     0.0040242     0.0001667     0.0000009     0.0000000     0.0000000     0.0000000     0.0000000     0.0000000 
          54.            0.        2.0000       1.21584        9.5057       10.0723        8.9900        8.4448         0.195       28.4646     0.0320097     0.0041256     0.0039589     0.0001659     0.0000008     0.0000000     0.0000000     0.0000000     0.0000000     0.0000000 
          55.            0.        2.0000       1.21292        9.5062       10.0724        8.9909        8.4462         0.196       28.5926     0.0319279     0.0040612     0.0038952     0.0001651     0.0000008     0.0000000     0.0000000     0.0000000     0.0000000     0.0000000 
          56.            0.        2.0000       1.21004        9.5066       10.0724        8.9917        8.4476         0.197       28.7200     0.0318473     0.0039983     0.0038332     0.0001643     0.0000008     0.0000000     0.0000000     0.0000000     0.0000000     0.0000000 
          56.            0.        2.0000       1.20721        9.5071       10.0725        8.9925        8.4490         0.199       28.8469     0.0317679     0.0039370     0.0037727     0.0001636     0.0000008     0.0000000     0.0000000     0.0000000     0.0000000     0.0000000 
          56.            0.        2.0000       1.20441        9.5075       10.0725        8.9933        8.4504         0.200       28.9730     0.0316897     0.0038773     0.0037136     0.0001628     0.0000008     0.0000000     0.0000000     0.0000000     0.0000000     0.0000000 
          57.            0.        2.0000       1.20166        9.5080       10.0725        8.9941        8.4517         0.202       29.0985     0.0316127     0.0038189     0.0036561     0.0001621     0.0000008     0.0000000     0.0000000     0.0000000     0.0000000     0.0000000 
          58.            0.        2.0000       1.19895        9.5084       10.0726        8.9949        8.4531         0.203       29.2234     0.0315367     0.0037620     0.0035999     0.0001614     0.0000008     0.0000000     0.0000000     0.0000000     0.0000000     0.0000000 
          58.            0.        2.0000       1.19627        9.5088       10.0726        8.9957        8.4544         0.204       29.3477     0.0314619     0.0037065     0.0035451     0.0001606     0.0000008     0.0000000     0.0000000     0.0000000     0.0000000     0.0000000 
          58.            0.        2.0000       1.19363        9.5092       10.0727        8.9964        8.4557         0.206       29.4713     0.0313881     0.0036523     0.0034916     0.0001599     0.0000007     0.0000000     0.0000000     0.0000000     0.0000000     0.0000000 
          59.            0.        2.0000       1.19103        9.5096       10.0727        8.9972        8.4570         0.207       29.5944     0.0313153     0.0035994     0.0034394     0.0001592     0.0000007     0.0000000     0.0000000     0.0000000     0.0000000     0.0000000 
          60.            0.        2.0000       1.18847        9.5100       10.0727        8.9979        8.4583         0.208       29.7169     0.0312436     0.0035477     0.0033884     0.0001586     0.0000007     0.0000000     0.0000000     0.0000000     0.0000000     0.0000000 
          60.            0.        2.0000       1.18594        9.5105       10.0728        8.9987        8.4596         0.210       29.8387     0.0311728     0.0034972     0.0033386     0.0001579     0.0000007     0.0000000     0.0000000     0.0000000     0.0000000     0.0000000 
          60.            0.        2.0000       1.18344        9.5109       10.0728        8.9994        8.4608         0.211       29.9600     0.0311031     0.0034478     0.0032899     0.0001572     0.0000007     0.0000000     0.0000000     0.0000000     0.0000000     0.0000000 
          61.            0.        2.0000       1.18098        9.5112       10.0728        9.0001        8.4620         0.212       30.0806     0.0310343     0.0033997     0.0032424     0.0001566     0.0000007     0.0000000     0.0000000     0.0000000     0.0000000     0.0000000 
          62.            0.        2.0000       1.17855        9.5116       10.0729        9.0008        8.4632         0.214       30.2007     0.0309664     0.0033526     0.0031959     0.0001559     0.0000007     0.0000000     0.0000000     0.0000000     0.0000000     0.0000000 
          62.            0.        2.0000       1.17615        9.5120       10.0729        9.0015        8.4644         0.215       30.3202     0.0308995     0.0033065     0.0031505     0.0001553     0.0000007     0.0000000     0.0000000     0.0000000     0.0000000     0.0000000 
          62.            0.        2.0000       1.17379        9.5124       10.0729        9.0022        8.4656         0.217       30.4391     0.0308334     0.0032615     0.0031062     0.0001547     0.0000007     0.0000000     0.0000000     0.0000000     0.0000000     0.0000000 
          63.            0.        2.0000       1.17145        9.5128       10.0730        9.0029        8.4668         0.218       30.5575     0.0307682     0.0032175     0.0030628     0.0001541     0.0000007     0.0000000     0.0000000     0.0000000     0.0000000     0.0000000 
          64.            0.        2.0000       1.16915        9.5131       10.0730        9.0036        8.4679         0.219       30.6753     0.0307039     0.0031745     0.0030204     0.0001535     0.0000007     0.0000000     0.0000000     0.0000000     0.0000000     0.0000000 
          64.            0.        2.0000       1.16688        9.5135       10.0731        9.0042        8.4691         0.221       30.7925     0.0306404     0.0031324     0.0029789     0.0001529     0.0000007     0.0000000     0.0000000     0.0000000     0.0000000     0.0000000 
          64.            0.        2.0000       1.16463        9.5139       10.0731        9.0049        8.4702         0.222       30.9091     0.0305778     0.0030912     0.0029383     0.0001523     0.0000006     0.0000000     0.0000000     0.0000000     0.0000000     0.0000000 
          65.            0.        2.0000       1.16241        9.5142       10.0731        9.0055        8.4713         0.223       31.0252     0.0305160     0.0030509     0.0028986     0.0001517     0.0000006     0.0000000     0.0000000     0.0000000     0.0000000     0.0000000 
          66.            0.        2.0000       1.16023        9.5146       10.0732        9.0062        8.4724         0.225       31.1408     0.0304549     0.0030115     0.0028597     0.0001511     0.0000006     0.0000000     0.0000000     0.0000000     0.0000000     0.0000000 
          66.            0.        2.0000       1.15806        9.5149       10.0732        9.0068        8.4735         0.226       31.2558     0.0303947     0.0029729     0.0028217     0.0001506     0.0000006     0.0000000     0.0000000     0.0000000     0.0000000     0.0000000 
          66.            0.        2.0000       1.15593        9.5153       10.0732        9.0074        8.4746         0.227       31.3702     0.0303352     0.0029351     0.0027845     0.0001500     0.0000006     0.0000000     0.0000000     0.0000000     0.0000000     0.0000000 
          67.            0.        2.0000       1.15382        9.5156       10.0732        9.0081        8.4756         0.229       31.4841     0.0302764     0.0028982     0.0027481     0.0001495     0.0000006     0.0000000     0.0000000     0.0000000     0.0000000     0.0000000 
          68.            0.        2.0000       1.15174        9.5160       10.0733        9.0087        8.4767         0.230       31.5975     0.0302184     0.0028620     0.0027124     0.0001489     0.0000006     0.0000000     0.0000000     0.0000000     0.0000000     0.0000000 
          68.            0.        2.0000       1.14968        9.5163       10.0733        9.0093        8.4777         0.231       31.7103     0.0301611     0.0028265     0.0026775     0.0001484     0.0000006     0.0000000     0.0000000     0.0000000     0.0000000     0.0000000 
          68.            0.        2.0000       1.14765        9.5166       10.0733        9.0099        8.4787         0.232       31.8227     0.0301045     0.0027918     0.0026433     0.0001479     0.0000006     0.0000000     0.0000000     0.0000000     0.0000000     0.0000000 
          69.            0.        2.0000       1.14564        9.5170       10.0734        9.0105        8.4797         0.234       31.9344     0.0300487     0.0027577     0.0026098     0.0001474     0.0000006     0.0000000     0.0000000     0.0000000     0.0000000     0.0000000 
          70.            0.        2.0000       1.14366        9.5173       10.0734        9.0111        8.4807         0.235       32.0457     0.0299934     0.0027244     0.0025769     0.0001469     0.0000006     0.0000000     0.0000000     0.0000000     0.0000000     0.0000000 
          70.            0.        2.0000       1.14170        9.5176       10.0734        9.0116        8.4817         0.236       32.1564     0.0299389     0.0026917     0.0025448     0.0001464     0.0000006     0.0000000     0.0000000     0.0000000     0.0000000     0.0000000 
          70.            0.        2.0000       1.13976        9.5179       10.0735        9.0122        8.4827         0.238       32.2667     0.0298850     0.0026597     0.0025132     0.0001459     0.0000006     0.0000000     0.0000000     0.0000000     0.0000000     0.0000000 
          71.            0.        2.0000       1.13785        9.5182       10.0735        9.0128        8.4836         0.239       32.3764     0.0298318     0.0026283     0.0024824     0.0001454     0.0000006     0.0000000     0.0000000     0.0000000     0.0000000     0.0000000 
          72.            0.        2.0000       1.13596        9.5185       10.0735        9.0133        8.4846         0.240       32.4856     0.0297792     0.0025975     0.0024521     0.0001449     0.0000006     0.0000000     0.0000000     0.0000000     0.0000000     0.0000000 
          72.            0.        2.0000       1.13409        9.5189       10.0736        9.0139        8.4855         0.241       32.5944     0.0297272     0.0025674     0.0024224     0.0001444     0.0000005     0.0000000     0.0000000     0.0000000     0.0000000     0.0000000 
          72.            0.        2.0000       1.13224        9.5192       10.0736        9.0144        8.4865         0.243       32.7026     0.0296758     0.0025378     0.0023933     0.0001440     0.0000005     0.0000000     0.0000000     0.0000000     0.0000000     0.0000000 
          73.            0.        2.0000       1.13041        9.5195       10.0736        9.0150        8.4874         0.244       32.8104     0.0296250     0.0025088     0.0023647     0.0001435     0.0000005     0.0000000     0.0000000     0.0000000     0.0000000     0.0000000 
          74.            0.        2.0000       1.12861        9.5198       10.0736        9.0155        8.4883         0.245       32.9176     0.0295748     0.0024803     0.0023367     0.0001431     0.0000005     0.0000000     0.0000000     0.0000000     0.0000000     0.0000000 
          74.            0.        2.0000       1.12682        9.5201       10.0737        9.0160        8.4892         0.247       33.0244     0.0295252     0.0024524     0.0023093     0.0001426     0.0000005     0.0000000     0.0000000     0.0000000     0.0000000     0.0000000 
          74.            0.        2.0000       1.12505        9.5203       10.0737        9.0165        8.4900         0.248       33.1307     0.0294761     0.0024250     0.0022823     0.0001422     0.0000005     0.0000000     0.0000000     0.0000000     0.0000000     0.0000000 
          75.            0.        2.0000       1.12331        9.5206       10.0737        9.0171        8.4909         0.249       33.2366     0.0294276     0.0023981     0.0022559     0.0001417     0.0000005     0.0000000     0.0000000     0.0000000     0.0000000     0.0000000 
          76.            0.        2.0000       1.12158        9.5209       10.0738        9.0176        8.4918         0.250       33.3419     0.0293797     0.0023718     0.0022300     0.0001413     0.0000005     0.0000000     0.0000000     0.0000000     0.0000000     0.0000000 
          76.            0.        2.0000       1.11987        9.5212       10.0738        9.0181        8.4926         0.251       33.4468     0.0293323     0.0023459     0.0022045     0.0001409     0.0000005     0.0000000     0.0000000     0.0000000     0.0000000     0.0000000 
          76.            0.        2.0000       1.11818        9.5215       10.0738        9.0186        8.4935         0.253       33.5514     0.0292854     0.0023205     0.0021795     0.0001404     0.0000005     0.0000000     0.0000000     0.0000000     0.0000000     0.0000000 
          77.            0.        2.0000       1.11651        9.5218       10.0738        9.0190        8.4943         0.254       33.6556     0.0292391     0.0022956     0.0021550     0.0001400     0.0000005     0.0000000     0.0000000     0.0000000     0.0000000     0.0000000 
          78.            0.        2.0000       1.11486        9.5220       10.0739        9.0195        8.4951         0.255       33.7599     0.0291933     0.0022711     0.0021310     0.0001396     0.0000005     0.0000000     0.0000000     0.0000000     0.0000000     0.0000000 
          78.            0.        2.0000       1.11324        9.5223       10.0739        9.0200        8.4959         0.257       33.8655     0.0291484     0.0022473     0.0021076     0.0001392     0.0000005     0.0000000     0.0000000     0.0000000     0.0000000     0.0000000 
          78.            0.        2.0000       1.11167        9.5226       10.0739        9.0205        8.4967         0.259       33.9755     0.0291046     0.0022243     0.0020850     0.0001388     0.0000005     0.0000000     0.0000000     0.0000000     0.0000000     0.0000000 
          79.            0.        2.0000       1.11019        9.5228       10.0740        9.0209        8.4975         0.262       34.0994     0.0290637     0.0022029     0.0020640     0.0001384     0.0000005     0.0000000     0.0000000     0.0000000     0.0000000     0.0000000 
          80.            0.        2.0000       1.10900        9.5230       10.0740        9.0213        8.4982         0.267       34.2619     0.0290301     0.0021856     0.0020470     0.0001381     0.0000005     0.0000000     0.0000000     0.0000000     0.0000000     0.0000000 
          80.            0.        2.0000       1.11132        9.5218       10.0739        9.0192        8.4946         0.303       34.9066     0.0291019     0.0022192     0.0020800     0.0001387     0.0000005     0.0000000     0.0000000     0.0000000     0.0000000     0.0000000 
          80.            0.        3.0000       1.02650        9.4896       10.0711        8.9612        8.3970         0.347       36.3340     0.0224655     0.0000907     0.0000145     0.0000761     0.0000001     0.0000000     0.0000000     0.0000000     0.0000000     0.0000000 
          81.            0.        4.0000       0.97839        9.4570       10.0682        8.9035        8.3020         0.354       37.8261     0.0190065     0.0000500     0.0000000     0.0000499     0.0000001     0.0000000     0.0000000     0.0000000     0.0000000     0.0000000 
          82.            0.        5.0000       0.94672        9.4260       10.0653        8.8492        8.2148         0.341       39.0514     0.0168726     0.0000360     0.0000000     0.0000360     0.0000000     0.0000000     0.0000000     0.0000000     0.0000000     0.0000000 
          82.            0.        6.0000       0.92382        9.3966       10.0625        8.7993        8.1368         0.326       39.9745     0.0154227     0.0000274     0.0000000     0.0000274     0.0000000     0.0000000     0.0000000     0.0000000     0.0000000     0.0000000 
          82.            0.        7.0000       0.90606        9.3691       10.0597        8.7537        8.0683         0.315       40.6161     0.0143700     0.0000217     0.0000000     0.0000217     0.0000000     0.0000000     0.0000000     0.0000000     0.0000000     0.0000000 
          83.            0.        8.0000       0.89153        9.3431       10.0569        8.7124        8.0087         0.308       41.0153     0.0135672     0.0000177     0.0000000     0.0000176     0.0000000     0.0000000     0.0000000     0.0000000     0.0000000     0.0000000 
          84.            0.        9.0000       0.87919        9.3184       10.0541        8.6747        7.9568         0.303       41.2133     0.0129322     0.0000146     0.0000000     0.0000146     0.0000000     0.0000000     0.0000000     0.0000000     0.0000000     0.0000000 
          84.            0.       10.0000       0.86841        9.2949       10.0513        8.6401        7.9113         0.299       41.2461     0.0124160     0.0000123     0.0000000     0.0000123     0.0000000     0.0000000     0.0000000     0.0000000     0.0000000     0.0000000 
          84.            0.       11.0000       0.85883        9.2723       10.0484        8.6081        7.8708         0.295       41.1430     0.0119877     0.0000105     0.0000000     0.0000105     0.0000000     0.0000000     0.0000000     0.0000000     0.0000000     0.0000000 
          85.            0.       12.0000       0.85019        9.2506       10.0455        8.5783        7.8342         0.290       40.9259     0.0116269     0.0000090     0.0000000     0.0000090     0.0000000     0.0000000     0.0000000     0.0000000     0.0000000     0.0000000 
          86.            0.       13.0000       0.84229        9.2297       10.0425        8.5503        7.8009         0.285       40.6097     0.0113189     0.0000078     0.0000000     0.0000078     0.0000000     0.0000000     0.0000000     0.0000000     0.0000000     0.0000000 
          86.            0.       14.0000       0.83496        9.2094       10.0396        8.5237        7.7699         0.279       40.2010     0.0110533     0.0000068     0.0000000     0.0000068     0.0000000     0.0000000     0.0000000     0.0000000     0.0000000     0.0000000 
          86.            0.       15.0000       0.82802        9.1897       10.0366        8.4983        7.7406         0.273       39.6965     0.0108216     0.0000060     0.0000000     0.0000060     0.0000000     0.0000000     0.0000000     0.0000000     0.0000000     0.0000000 
          87.            0.       16.0000       0.82125        9.1702       10.0335        8.4734        7.7121         0.267       39.0811     0.0106173     0.0000053     0.0000000     0.0000053     0.0000000     0.0000000     0.0000000     0.0000000     0.0000000     0.0000000 
          88.            0.       17.0000       0.81441        9.1505       10.0304        8.4483        7.6836         0.259       38.3259     0.0104348     0.0000047     0.0000000     0.0000047     0.0000000     0.0000000     0.0000000     0.0000000     0.0000000     0.0000000 
          88.            0.       18.0000       0.80727        9.1299       10.0272        8.4223        7.6540         0.251       37.3969     0.0102701     0.0000041     0.0000000     0.0000041     0.0000000     0.0000000     0.0000000     0.0000000     0.0000000     0.0000000 
          88.            0.       19.0000       0.79981        9.1079       10.0237        8.3947        7.6228         0.241       36.2917     0.0101211     0.0000037     0.0000000     0.0000037     0.0000000     0.0000000     0.0000000     0.0000000     0.0000000     0.0000000 
          89.            0.       20.0000       0.79260        9.0856       10.0201        8.3671        7.5920         0.230       35.0427     0.0099889     0.0000033     0.0000000     0.0000033     0.0000000     0.0000000     0.0000000     0.0000000     0.0000000     0.0000000 
          90.            0.       20.0000       0.78905        9.0789       10.0194        8.3576        7.5799         0.224       34.3243     0.0099707     0.0000032     0.0000000     0.0000032     0.0000000     0.0000000     0.0000000     0.0000000     0.0000000     0.0000000 
          90.            0.       20.0000       0.78912        9.0790       10.0194        8.3577        7.5800         0.224       34.3593     0.0099713     0.0000032     0.0000000     0.0000032     0.0000000     0.0000000     0.0000000     0.0000000     0.0000000     0.0000000 
          90.            0.       20.0000       0.78914        9.0790       10.0194        8.3577        7.5799         0.225       34.3709     0.0099716     0.0000032     0.0000000     0.0000032     0.0000000     0.0000000     0.0000000     0.0000000     0.0000000     0.0000000 
          91.            0.       20.0000       0.78914        9.0790       10.0194        8.3576        7.5799         0.225       34.3748     0.0099718     0.0000032     0.0000000     0.0000032     0.0000000     0.0000000     0.0000000     0.0000000     0.0000000     0.0000000 
          92.            0.       20.0000       0.78914        9.0789       10.0194        8.3576        7.5798         0.226       34.3760     0.0099720     0.0000032     0.0000000     0.0000032     0.0000000     0.0000000     0.0000000     0.0000000     0.0000000     0.0000000 
          92.            0.       20.0000       0.78914        9.0789       10.0194        8.3575        7.5797         0.226       34.3765     0.0099721     0.0000032     0.0000000     0.0000032     0.0000000     0.0000000     0.0000000     0.0000000     0.0000000     0.0000000 
          92.            0.       20.0000       0.78914        9.0789       10.0194        8.3575        7.5797         0.226       34.3766     0.0099723     0.0000032     0.0000000     0.0000032     0.0000000     0.0000000     0.0000000     0.0000000     0.0000000     0.0000000 
          93.            0.       20.0000       0.78914        9.0789       10.0194        8.3574        7.5796         0.226       34.3766     0.0099725     0.0000032     0.0000000     0.0000032     0.0000000     0.0000000     0.0000000     0.0000000     0.0000000     0.0000000 
          94.            0.       20.0000       0.78914        9.0789       10.0194        8.3574        7.5795         0.227       34.3766     0.0099726     0.0000032     0.0000000     0.0000032     0.0000000     0.0000000     0.0000000     0.0000000     0.0000000     0.0000000 
          94.            0.       20.0000       0.78913        9.0788       10.0194        8.3574        7.5794         0.227       34.3766     0.0099728     0.0000032     0.0000000     0.0000032     0.0000000     0.0000000     0.0000000     0.0000000     0.0000000     0.0000000 
          94.            0.       20.0000       0.78913        9.0788       10.0194        8.3573        7.5793         0.227       34.3766     0.0099730     0.0000032     0.0000000     0.0000032     0.0000000     0.0000000     0.0000000     0.0000000     0.0000000     0.0000000 
          95.            0.       20.0000       0.78913        9.0788       10.0193        8.3573        7.5792         0.228       34.3766     0.0099732     0.0000032     0.0000000     0.0000032     0.0000000     0.0000000     0.0000000     0.0000000     0.0000000     0.0000000 
          96.            0.       20.0000       0.78913        9.0788       10.0193        8.3572        7.5791         0.228       34.3766     0.0099733     0.0000032     0.0000000     0.0000032     0.0000000     0.0000000     0.0000000     0.0000000     0.0000000     0.0000000 
          96.            0.       20.0000       0.78913        9.0787       10.0193        8.3572        7.5791         0.229       34.3766     0.0099735     0.0000032     0.0000000     0.0000032     0.0000000     0.0000000     0.0000000     0.0000000     0.0000000     0.0000000 
          96.            0.       20.0000       0.78913        9.0787       10.0193        8.3571        7.5790         0.229       34.3766     0.0099737     0.0000032     0.0000000     0.0000032     0.0000000     0.0000000     0.0000000     0.0000000     0.0000000     0.0000000 
          97.            0.       20.0000       0.78912        9.0787       10.0193        8.3571        7.5789         0.229       34.3765     0.0099739     0.0000032     0.0000000     0.0000032     0.0000000     0.0000000     0.0000000     0.0000000     0.0000000     0.0000000 
          98.            0.       20.0000       0.78912        9.0787       10.0193        8.3570        7.5788         0.230       34.3765     0.0099740     0.0000032     0.0000000     0.0000032     0.0000000     0.0000000     0.0000000     0.0000000     0.0000000     0.0000000 
          98.            0.       20.0000       0.78912        9.0787       10.0193        8.3570        7.5787         0.230       34.3765     0.0099742     0.0000032     0.0000000     0.0000032     0.0000000     0.0000000     0.0000000     0.0000000     0.0000000     0.0000000 
          98.            0.       20.0000       0.78912        9.0786       10.0193        8.3569        7.5786         0.230       34.3765     0.0099744     0.0000032     0.0000000     0.0000032     0.0000000     0.0000000     0.0000000     0.0000000     0.0000000     0.0000000 
          99.            0.       20.0000       0.78912        9.0786       10.0193        8.3569        7.5785         0.231       34.3766     0.0099746     0.0000032     0.0000000     0.0000032     0.0000000     0.0000000     0.0000000     0.0000000     0.0000000     0.0000000 
         100.            0.       20.0000       0.78911        9.0786       10.0193        8.3568        7.5784         0.231       34.3766     0.0099748     0.0000032     0.0000000     0.0000032     0.0000000     0.0000000     0.0000000     0.0000000     0.0000000     0.0000000 
         100.            0.       20.0000       0.78911        9.0786       10.0193        8.3567        7.5783         0.231       34.3766     0.0099750     0.0000032     0.0000000     0.0000032     0.0000000     0.0000000     0.0000000     0.0000000     0.0000000     0.0000000 
