%
%
% Run:2017  Table:COMPGRID          SWAN version:41.10A
%
%       Xp            Yp            Depth         Hsig          Tm_10         TPsmoo        Tm01          Tm02          Dir           Dspr          Steepn        Dissip        Ssurf         Sfric         Swcap         Redist        Snl3          Snl4          Genera        Swind    
%       [m]           [m]           [m]           [m]           [sec]         [sec]         [sec]         [sec]         [degr]        [degr]        [ ]           [m2/s]        [m2/s]        [m2/s]        [m2/s]        [m2/s]        [m2/s]        [m2/s]        [m2/s]        [m2/s]   
%
           0.            0.       19.0000       0.50346        1.8033        2.0039        1.6448        1.4714         0.134       32.2610     0.1488614     0.0000003     0.0000000     0.0000000     0.0000003     0.0000000     0.0000000     0.0000000     0.0000000     0.0000000 
           0.            0.       19.0000       0.50099        1.8115        2.0040        1.6636        1.5043         0.135       32.2184     0.1417098     0.0001607     0.0000000     0.0000000     0.0001607     0.0000000     0.0000000     0.0000000     0.0000000     0.0000000 
           1.            0.       19.0000       0.49873        1.8189        2.0041        1.6806        1.5350         0.136       32.1842     0.1354867     0.0001480     0.0000000     0.0000000     0.0001480     0.0000000     0.0000000     0.0000000     0.0000000     0.0000000 
           2.            0.       19.0000       0.49672        1.8254        2.0042        1.6953        1.5621         0.137       32.1585     0.1302912     0.0001375     0.0000000     0.0000000     0.0001375     0.0000000     0.0000000     0.0000000     0.0000000     0.0000000 
           2.            0.       19.0000       0.49492        1.8311        2.0043        1.7079        1.5857         0.137       32.1389     0.1259809     0.0001288     0.0000000     0.0000000     0.0001288     0.0000000     0.0000000     0.0000000     0.0000000     0.0000000 
           2.            0.       19.0000       0.49329        1.8360        2.0044        1.7189        1.6062         0.138       32.1235     0.1223839     0.0001215     0.0000000     0.0000000     0.0001215     0.0000000     0.0000000     0.0000000     0.0000000     0.0000000 
           3.            0.       19.0000       0.49181        1.8404        2.0045        1.7283        1.6240         0.138       32.1110     0.1193521     0.0001152     0.0000000     0.0000000     0.0001152     0.0000000     0.0000000     0.0000000     0.0000000     0.0000000 
           4.            0.       19.0000       0.49045        1.8443        2.0046        1.7366        1.6396         0.138       32.1006     0.1167692     0.0001097     0.0000000     0.0000000     0.0001097     0.0000000     0.0000000     0.0000000     0.0000000     0.0000000 
           4.            0.       19.0000       0.48919        1.8478        2.0047        1.7440        1.6533         0.138       32.0915     0.1145459     0.0001049     0.0000000     0.0000000     0.0001049     0.0000000     0.0000000     0.0000000     0.0000000     0.0000000 
           4.            0.       19.0000       0.48801        1.8510        2.0047        1.7505        1.6654         0.138       32.0835     0.1126140     0.0001007     0.0000000     0.0000000     0.0001007     0.0000000     0.0000000     0.0000000     0.0000000     0.0000000 
           5.            0.       19.0000       0.48691        1.8539        2.0048        1.7564        1.6762         0.138       32.0764     0.1109207     0.0000969     0.0000000     0.0000000     0.0000969     0.0000000     0.0000000     0.0000000     0.0000000     0.0000000 
           6.            0.       19.0000       0.48587        1.8566        2.0049        1.7618        1.6858         0.138       32.0698     0.1094250     0.0000935     0.0000000     0.0000000     0.0000935     0.0000000     0.0000000     0.0000000     0.0000000     0.0000000 
           6.            0.       19.0000       0.48488        1.8592        2.0050        1.7666        1.6944         0.138       32.0637     0.1080940     0.0000904     0.0000000     0.0000000     0.0000904     0.0000000     0.0000000     0.0000000     0.0000000     0.0000000 
           6.            0.       19.0000       0.48394        1.8615        2.0051        1.7710        1.7022         0.137       32.0580     0.1069019     0.0000876     0.0000000     0.0000000     0.0000876     0.0000000     0.0000000     0.0000000     0.0000000     0.0000000 
           7.            0.       19.0000       0.48304        1.8637        2.0051        1.7751        1.7092         0.137       32.0526     0.1058276     0.0000850     0.0000000     0.0000000     0.0000850     0.0000000     0.0000000     0.0000000     0.0000000     0.0000000 
           8.            0.       19.0000       0.48218        1.8657        2.0052        1.7788        1.7156         0.136       32.0476     0.1048536     0.0000826     0.0000000     0.0000000     0.0000826     0.0000000     0.0000000     0.0000000     0.0000000     0.0000000 
           8.            0.       19.0000       0.48135        1.8677        2.0053        1.7823        1.7214         0.136       32.0428     0.1039659     0.0000804     0.0000000     0.0000000     0.0000804     0.0000000     0.0000000     0.0000000     0.0000000     0.0000000 
           8.            0.       19.0000       0.48055        1.8695        2.0054        1.7856        1.7267         0.135       32.0383     0.1031527     0.0000784     0.0000000     0.0000000     0.0000784     0.0000000     0.0000000     0.0000000     0.0000000     0.0000000 
           9.            0.       19.0000       0.47978        1.8713        2.0054        1.7886        1.7316         0.135       32.0340     0.1024042     0.0000764     0.0000000     0.0000000     0.0000764     0.0000000     0.0000000     0.0000000     0.0000000     0.0000000 
          10.            0.       19.0000       0.47904        1.8729        2.0055        1.7914        1.7362         0.134       32.0299     0.1017121     0.0000747     0.0000000     0.0000000     0.0000747     0.0000000     0.0000000     0.0000000     0.0000000     0.0000000 
          10.            0.       19.0000       0.47832        1.8745        2.0056        1.7941        1.7404         0.133       32.0259     0.1010694     0.0000730     0.0000000     0.0000000     0.0000730     0.0000000     0.0000000     0.0000000     0.0000000     0.0000000 
          10.            0.       19.0000       0.47762        1.8760        2.0057        1.7966        1.7443         0.132       32.0222     0.1004703     0.0000714     0.0000000     0.0000000     0.0000714     0.0000000     0.0000000     0.0000000     0.0000000     0.0000000 
          11.            0.       19.0000       0.47694        1.8775        2.0057        1.7990        1.7479         0.131       32.0186     0.0999097     0.0000699     0.0000000     0.0000000     0.0000699     0.0000000     0.0000000     0.0000000     0.0000000     0.0000000 
          12.            0.       19.0000       0.47628        1.8789        2.0058        1.8013        1.7513         0.130       32.0151     0.0993833     0.0000685     0.0000000     0.0000000     0.0000685     0.0000000     0.0000000     0.0000000     0.0000000     0.0000000 
          12.            0.       19.0000       0.47563        1.8802        2.0059        1.8035        1.7545         0.129       32.0119     0.0988873     0.0000672     0.0000000     0.0000000     0.0000672     0.0000000     0.0000000     0.0000000     0.0000000     0.0000000 
          12.            0.       19.0000       0.47500        1.8815        2.0059        1.8056        1.7575         0.128       32.0088     0.0984186     0.0000659     0.0000000     0.0000000     0.0000659     0.0000000     0.0000000     0.0000000     0.0000000     0.0000000 
          13.            0.       19.0000       0.47439        1.8828        2.0060        1.8075        1.7604         0.127       32.0058     0.0979744     0.0000647     0.0000000     0.0000000     0.0000647     0.0000000     0.0000000     0.0000000     0.0000000     0.0000000 
          14.            0.       19.0000       0.47379        1.8840        2.0061        1.8094        1.7631         0.125       32.0030     0.0975522     0.0000635     0.0000000     0.0000000     0.0000635     0.0000000     0.0000000     0.0000000     0.0000000     0.0000000 
          14.            0.       19.0000       0.47320        1.8852        2.0061        1.8113        1.7656         0.124       32.0004     0.0971502     0.0000624     0.0000000     0.0000000     0.0000624     0.0000000     0.0000000     0.0000000     0.0000000     0.0000000 
          14.            0.       19.0000       0.47263        1.8863        2.0062        1.8130        1.7680         0.123       31.9978     0.0967661     0.0000614     0.0000000     0.0000000     0.0000614     0.0000000     0.0000000     0.0000000     0.0000000     0.0000000 
          15.            0.       19.0000       0.47207        1.8874        2.0063        1.8147        1.7704         0.121       31.9955     0.0963986     0.0000604     0.0000000     0.0000000     0.0000604     0.0000000     0.0000000     0.0000000     0.0000000     0.0000000 
          16.            0.       19.0000       0.47151        1.8885        2.0063        1.8163        1.7726         0.120       31.9932     0.0960463     0.0000594     0.0000000     0.0000000     0.0000594     0.0000000     0.0000000     0.0000000     0.0000000     0.0000000 
          16.            0.       19.0000       0.47097        1.8895        2.0064        1.8179        1.7747         0.118       31.9911     0.0957076     0.0000585     0.0000000     0.0000000     0.0000585     0.0000000     0.0000000     0.0000000     0.0000000     0.0000000 
          16.            0.       19.0000       0.47044        1.8906        2.0065        1.8194        1.7767         0.116       31.9891     0.0953818     0.0000576     0.0000000     0.0000000     0.0000576     0.0000000     0.0000000     0.0000000     0.0000000     0.0000000 
          17.            0.       19.0000       0.46992        1.8916        2.0065        1.8209        1.7787         0.115       31.9872     0.0950676     0.0000567     0.0000000     0.0000000     0.0000567     0.0000000     0.0000000     0.0000000     0.0000000     0.0000000 
          18.            0.       19.0000       0.46941        1.8925        2.0066        1.8223        1.7805         0.113       31.9855     0.0947642     0.0000559     0.0000000     0.0000000     0.0000559     0.0000000     0.0000000     0.0000000     0.0000000     0.0000000 
          18.            0.       19.0000       0.46891        1.8935        2.0066        1.8237        1.7823         0.111       31.9839     0.0944709     0.0000551     0.0000000     0.0000000     0.0000551     0.0000000     0.0000000     0.0000000     0.0000000     0.0000000 
          18.            0.       19.0000       0.46842        1.8944        2.0067        1.8251        1.7841         0.110       31.9824     0.0941868     0.0000544     0.0000000     0.0000000     0.0000544     0.0000000     0.0000000     0.0000000     0.0000000     0.0000000 
          19.            0.       19.0000       0.46793        1.8953        2.0068        1.8264        1.7858         0.108       31.9810     0.0939116     0.0000536     0.0000000     0.0000000     0.0000536     0.0000000     0.0000000     0.0000000     0.0000000     0.0000000 
          20.            0.       19.0000       0.46745        1.8962        2.0068        1.8277        1.7874         0.106       31.9798     0.0936443     0.0000529     0.0000000     0.0000000     0.0000529     0.0000000     0.0000000     0.0000000     0.0000000     0.0000000 
          20.            0.       19.0000       0.46698        1.8971        2.0069        1.8289        1.7890         0.104       31.9787     0.0933846     0.0000522     0.0000000     0.0000000     0.0000522     0.0000000     0.0000000     0.0000000     0.0000000     0.0000000 
          20.            0.       19.0000       0.46652        1.8979        2.0069        1.8302        1.7905         0.102       31.9777     0.0931321     0.0000516     0.0000000     0.0000000     0.0000516     0.0000000     0.0000000     0.0000000     0.0000000     0.0000000 
          21.            0.       19.0000       0.46606        1.8987        2.0070        1.8313        1.7920         0.100       31.9768     0.0928863     0.0000509     0.0000000     0.0000000     0.0000509     0.0000000     0.0000000     0.0000000     0.0000000     0.0000000 
          22.            0.       19.0000       0.46561        1.8995        2.0071        1.8325        1.7935         0.098       31.9760     0.0926467     0.0000503     0.0000000     0.0000000     0.0000503     0.0000000     0.0000000     0.0000000     0.0000000     0.0000000 
          22.            0.       19.0000       0.46517        1.9003        2.0071        1.8336        1.7949         0.096       31.9754     0.0924130     0.0000497     0.0000000     0.0000000     0.0000497     0.0000000     0.0000000     0.0000000     0.0000000     0.0000000 
          22.            0.       19.0000       0.46473        1.9011        2.0072        1.8348        1.7962         0.094       31.9749     0.0921851     0.0000491     0.0000000     0.0000000     0.0000491     0.0000000     0.0000000     0.0000000     0.0000000     0.0000000 
          23.            0.       19.0000       0.46430        1.9019        2.0072        1.8358        1.7976         0.092       31.9744     0.0919624     0.0000485     0.0000000     0.0000000     0.0000485     0.0000000     0.0000000     0.0000000     0.0000000     0.0000000 
          24.            0.       19.0000       0.46387        1.9027        2.0073        1.8369        1.7989         0.090       31.9741     0.0917448     0.0000480     0.0000000     0.0000000     0.0000480     0.0000000     0.0000000     0.0000000     0.0000000     0.0000000 
          24.            0.       19.0000       0.46346        1.9034        2.0074        1.8380        1.8002         0.088       31.9740     0.0915319     0.0000474     0.0000000     0.0000000     0.0000474     0.0000000     0.0000000     0.0000000     0.0000000     0.0000000 
          24.            0.       19.0000       0.46304        1.9041        2.0074        1.8390        1.8014         0.086       31.9739     0.0913236     0.0000469     0.0000000     0.0000000     0.0000469     0.0000000     0.0000000     0.0000000     0.0000000     0.0000000 
          25.            0.       19.0000       0.46263        1.9048        2.0075        1.8400        1.8026         0.084       31.9739     0.0911197     0.0000464     0.0000000     0.0000000     0.0000464     0.0000000     0.0000000     0.0000000     0.0000000     0.0000000 
          26.            0.       19.0000       0.46223        1.9055        2.0075        1.8410        1.8038         0.082       31.9741     0.0909200     0.0000459     0.0000000     0.0000000     0.0000459     0.0000000     0.0000000     0.0000000     0.0000000     0.0000000 
          26.            0.       19.0000       0.46183        1.9062        2.0076        1.8419        1.8050         0.080       31.9743     0.0907242     0.0000454     0.0000000     0.0000000     0.0000454     0.0000000     0.0000000     0.0000000     0.0000000     0.0000000 
          26.            0.       19.0000       0.46144        1.9069        2.0076        1.8429        1.8061         0.078       31.9746     0.0905322     0.0000449     0.0000000     0.0000000     0.0000449     0.0000000     0.0000000     0.0000000     0.0000000     0.0000000 
          27.            0.       19.0000       0.46105        1.9076        2.0077        1.8438        1.8072         0.076       31.9751     0.0903439     0.0000445     0.0000000     0.0000000     0.0000445     0.0000000     0.0000000     0.0000000     0.0000000     0.0000000 
          28.            0.       19.0000       0.46066        1.9083        2.0077        1.8447        1.8083         0.074       31.9757     0.0901591     0.0000440     0.0000000     0.0000000     0.0000440     0.0000000     0.0000000     0.0000000     0.0000000     0.0000000 
          28.            0.       19.0000       0.46029        1.9089        2.0078        1.8456        1.8094         0.072       31.9763     0.0899776     0.0000436     0.0000000     0.0000000     0.0000436     0.0000000     0.0000000     0.0000000     0.0000000     0.0000000 
          28.            0.       19.0000       0.45991        1.9095        2.0079        1.8465        1.8105         0.070       31.9771     0.0897994     0.0000432     0.0000000     0.0000000     0.0000432     0.0000000     0.0000000     0.0000000     0.0000000     0.0000000 
          29.            0.       19.0000       0.45954        1.9102        2.0079        1.8474        1.8115         0.069       31.9779     0.0896242     0.0000427     0.0000000     0.0000000     0.0000427     0.0000000     0.0000000     0.0000000     0.0000000     0.0000000 
          30.            0.       19.0000       0.45917        1.9108        2.0080        1.8482        1.8125         0.067       31.9789     0.0894521     0.0000423     0.0000000     0.0000000     0.0000423     0.0000000     0.0000000     0.0000000     0.0000000     0.0000000 
          30.            0.       19.0000       0.45881        1.9114        2.0080        1.8491        1.8135         0.065       31.9799     0.0892829     0.0000419     0.0000000     0.0000000     0.0000419     0.0000000     0.0000000     0.0000000     0.0000000     0.0000000 
          30.            0.       19.0000       0.45845        1.9120        2.0081        1.8499        1.8145         0.064       31.9810     0.0891165     0.0000415     0.0000000     0.0000000     0.0000415     0.0000000     0.0000000     0.0000000     0.0000000     0.0000000 
          31.            0.       19.0000       0.45810        1.9126        2.0081        1.8507        1.8155         0.062       31.9822     0.0889527     0.0000412     0.0000000     0.0000000     0.0000412     0.0000000     0.0000000     0.0000000     0.0000000     0.0000000 
          32.            0.       19.0000       0.45775        1.9132        2.0082        1.8515        1.8164         0.061       31.9834     0.0887915     0.0000408     0.0000000     0.0000000     0.0000408     0.0000000     0.0000000     0.0000000     0.0000000     0.0000000 
          32.            0.       19.0000       0.45740        1.9138        2.0082        1.8523        1.8174         0.060       31.9848     0.0886330     0.0000404     0.0000000     0.0000000     0.0000404     0.0000000     0.0000000     0.0000000     0.0000000     0.0000000 
          32.            0.       19.0000       0.45705        1.9143        2.0083        1.8531        1.8183         0.058       31.9862     0.0884768     0.0000401     0.0000000     0.0000000     0.0000401     0.0000000     0.0000000     0.0000000     0.0000000     0.0000000 
          33.            0.       19.0000       0.45671        1.9149        2.0083        1.8538        1.8192         0.057       31.9877     0.0883230     0.0000397     0.0000000     0.0000000     0.0000397     0.0000000     0.0000000     0.0000000     0.0000000     0.0000000 
          34.            0.       19.0000       0.45638        1.9155        2.0084        1.8546        1.8201         0.056       31.9892     0.0881714     0.0000394     0.0000000     0.0000000     0.0000394     0.0000000     0.0000000     0.0000000     0.0000000     0.0000000 
          34.            0.       19.0000       0.45604        1.9160        2.0084        1.8553        1.8210         0.055       31.9908     0.0880222     0.0000390     0.0000000     0.0000000     0.0000390     0.0000000     0.0000000     0.0000000     0.0000000     0.0000000 
          34.            0.       19.0000       0.45571        1.9165        2.0085        1.8561        1.8218         0.054       31.9924     0.0878750     0.0000387     0.0000000     0.0000000     0.0000387     0.0000000     0.0000000     0.0000000     0.0000000     0.0000000 
          35.            0.       19.0000       0.45539        1.9171        2.0085        1.8568        1.8227         0.054       31.9941     0.0877299     0.0000384     0.0000000     0.0000000     0.0000384     0.0000000     0.0000000     0.0000000     0.0000000     0.0000000 
          36.            0.       19.0000       0.45506        1.9176        2.0086        1.8575        1.8235         0.053       31.9959     0.0875869     0.0000381     0.0000000     0.0000000     0.0000381     0.0000000     0.0000000     0.0000000     0.0000000     0.0000000 
          36.            0.       19.0000       0.45474        1.9181        2.0086        1.8582        1.8243         0.052       31.9976     0.0874459     0.0000378     0.0000000     0.0000000     0.0000378     0.0000000     0.0000000     0.0000000     0.0000000     0.0000000 
          36.            0.       18.0000       0.45442        1.9186        2.0087        1.8589        1.8252         0.052       31.9994     0.0873067     0.0000375     0.0000000     0.0000000     0.0000375     0.0000000     0.0000000     0.0000000     0.0000000     0.0000000 
          37.            0.       17.0000       0.45411        1.9192        2.0087        1.8596        1.8260         0.052       32.0013     0.0871695     0.0000372     0.0000000     0.0000000     0.0000372     0.0000000     0.0000000     0.0000000     0.0000000     0.0000000 
          38.            0.       16.0000       0.45379        1.9197        2.0087        1.8602        1.8267         0.051       32.0031     0.0870341     0.0000369     0.0000000     0.0000000     0.0000369     0.0000000     0.0000000     0.0000000     0.0000000     0.0000000 
          38.            0.       15.0000       0.45348        1.9202        2.0088        1.8609        1.8275         0.051       32.0050     0.0869004     0.0000366     0.0000000     0.0000000     0.0000366     0.0000000     0.0000000     0.0000000     0.0000000     0.0000000 
          38.            0.       14.0000       0.45318        1.9206        2.0088        1.8616        1.8283         0.051       32.0069     0.0867684     0.0000363     0.0000000     0.0000000     0.0000363     0.0000000     0.0000000     0.0000000     0.0000000     0.0000000 
          39.            0.       13.0000       0.45287        1.9211        2.0089        1.8622        1.8291         0.051       32.0088     0.0866382     0.0000360     0.0000000     0.0000000     0.0000360     0.0000000     0.0000000     0.0000000     0.0000000     0.0000000 
          40.            0.       12.0000       0.45257        1.9216        2.0089        1.8629        1.8298         0.051       32.0108     0.0865096     0.0000358     0.0000000     0.0000000     0.0000358     0.0000000     0.0000000     0.0000000     0.0000000     0.0000000 
          40.            0.       11.0000       0.45227        1.9221        2.0090        1.8635        1.8305         0.051       32.0127     0.0863827     0.0000355     0.0000000     0.0000000     0.0000355     0.0000000     0.0000000     0.0000000     0.0000000     0.0000000 
          40.            0.       10.0000       0.45197        1.9225        2.0090        1.8641        1.8313         0.051       32.0145     0.0862575     0.0000352     0.0000000     0.0000000     0.0000352     0.0000000     0.0000000     0.0000000     0.0000000     0.0000000 
          41.            0.        9.0000       0.45167        1.9230        2.0091        1.8647        1.8320         0.051       32.0163     0.0861345     0.0000350     0.0000000     0.0000000     0.0000350     0.0000000     0.0000000     0.0000000     0.0000000     0.0000000 
          42.            0.        8.0000       0.45137        1.9234        2.0091        1.8653        1.8327         0.052       32.0179     0.0860133     0.0000347     0.0000000     0.0000000     0.0000347     0.0000000     0.0000000     0.0000000     0.0000000     0.0000000 
          42.            0.        7.0000       0.45104        1.9237        2.0092        1.8658        1.8333         0.052       32.0181     0.0858968     0.0000345     0.0000000     0.0000000     0.0000345     0.0000000     0.0000000     0.0000000     0.0000000     0.0000000 
          42.            0.        6.0000       0.45064        1.9238        2.0092        1.8661        1.8337         0.053       32.0154     0.0857895     0.0000343     0.0000000     0.0000000     0.0000343     0.0000000     0.0000000     0.0000000     0.0000000     0.0000000 
          43.            0.        5.0000       0.44998        1.9234        2.0091        1.8660        1.8338         0.054       32.0042     0.0856915     0.0000341     0.0000000     0.0000000     0.0000341     0.0000000     0.0000000     0.0000000     0.0000000     0.0000000 
          44.            0.        4.0000       0.44840        1.9216        2.0084        1.8646        1.8327         0.058       31.9550     0.0855885     0.0000338     0.0000000     0.0000001     0.0000337     0.0000000     0.0000000     0.0000000     0.0000000     0.0000000 
          44.            0.        3.0000       0.44362        1.9170        2.0062        1.8603        1.8285         0.068       31.7154     0.0853922     0.0000334     0.0000000     0.0000005     0.0000328     0.0000000     0.0000000     0.0000000     0.0000000     0.0000000 
          44.            0.        2.0000       0.42936        1.9100        2.0033        1.8520        1.8196         0.102       30.6153     0.0849776     0.0000330     0.0000000     0.0000026     0.0000304     0.0000000     0.0000000     0.0000000     0.0000000     0.0000000 
          45.            0.        1.0000       0.40963        1.9193        2.0095        1.8582        1.8241         0.174       29.8027     0.0901025     0.0001759     0.0001251     0.0000157     0.0000351     0.0000000     0.0000000     0.0000000     0.0000000     0.0000000 
          46.            0.        1.0000       0.40772        1.9195        2.0095        1.8586        1.8245         0.225       29.4976     0.0896496     0.0001674     0.0001178     0.0000155     0.0000340     0.0000000     0.0000000     0.0000000     0.0000000     0.0000000 
          46.            0.        1.0000       0.40635        1.9201        2.0096        1.8593        1.8253         0.231       29.3461     0.0892903     0.0001614     0.0001127     0.0000154     0.0000333     0.0000000     0.0000000     0.0000000     0.0000000     0.0000000 
          46.            0.        1.0000       0.40521        1.9207        2.0096        1.8600        1.8262         0.236       29.3115     0.0889741     0.0001565     0.0001086     0.0000153     0.0000326     0.0000000     0.0000000     0.0000000     0.0000000     0.0000000 
          47.            0.        1.0000       0.40416        1.9213        2.0097        1.8608        1.8270         0.240       29.3175     0.0886786     0.0001522     0.0001049     0.0000153     0.0000320     0.0000000     0.0000000     0.0000000     0.0000000     0.0000000 
          48.            0.        1.0000       0.40317        1.9219        2.0098        1.8616        1.8279         0.245       29.3382     0.0883959     0.0001481     0.0001015     0.0000152     0.0000314     0.0000000     0.0000000     0.0000000     0.0000000     0.0000000 
          48.            0.        1.0000       0.40221        1.9225        2.0099        1.8623        1.8287         0.249       29.3647     0.0881229     0.0001443     0.0000983     0.0000151     0.0000309     0.0000000     0.0000000     0.0000000     0.0000000     0.0000000 
          48.            0.        1.0000       0.40128        1.9231        2.0099        1.8631        1.8295         0.254       29.3939     0.0878583     0.0001407     0.0000953     0.0000151     0.0000304     0.0000000     0.0000000     0.0000000     0.0000000     0.0000000 
          49.            0.        1.0000       0.40037        1.9237        2.0100        1.8638        1.8303         0.259       29.4247     0.0876013     0.0001373     0.0000924     0.0000150     0.0000299     0.0000000     0.0000000     0.0000000     0.0000000     0.0000000 
          50.            0.        1.0000       0.39949        1.9242        2.0101        1.8645        1.8311         0.263       29.4564     0.0873515     0.0001340     0.0000897     0.0000150     0.0000294     0.0000000     0.0000000     0.0000000     0.0000000     0.0000000 
          50.            0.        1.0000       0.39863        1.9248        2.0102        1.8651        1.8318         0.268       29.4888     0.0871084     0.0001309     0.0000871     0.0000149     0.0000289     0.0000000     0.0000000     0.0000000     0.0000000     0.0000000 
          50.            0.        1.0000       0.39780        1.9253        2.0102        1.8658        1.8326         0.272       29.5216     0.0868716     0.0001279     0.0000846     0.0000149     0.0000285     0.0000000     0.0000000     0.0000000     0.0000000     0.0000000 
          51.            0.        1.0000       0.39698        1.9258        2.0103        1.8664        1.8333         0.276       29.5549     0.0866408     0.0001251     0.0000822     0.0000148     0.0000281     0.0000000     0.0000000     0.0000000     0.0000000     0.0000000 
          52.            0.        1.0000       0.39618        1.9263        2.0104        1.8670        1.8340         0.279       29.5887     0.0864160     0.0001224     0.0000800     0.0000148     0.0000277     0.0000000     0.0000000     0.0000000     0.0000000     0.0000000 
          52.            0.        1.0000       0.39540        1.9268        2.0105        1.8676        1.8346         0.282       29.6228     0.0861967     0.0001198     0.0000778     0.0000147     0.0000273     0.0000000     0.0000000     0.0000000     0.0000000     0.0000000 
          52.            0.        1.0000       0.39463        1.9273        2.0105        1.8682        1.8353         0.285       29.6570     0.0859828     0.0001173     0.0000757     0.0000147     0.0000269     0.0000000     0.0000000     0.0000000     0.0000000     0.0000000 
          53.            0.        1.0000       0.39389        1.9278        2.0106        1.8688        1.8359         0.287       29.6906     0.0857739     0.0001149     0.0000737     0.0000146     0.0000265     0.0000000     0.0000000     0.0000000     0.0000000     0.0000000 
          54.            0.        1.0000       0.39316        1.9283        2.0107        1.8694        1.8366         0.288       29.7211     0.0855698     0.0001126     0.0000718     0.0000146     0.0000262     0.0000000     0.0000000     0.0000000     0.0000000     0.0000000 
          54.            0.        1.0000       0.39244        1.9287        2.0107        1.8699        1.8372         0.288       29.7405     0.0853694     0.0001103     0.0000700     0.0000145     0.0000258     0.0000000     0.0000000     0.0000000     0.0000000     0.0000000 
          54.            0.        1.0000       0.39171        1.9292        2.0108        1.8705        1.8378         0.285       29.7246     0.0851697     0.0001081     0.0000682     0.0000145     0.0000255     0.0000000     0.0000000     0.0000000     0.0000000     0.0000000 
          55.            0.        1.0000       0.39418        1.9309        2.0111        1.8726        1.8401         0.243       31.3287     0.0855377     0.0001152     0.0000742     0.0000147     0.0000262     0.0000000     0.0000000     0.0000000     0.0000000     0.0000000 
          56.            0.        2.0000       0.41462        1.9237        2.0057        1.8687        1.8381         0.170       33.3756     0.0805088     0.0000253     0.0000000     0.0000025     0.0000227     0.0000000     0.0000000     0.0000000     0.0000000     0.0000000 
          56.            0.        3.0000       0.42513        1.9302        2.0085        1.8763        1.8461         0.127       33.0341     0.0802983     0.0000240     0.0000000     0.0000005     0.0000235     0.0000000     0.0000000     0.0000000     0.0000000     0.0000000 
          56.            0.        4.0000       0.42817        1.9340        2.0100        1.8801        1.8499         0.117       32.8237     0.0802125     0.0000237     0.0000000     0.0000001     0.0000236     0.0000000     0.0000000     0.0000000     0.0000000     0.0000000 
          57.            0.        5.0000       0.42890        1.9357        2.0104        1.8817        1.8516         0.116       32.7744     0.0801197     0.0000236     0.0000000     0.0000000     0.0000235     0.0000000     0.0000000     0.0000000     0.0000000     0.0000000 
          58.            0.        6.0000       0.42896        1.9366        2.0106        1.8825        1.8524         0.118       32.7586     0.0800278     0.0000234     0.0000000     0.0000000     0.0000234     0.0000000     0.0000000     0.0000000     0.0000000     0.0000000 
          58.            0.        7.0000       0.42882        1.9371        2.0106        1.8830        1.8529         0.120       32.7459     0.0799416     0.0000233     0.0000000     0.0000000     0.0000233     0.0000000     0.0000000     0.0000000     0.0000000     0.0000000 
          58.            0.        8.0000       0.42861        1.9374        2.0107        1.8834        1.8534         0.123       32.7338     0.0798626     0.0000232     0.0000000     0.0000000     0.0000232     0.0000000     0.0000000     0.0000000     0.0000000     0.0000000 
          59.            0.        9.0000       0.42840        1.9377        2.0107        1.8838        1.8538         0.126       32.7236     0.0797871     0.0000230     0.0000000     0.0000000     0.0000230     0.0000000     0.0000000     0.0000000     0.0000000     0.0000000 
          60.            0.       10.0000       0.42818        1.9380        2.0107        1.8841        1.8542         0.129       32.7138     0.0797121     0.0000229     0.0000000     0.0000000     0.0000229     0.0000000     0.0000000     0.0000000     0.0000000     0.0000000 
          60.            0.       11.0000       0.42796        1.9382        2.0108        1.8845        1.8545         0.132       32.7039     0.0796381     0.0000228     0.0000000     0.0000000     0.0000228     0.0000000     0.0000000     0.0000000     0.0000000     0.0000000 
          60.            0.       12.0000       0.42775        1.9385        2.0108        1.8848        1.8549         0.136       32.6945     0.0795648     0.0000227     0.0000000     0.0000000     0.0000227     0.0000000     0.0000000     0.0000000     0.0000000     0.0000000 
          61.            0.       13.0000       0.42753        1.9387        2.0108        1.8851        1.8553         0.139       32.6851     0.0794921     0.0000226     0.0000000     0.0000000     0.0000226     0.0000000     0.0000000     0.0000000     0.0000000     0.0000000 
          62.            0.       14.0000       0.42731        1.9390        2.0109        1.8855        1.8557         0.142       32.6760     0.0794201     0.0000225     0.0000000     0.0000000     0.0000225     0.0000000     0.0000000     0.0000000     0.0000000     0.0000000 
          62.            0.       15.0000       0.42710        1.9393        2.0109        1.8858        1.8560         0.145       32.6669     0.0793486     0.0000224     0.0000000     0.0000000     0.0000224     0.0000000     0.0000000     0.0000000     0.0000000     0.0000000 
          62.            0.       16.0000       0.42689        1.9395        2.0109        1.8861        1.8564         0.149       32.6580     0.0792776     0.0000223     0.0000000     0.0000000     0.0000223     0.0000000     0.0000000     0.0000000     0.0000000     0.0000000 
          63.            0.       17.0000       0.42668        1.9398        2.0110        1.8864        1.8568         0.152       32.6491     0.0792073     0.0000222     0.0000000     0.0000000     0.0000222     0.0000000     0.0000000     0.0000000     0.0000000     0.0000000 
          64.            0.       18.0000       0.42647        1.9400        2.0110        1.8868        1.8571         0.156       32.6403     0.0791374     0.0000221     0.0000000     0.0000000     0.0000221     0.0000000     0.0000000     0.0000000     0.0000000     0.0000000 
          64.            0.       19.0000       0.42626        1.9403        2.0111        1.8871        1.8575         0.160       32.6316     0.0790681     0.0000220     0.0000000     0.0000000     0.0000220     0.0000000     0.0000000     0.0000000     0.0000000     0.0000000 
          64.            0.       19.0000       0.42605        1.9405        2.0111        1.8874        1.8579         0.163       32.6229     0.0789994     0.0000219     0.0000000     0.0000000     0.0000219     0.0000000     0.0000000     0.0000000     0.0000000     0.0000000 
          65.            0.       19.0000       0.42585        1.9408        2.0111        1.8877        1.8582         0.167       32.6144     0.0789311     0.0000218     0.0000000     0.0000000     0.0000218     0.0000000     0.0000000     0.0000000     0.0000000     0.0000000 
          66.            0.       19.0000       0.42564        1.9410        2.0112        1.8880        1.8586         0.171       32.6060     0.0788634     0.0000217     0.0000000     0.0000000     0.0000217     0.0000000     0.0000000     0.0000000     0.0000000     0.0000000 
          66.            0.       19.0000       0.42544        1.9412        2.0112        1.8883        1.8589         0.174       32.5977     0.0787963     0.0000216     0.0000000     0.0000000     0.0000216     0.0000000     0.0000000     0.0000000     0.0000000     0.0000000 
          66.            0.       19.0000       0.42524        1.9415        2.0112        1.8886        1.8593         0.178       32.5895     0.0787297     0.0000215     0.0000000     0.0000000     0.0000215     0.0000000     0.0000000     0.0000000     0.0000000     0.0000000 
          67.            0.       19.0000       0.42504        1.9417        2.0113        1.8889        1.8596         0.182       32.5814     0.0786635     0.0000214     0.0000000     0.0000000     0.0000214     0.0000000     0.0000000     0.0000000     0.0000000     0.0000000 
          68.            0.       19.0000       0.42484        1.9420        2.0113        1.8892        1.8599         0.186       32.5734     0.0785979     0.0000213     0.0000000     0.0000000     0.0000213     0.0000000     0.0000000     0.0000000     0.0000000     0.0000000 
          68.            0.       19.0000       0.42464        1.9422        2.0113        1.8895        1.8603         0.190       32.5656     0.0785329     0.0000212     0.0000000     0.0000000     0.0000212     0.0000000     0.0000000     0.0000000     0.0000000     0.0000000 
          68.            0.       19.0000       0.42444        1.9424        2.0114        1.8898        1.8606         0.194       32.5579     0.0784682     0.0000211     0.0000000     0.0000000     0.0000211     0.0000000     0.0000000     0.0000000     0.0000000     0.0000000 
          69.            0.       19.0000       0.42425        1.9427        2.0114        1.8901        1.8609         0.198       32.5503     0.0784042     0.0000210     0.0000000     0.0000000     0.0000210     0.0000000     0.0000000     0.0000000     0.0000000     0.0000000 
          70.            0.       19.0000       0.42405        1.9429        2.0114        1.8904        1.8613         0.203       32.5429     0.0783406     0.0000209     0.0000000     0.0000000     0.0000209     0.0000000     0.0000000     0.0000000     0.0000000     0.0000000 
          70.            0.       19.0000       0.42386        1.9431        2.0115        1.8907        1.8616         0.207       32.5356     0.0782774     0.0000209     0.0000000     0.0000000     0.0000209     0.0000000     0.0000000     0.0000000     0.0000000     0.0000000 
          70.            0.       19.0000       0.42367        1.9433        2.0115        1.8910        1.8619         0.211       32.5285     0.0782149     0.0000208     0.0000000     0.0000000     0.0000208     0.0000000     0.0000000     0.0000000     0.0000000     0.0000000 
          71.            0.       19.0000       0.42348        1.9436        2.0115        1.8912        1.8622         0.215       32.5215     0.0781527     0.0000207     0.0000000     0.0000000     0.0000207     0.0000000     0.0000000     0.0000000     0.0000000     0.0000000 
          72.            0.       19.0000       0.42329        1.9438        2.0116        1.8915        1.8626         0.220       32.5146     0.0780910     0.0000206     0.0000000     0.0000000     0.0000206     0.0000000     0.0000000     0.0000000     0.0000000     0.0000000 
          72.            0.       19.0000       0.42310        1.9440        2.0116        1.8918        1.8629         0.224       32.5079     0.0780298     0.0000205     0.0000000     0.0000000     0.0000205     0.0000000     0.0000000     0.0000000     0.0000000     0.0000000 
          72.            0.       19.0000       0.42291        1.9442        2.0116        1.8921        1.8632         0.229       32.5013     0.0779690     0.0000204     0.0000000     0.0000000     0.0000204     0.0000000     0.0000000     0.0000000     0.0000000     0.0000000 
          73.            0.       19.0000       0.42272        1.9444        2.0116        1.8923        1.8635         0.233       32.4949     0.0779087     0.0000203     0.0000000     0.0000000     0.0000203     0.0000000     0.0000000     0.0000000     0.0000000     0.0000000 
          74.            0.       19.0000       0.42254        1.9447        2.0117        1.8926        1.8638         0.238       32.4887     0.0778488     0.0000203     0.0000000     0.0000000     0.0000203     0.0000000     0.0000000     0.0000000     0.0000000     0.0000000 
          74.            0.       19.0000       0.42236        1.9449        2.0117        1.8929        1.8641         0.242       32.4825     0.0777894     0.0000202     0.0000000     0.0000000     0.0000202     0.0000000     0.0000000     0.0000000     0.0000000     0.0000000 
          74.            0.       19.0000       0.42217        1.9451        2.0117        1.8932        1.8644         0.247       32.4765     0.0777304     0.0000201     0.0000000     0.0000000     0.0000201     0.0000000     0.0000000     0.0000000     0.0000000     0.0000000 
          75.            0.       19.0000       0.42199        1.9453        2.0118        1.8934        1.8647         0.251       32.4706     0.0776719     0.0000200     0.0000000     0.0000000     0.0000200     0.0000000     0.0000000     0.0000000     0.0000000     0.0000000 
          76.            0.       19.0000       0.42181        1.9455        2.0118        1.8937        1.8650         0.256       32.4648     0.0776137     0.0000199     0.0000000     0.0000000     0.0000199     0.0000000     0.0000000     0.0000000     0.0000000     0.0000000 
          76.            0.       19.0000       0.42163        1.9457        2.0118        1.8939        1.8653         0.261       32.4592     0.0775560     0.0000199     0.0000000     0.0000000     0.0000199     0.0000000     0.0000000     0.0000000     0.0000000     0.0000000 
          76.            0.       19.0000       0.42145        1.9459        2.0119        1.8942        1.8656         0.265       32.4537     0.0774986     0.0000198     0.0000000     0.0000000     0.0000198     0.0000000     0.0000000     0.0000000     0.0000000     0.0000000 
          77.            0.       19.0000       0.42128        1.9461        2.0119        1.8945        1.8659         0.270       32.4483     0.0774417     0.0000197     0.0000000     0.0000000     0.0000197     0.0000000     0.0000000     0.0000000     0.0000000     0.0000000 
          78.            0.       19.0000       0.42110        1.9463        2.0119        1.8947        1.8662         0.275       32.4430     0.0773851     0.0000196     0.0000000     0.0000000     0.0000196     0.0000000     0.0000000     0.0000000     0.0000000     0.0000000 
          78.            0.       19.0000       0.42093        1.9466        2.0119        1.8950        1.8665         0.280       32.4378     0.0773289     0.0000196     0.0000000     0.0000000     0.0000196     0.0000000     0.0000000     0.0000000     0.0000000     0.0000000 
          78.            0.       19.0000       0.42075        1.9468        2.0120        1.8952        1.8668         0.285       32.4327     0.0772731     0.0000195     0.0000000     0.0000000     0.0000195     0.0000000     0.0000000     0.0000000     0.0000000     0.0000000 
          79.            0.       19.0000       0.42058        1.9470        2.0120        1.8955        1.8671         0.289       32.4276     0.0772177     0.0000194     0.0000000     0.0000000     0.0000194     0.0000000     0.0000000     0.0000000     0.0000000     0.0000000 
          80.            0.       19.0000       0.42041        1.9472        2.0120        1.8957        1.8673         0.294       32.4227     0.0771626     0.0000193     0.0000000     0.0000000     0.0000193     0.0000000     0.0000000     0.0000000     0.0000000     0.0000000 
          80.            0.       19.0000       0.42024        1.9474        2.0121        1.8960        1.8676         0.299       32.4179     0.0771078     0.0000193     0.0000000     0.0000000     0.0000193     0.0000000     0.0000000     0.0000000     0.0000000     0.0000000 
          80.            0.       19.0000       0.42006        1.9476        2.0121        1.8962        1.8679         0.304       32.4131     0.0770535     0.0000192     0.0000000     0.0000000     0.0000192     0.0000000     0.0000000     0.0000000     0.0000000     0.0000000 
          81.            0.       19.0000       0.41990        1.9478        2.0121        1.8965        1.8682         0.309       32.4084     0.0769994     0.0000191     0.0000000     0.0000000     0.0000191     0.0000000     0.0000000     0.0000000     0.0000000     0.0000000 
          82.            0.       19.0000       0.41973        1.9480        2.0122        1.8967        1.8685         0.314       32.4038     0.0769457     0.0000191     0.0000000     0.0000000     0.0000191     0.0000000     0.0000000     0.0000000     0.0000000     0.0000000 
          82.            0.       19.0000       0.41956        1.9481        2.0122        1.8970        1.8687         0.319       32.3992     0.0768924     0.0000190     0.0000000     0.0000000     0.0000190     0.0000000     0.0000000     0.0000000     0.0000000     0.0000000 
          82.            0.       19.0000       0.41939        1.9483        2.0122        1.8972        1.8690         0.324       32.3947     0.0768393     0.0000189     0.0000000     0.0000000     0.0000189     0.0000000     0.0000000     0.0000000     0.0000000     0.0000000 
          83.            0.       19.0000       0.41923        1.9485        2.0123        1.8975        1.8693         0.329       32.3902     0.0767866     0.0000189     0.0000000     0.0000000     0.0000189     0.0000000     0.0000000     0.0000000     0.0000000     0.0000000 
          84.            0.       19.0000       0.41906        1.9487        2.0123        1.8977        1.8695         0.334       32.3858     0.0767342     0.0000188     0.0000000     0.0000000     0.0000188     0.0000000     0.0000000     0.0000000     0.0000000     0.0000000 
          84.            0.       19.0000       0.41890        1.9489        2.0123        1.8979        1.8698         0.339       32.3815     0.0766821     0.0000187     0.0000000     0.0000000     0.0000187     0.0000000     0.0000000     0.0000000     0.0000000     0.0000000 
          84.            0.       19.0000       0.41873        1.9491        2.0123        1.8982        1.8701         0.344       32.3771     0.0766303     0.0000186     0.0000000     0.0000000     0.0000186     0.0000000     0.0000000     0.0000000     0.0000000     0.0000000 
          85.            0.       19.0000       0.41857        1.9493        2.0124        1.8984        1.8703         0.349       32.3728     0.0765788     0.0000186     0.0000000     0.0000000     0.0000186     0.0000000     0.0000000     0.0000000     0.0000000     0.0000000 
          86.            0.       19.0000       0.41841        1.9495        2.0124        1.8986        1.8706         0.354       32.3686     0.0765276     0.0000185     0.0000000     0.0000000     0.0000185     0.0000000     0.0000000     0.0000000     0.0000000     0.0000000 
          86.            0.       19.0000       0.41824        1.9497        2.0124        1.8989        1.8709         0.359       32.3643     0.0764767     0.0000185     0.0000000     0.0000000     0.0000185     0.0000000     0.0000000     0.0000000     0.0000000     0.0000000 
          86.            0.       19.0000       0.41808        1.9499        2.0125        1.8991        1.8711         0.364       32.3601     0.0764261     0.0000184     0.0000000     0.0000000     0.0000184     0.0000000     0.0000000     0.0000000     0.0000000     0.0000000 
          87.            0.       19.0000       0.41792        1.9500        2.0125        1.8993        1.8714         0.369       32.3559     0.0763758     0.0000183     0.0000000     0.0000000     0.0000183     0.0000000     0.0000000     0.0000000     0.0000000     0.0000000 
          88.            0.       19.0000       0.41776        1.9502        2.0125        1.8996        1.8716         0.375       32.3517     0.0763258     0.0000183     0.0000000     0.0000000     0.0000183     0.0000000     0.0000000     0.0000000     0.0000000     0.0000000 
          88.            0.       19.0000       0.41760        1.9504        2.0126        1.8998        1.8719         0.380       32.3476     0.0762760     0.0000182     0.0000000     0.0000000     0.0000182     0.0000000     0.0000000     0.0000000     0.0000000     0.0000000 
          88.            0.       19.0000       0.41745        1.9506        2.0126        1.9000        1.8721         0.385       32.3435     0.0762265     0.0000181     0.0000000     0.0000000     0.0000181     0.0000000     0.0000000     0.0000000     0.0000000     0.0000000 
          89.            0.       19.0000       0.41729        1.9508        2.0126        1.9002        1.8724         0.390       32.3393     0.0761772     0.0000181     0.0000000     0.0000000     0.0000181     0.0000000     0.0000000     0.0000000     0.0000000     0.0000000 
          90.            0.       19.0000       0.41713        1.9510        2.0127        1.9004        1.8726         0.395       32.3352     0.0761283     0.0000180     0.0000000     0.0000000     0.0000180     0.0000000     0.0000000     0.0000000     0.0000000     0.0000000 
          90.            0.       19.0000       0.41697        1.9511        2.0127        1.9007        1.8729         0.400       32.3311     0.0760796     0.0000180     0.0000000     0.0000000     0.0000180     0.0000000     0.0000000     0.0000000     0.0000000     0.0000000 
          90.            0.       19.0000       0.41682        1.9513        2.0127        1.9009        1.8731         0.405       32.3270     0.0760311     0.0000179     0.0000000     0.0000000     0.0000179     0.0000000     0.0000000     0.0000000     0.0000000     0.0000000 
          91.            0.       19.0000       0.41666        1.9515        2.0127        1.9011        1.8734         0.410       32.3229     0.0759830     0.0000178     0.0000000     0.0000000     0.0000178     0.0000000     0.0000000     0.0000000     0.0000000     0.0000000 
          92.            0.       19.0000       0.41651        1.9517        2.0128        1.9013        1.8736         0.415       32.3188     0.0759351     0.0000178     0.0000000     0.0000000     0.0000178     0.0000000     0.0000000     0.0000000     0.0000000     0.0000000 
          92.            0.       19.0000       0.41635        1.9518        2.0128        1.9015        1.8739         0.421       32.3147     0.0758874     0.0000177     0.0000000     0.0000000     0.0000177     0.0000000     0.0000000     0.0000000     0.0000000     0.0000000 
          92.            0.       19.0000       0.41620        1.9520        2.0128        1.9017        1.8741         0.426       32.3106     0.0758400     0.0000177     0.0000000     0.0000000     0.0000177     0.0000000     0.0000000     0.0000000     0.0000000     0.0000000 
          93.            0.       19.0000       0.41605        1.9522        2.0129        1.9020        1.8743         0.431       32.3065     0.0757928     0.0000176     0.0000000     0.0000000     0.0000176     0.0000000     0.0000000     0.0000000     0.0000000     0.0000000 
          94.            0.       19.0000       0.41589        1.9524        2.0129        1.9022        1.8746         0.436       32.3024     0.0757459     0.0000175     0.0000000     0.0000000     0.0000175     0.0000000     0.0000000     0.0000000     0.0000000     0.0000000 
          94.            0.       19.0000       0.41574        1.9525        2.0129        1.9024        1.8748         0.441       32.2982     0.0756992     0.0000175     0.0000000     0.0000000     0.0000175     0.0000000     0.0000000     0.0000000     0.0000000     0.0000000 
          94.            0.       19.0000       0.41559        1.9527        2.0130        1.9026        1.8751         0.446       32.2942     0.0756528     0.0000174     0.0000000     0.0000000     0.0000174     0.0000000     0.0000000     0.0000000     0.0000000     0.0000000 
          95.            0.       19.0000       0.41544        1.9529        2.0130        1.9028        1.8753         0.452       32.2900     0.0756066     0.0000174     0.0000000     0.0000000     0.0000174     0.0000000     0.0000000     0.0000000     0.0000000     0.0000000 
          96.            0.       19.0000       0.41529        1.9530        2.0130        1.9030        1.8755         0.457       32.2859     0.0755606     0.0000173     0.0000000     0.0000000     0.0000173     0.0000000     0.0000000     0.0000000     0.0000000     0.0000000 
          96.            0.       19.0000       0.41514        1.9532        2.0130        1.9032        1.8757         0.462       32.2818     0.0755149     0.0000173     0.0000000     0.0000000     0.0000173     0.0000000     0.0000000     0.0000000     0.0000000     0.0000000 
          96.            0.       19.0000       0.41499        1.9534        2.0131        1.9034        1.8760         0.467       32.2776     0.0754694     0.0000172     0.0000000     0.0000000     0.0000172     0.0000000     0.0000000     0.0000000     0.0000000     0.0000000 
          97.            0.       19.0000       0.41484        1.9535        2.0131        1.9036        1.8762         0.472       32.2735     0.0754241     0.0000171     0.0000000     0.0000000     0.0000171     0.0000000     0.0000000     0.0000000     0.0000000     0.0000000 
          98.            0.       19.0000       0.41469        1.9537        2.0131        1.9038        1.8764         0.478       32.2694     0.0753790     0.0000171     0.0000000     0.0000000     0.0000171     0.0000000     0.0000000     0.0000000     0.0000000     0.0000000 
          98.            0.       19.0000       0.41455        1.9539        2.0132        1.9040        1.8766         0.483       32.2652     0.0753343     0.0000170     0.0000000     0.0000000     0.0000170     0.0000000     0.0000000     0.0000000     0.0000000     0.0000000 
          98.            0.       19.0000       0.41440        1.9540        2.0132        1.9042        1.8769         0.488       32.2611     0.0752897     0.0000170     0.0000000     0.0000000     0.0000170     0.0000000     0.0000000     0.0000000     0.0000000     0.0000000 
          99.            0.       19.0000       0.41425        1.9542        2.0132        1.9044        1.8771         0.493       32.2569     0.0752453     0.0000169     0.0000000     0.0000000     0.0000169     0.0000000     0.0000000     0.0000000     0.0000000     0.0000000 
         100.            0.       19.0000       0.41410        1.9543        2.0133        1.9046        1.8773         0.499       32.2527     0.0752011     0.0000169     0.0000000     0.0000000     0.0000169     0.0000000     0.0000000     0.0000000     0.0000000     0.0000000 
         100.            0.       19.0000       0.41396        1.9545        2.0133        1.9048        1.8775         0.504       32.2485     0.0751573     0.0000168     0.0000000     0.0000000     0.0000168     0.0000000     0.0000000     0.0000000     0.0000000     0.0000000 
