%
%
% Run:2017  Table:COMPGRID          SWAN version:41.10A
%
%       Xp            Yp            Depth         Hsig          Tm_10         TPsmoo        Tm01          Tm02          Dir           Dspr          Steepn        Dissip        Ssurf         Sfric         Swcap         Redist        Snl3          Snl4          Genera        Swind    
%       [m]           [m]           [m]           [m]           [sec]         [sec]         [sec]         [sec]         [degr]        [degr]        [ ]           [m2/s]        [m2/s]        [m2/s]        [m2/s]        [m2/s]        [m2/s]        [m2/s]        [m2/s]        [m2/s]   
%
           0.            0.       21.0000       1.50856        2.7041        3.0057        2.4662        2.2059         0.025       31.9584     0.1984608     0.0000030     0.0000000     0.0000000     0.0000030     0.0000000     0.0000000     0.0000000     0.0000000     0.0000000 
           0.            0.       21.0000       1.49865        2.7204        3.0059        2.5032        2.2708         0.026       31.8981     0.1860390     0.0029466     0.0000000     0.0000000     0.0029466     0.0000000     0.0000000     0.0000000     0.0000000     0.0000000 
           1.            0.       21.0000       1.48983        2.7347        3.0062        2.5356        2.3299         0.026       31.8513     0.1756695     0.0026480     0.0000000     0.0000000     0.0026480     0.0000000     0.0000000     0.0000000     0.0000000     0.0000000 
           2.            0.       21.0000       1.48218        2.7467        3.0064        2.5626        2.3802         0.026       31.8170     0.1674585     0.0024134     0.0000000     0.0000000     0.0024134     0.0000000     0.0000000     0.0000000     0.0000000     0.0000000 
           2.            0.       21.0000       1.47551        2.7568        3.0066        2.5848        2.4220         0.026       31.7912     0.1610013     0.0022270     0.0000000     0.0000000     0.0022270     0.0000000     0.0000000     0.0000000     0.0000000     0.0000000 
           2.            0.       21.0000       1.46961        2.7654        3.0067        2.6032        2.4565         0.026       31.7708     0.1558728     0.0020758     0.0000000     0.0000000     0.0020758     0.0000000     0.0000000     0.0000000     0.0000000     0.0000000 
           3.            0.       21.0000       1.46432        2.7728        3.0069        2.6186        2.4853         0.026       31.7540     0.1517336     0.0019504     0.0000000     0.0000000     0.0019504     0.0000000     0.0000000     0.0000000     0.0000000     0.0000000 
           4.            0.       21.0000       1.45952        2.7792        3.0071        2.6317        2.5095         0.025       31.7394     0.1483340     0.0018445     0.0000000     0.0000000     0.0018445     0.0000000     0.0000000     0.0000000     0.0000000     0.0000000 
           4.            0.       21.0000       1.45510        2.7850        3.0073        2.6431        2.5300         0.025       31.7263     0.1454957     0.0017534     0.0000000     0.0000000     0.0017534     0.0000000     0.0000000     0.0000000     0.0000000     0.0000000 
           4.            0.       21.0000       1.45100        2.7901        3.0074        2.6529        2.5476         0.025       31.7143     0.1430905     0.0016741     0.0000000     0.0000000     0.0016741     0.0000000     0.0000000     0.0000000     0.0000000     0.0000000 
           5.            0.       21.0000       1.44716        2.7948        3.0076        2.6617        2.5628         0.025       31.7031     0.1410245     0.0016041     0.0000000     0.0000000     0.0016041     0.0000000     0.0000000     0.0000000     0.0000000     0.0000000 
           6.            0.       21.0000       1.44355        2.7991        3.0078        2.6695        2.5760         0.025       31.6926     0.1392279     0.0015417     0.0000000     0.0000000     0.0015417     0.0000000     0.0000000     0.0000000     0.0000000     0.0000000 
           6.            0.       21.0000       1.44014        2.8030        3.0079        2.6765        2.5877         0.025       31.6827     0.1376484     0.0014856     0.0000000     0.0000000     0.0014856     0.0000000     0.0000000     0.0000000     0.0000000     0.0000000 
           6.            0.       21.0000       1.43689        2.8067        3.0081        2.6829        2.5981         0.024       31.6732     0.1362455     0.0014349     0.0000000     0.0000000     0.0014349     0.0000000     0.0000000     0.0000000     0.0000000     0.0000000 
           7.            0.       21.0000       1.43379        2.8101        3.0082        2.6888        2.6073         0.024       31.6642     0.1349880     0.0013886     0.0000000     0.0000000     0.0013886     0.0000000     0.0000000     0.0000000     0.0000000     0.0000000 
           8.            0.       21.0000       1.43081        2.8134        3.0084        2.6942        2.6156         0.024       31.6555     0.1338513     0.0013462     0.0000000     0.0000000     0.0013462     0.0000000     0.0000000     0.0000000     0.0000000     0.0000000 
           8.            0.       21.0000       1.42796        2.8164        3.0085        2.6992        2.6232         0.024       31.6472     0.1328160     0.0013071     0.0000000     0.0000000     0.0013071     0.0000000     0.0000000     0.0000000     0.0000000     0.0000000 
           8.            0.       21.0000       1.42521        2.8193        3.0087        2.7038        2.6301         0.023       31.6393     0.1318664     0.0012709     0.0000000     0.0000000     0.0012709     0.0000000     0.0000000     0.0000000     0.0000000     0.0000000 
           9.            0.       21.0000       1.42256        2.8220        3.0088        2.7082        2.6364         0.023       31.6316     0.1309899     0.0012373     0.0000000     0.0000000     0.0012373     0.0000000     0.0000000     0.0000000     0.0000000     0.0000000 
          10.            0.       21.0000       1.41999        2.8246        3.0090        2.7123        2.6422         0.023       31.6242     0.1301763     0.0012059     0.0000000     0.0000000     0.0012059     0.0000000     0.0000000     0.0000000     0.0000000     0.0000000 
          10.            0.       21.0000       1.41750        2.8271        3.0091        2.7161        2.6477         0.023       31.6171     0.1294170     0.0011766     0.0000000     0.0000000     0.0011766     0.0000000     0.0000000     0.0000000     0.0000000     0.0000000 
          10.            0.       21.0000       1.41508        2.8295        3.0092        2.7198        2.6527         0.022       31.6102     0.1287052     0.0011490     0.0000000     0.0000000     0.0011490     0.0000000     0.0000000     0.0000000     0.0000000     0.0000000 
          11.            0.       21.0000       1.41273        2.8318        3.0094        2.7233        2.6574         0.022       31.6036     0.1280348     0.0011231     0.0000000     0.0000000     0.0011231     0.0000000     0.0000000     0.0000000     0.0000000     0.0000000 
          12.            0.       21.0000       1.41045        2.8340        3.0095        2.7266        2.6619         0.022       31.5973     0.1274012     0.0010986     0.0000000     0.0000000     0.0010986     0.0000000     0.0000000     0.0000000     0.0000000     0.0000000 
          12.            0.       21.0000       1.40822        2.8361        3.0096        2.7297        2.6661         0.021       31.5911     0.1268001     0.0010754     0.0000000     0.0000000     0.0010754     0.0000000     0.0000000     0.0000000     0.0000000     0.0000000 
          12.            0.       21.0000       1.40605        2.8382        3.0098        2.7328        2.6700         0.021       31.5852     0.1262281     0.0010534     0.0000000     0.0000000     0.0010534     0.0000000     0.0000000     0.0000000     0.0000000     0.0000000 
          13.            0.       21.0000       1.40393        2.8401        3.0099        2.7357        2.6738         0.021       31.5794     0.1256822     0.0010326     0.0000000     0.0000000     0.0010326     0.0000000     0.0000000     0.0000000     0.0000000     0.0000000 
          14.            0.       21.0000       1.40186        2.8421        3.0100        2.7385        2.6774         0.020       31.5739     0.1251599     0.0010127     0.0000000     0.0000000     0.0010127     0.0000000     0.0000000     0.0000000     0.0000000     0.0000000 
          14.            0.       21.0000       1.39983        2.8439        3.0101        2.7412        2.6808         0.020       31.5685     0.1246590     0.0009938     0.0000000     0.0000000     0.0009938     0.0000000     0.0000000     0.0000000     0.0000000     0.0000000 
          14.            0.       21.0000       1.39785        2.8457        3.0103        2.7438        2.6841         0.020       31.5634     0.1241775     0.0009757     0.0000000     0.0000000     0.0009757     0.0000000     0.0000000     0.0000000     0.0000000     0.0000000 
          15.            0.       21.0000       1.39591        2.8475        3.0104        2.7463        2.6873         0.019       31.5584     0.1237138     0.0009584     0.0000000     0.0000000     0.0009584     0.0000000     0.0000000     0.0000000     0.0000000     0.0000000 
          16.            0.       21.0000       1.39401        2.8492        3.0105        2.7487        2.6903         0.019       31.5535     0.1232665     0.0009419     0.0000000     0.0000000     0.0009419     0.0000000     0.0000000     0.0000000     0.0000000     0.0000000 
          16.            0.       21.0000       1.39214        2.8508        3.0106        2.7511        2.6933         0.019       31.5488     0.1228343     0.0009261     0.0000000     0.0000000     0.0009261     0.0000000     0.0000000     0.0000000     0.0000000     0.0000000 
          16.            0.       21.0000       1.39031        2.8525        3.0108        2.7534        2.6961         0.018       31.5443     0.1224160     0.0009109     0.0000000     0.0000000     0.0009108     0.0000000     0.0000000     0.0000000     0.0000000     0.0000000 
          17.            0.       21.0000       1.38852        2.8540        3.0109        2.7556        2.6988         0.018       31.5399     0.1220108     0.0008962     0.0000000     0.0000000     0.0008962     0.0000000     0.0000000     0.0000000     0.0000000     0.0000000 
          18.            0.       21.0000       1.38675        2.8556        3.0110        2.7578        2.7014         0.018       31.5357     0.1216175     0.0008822     0.0000000     0.0000000     0.0008822     0.0000000     0.0000000     0.0000000     0.0000000     0.0000000 
          18.            0.       21.0000       1.38502        2.8571        3.0111        2.7599        2.7040         0.017       31.5316     0.1212356     0.0008687     0.0000000     0.0000000     0.0008687     0.0000000     0.0000000     0.0000000     0.0000000     0.0000000 
          18.            0.       21.0000       1.38331        2.8586        3.0112        2.7619        2.7065         0.017       31.5276     0.1208643     0.0008556     0.0000000     0.0000000     0.0008556     0.0000000     0.0000000     0.0000000     0.0000000     0.0000000 
          19.            0.       21.0000       1.38164        2.8600        3.0113        2.7639        2.7089         0.017       31.5238     0.1205030     0.0008430     0.0000000     0.0000000     0.0008430     0.0000000     0.0000000     0.0000000     0.0000000     0.0000000 
          20.            0.       21.0000       1.37999        2.8614        3.0115        2.7659        2.7113         0.017       31.5201     0.1201509     0.0008309     0.0000000     0.0000000     0.0008309     0.0000000     0.0000000     0.0000000     0.0000000     0.0000000 
          20.            0.       21.0000       1.37837        2.8628        3.0116        2.7678        2.7135         0.016       31.5165     0.1198077     0.0008192     0.0000000     0.0000000     0.0008192     0.0000000     0.0000000     0.0000000     0.0000000     0.0000000 
          20.            0.       21.0000       1.37677        2.8641        3.0117        2.7696        2.7158         0.016       31.5131     0.1194729     0.0008078     0.0000000     0.0000000     0.0008078     0.0000000     0.0000000     0.0000000     0.0000000     0.0000000 
          21.            0.       21.0000       1.37519        2.8654        3.0118        2.7714        2.7179         0.016       31.5097     0.1191460     0.0007968     0.0000000     0.0000000     0.0007968     0.0000000     0.0000000     0.0000000     0.0000000     0.0000000 
          22.            0.       21.0000       1.37365        2.8667        3.0119        2.7732        2.7200         0.015       31.5065     0.1188266     0.0007862     0.0000000     0.0000000     0.0007862     0.0000000     0.0000000     0.0000000     0.0000000     0.0000000 
          22.            0.       21.0000       1.37212        2.8680        3.0120        2.7749        2.7221         0.015       31.5033     0.1185143     0.0007759     0.0000000     0.0000000     0.0007759     0.0000000     0.0000000     0.0000000     0.0000000     0.0000000 
          22.            0.       21.0000       1.37061        2.8692        3.0121        2.7766        2.7241         0.015       31.5003     0.1182089     0.0007659     0.0000000     0.0000000     0.0007659     0.0000000     0.0000000     0.0000000     0.0000000     0.0000000 
          23.            0.       21.0000       1.36913        2.8705        3.0122        2.7783        2.7261         0.015       31.4974     0.1179100     0.0007563     0.0000000     0.0000000     0.0007563     0.0000000     0.0000000     0.0000000     0.0000000     0.0000000 
          24.            0.       21.0000       1.36767        2.8717        3.0123        2.7799        2.7280         0.014       31.4945     0.1176172     0.0007469     0.0000000     0.0000000     0.0007469     0.0000000     0.0000000     0.0000000     0.0000000     0.0000000 
          24.            0.       21.0000       1.36622        2.8728        3.0124        2.7815        2.7299         0.014       31.4918     0.1173304     0.0007377     0.0000000     0.0000000     0.0007377     0.0000000     0.0000000     0.0000000     0.0000000     0.0000000 
          24.            0.       21.0000       1.36480        2.8740        3.0125        2.7831        2.7318         0.014       31.4892     0.1170493     0.0007289     0.0000000     0.0000000     0.0007289     0.0000000     0.0000000     0.0000000     0.0000000     0.0000000 
          25.            0.       21.0000       1.36339        2.8751        3.0126        2.7846        2.7336         0.014       31.4866     0.1167737     0.0007202     0.0000000     0.0000000     0.0007202     0.0000000     0.0000000     0.0000000     0.0000000     0.0000000 
          26.            0.       21.0000       1.36200        2.8762        3.0127        2.7861        2.7354         0.013       31.4841     0.1165033     0.0007118     0.0000000     0.0000000     0.0007118     0.0000000     0.0000000     0.0000000     0.0000000     0.0000000 
          26.            0.       21.0000       1.36063        2.8773        3.0128        2.7876        2.7371         0.013       31.4818     0.1162379     0.0007037     0.0000000     0.0000000     0.0007037     0.0000000     0.0000000     0.0000000     0.0000000     0.0000000 
          26.            0.       21.0000       1.35928        2.8784        3.0129        2.7891        2.7388         0.013       31.4795     0.1159774     0.0006957     0.0000000     0.0000000     0.0006957     0.0000000     0.0000000     0.0000000     0.0000000     0.0000000 
          27.            0.       21.0000       1.35794        2.8795        3.0130        2.7905        2.7405         0.013       31.4773     0.1157215     0.0006880     0.0000000     0.0000000     0.0006880     0.0000000     0.0000000     0.0000000     0.0000000     0.0000000 
          28.            0.       21.0000       1.35662        2.8805        3.0131        2.7919        2.7421         0.013       31.4752     0.1154701     0.0006804     0.0000000     0.0000000     0.0006804     0.0000000     0.0000000     0.0000000     0.0000000     0.0000000 
          28.            0.       21.0000       1.35532        2.8816        3.0132        2.7933        2.7438         0.012       31.4731     0.1152231     0.0006731     0.0000000     0.0000000     0.0006731     0.0000000     0.0000000     0.0000000     0.0000000     0.0000000 
          28.            0.       21.0000       1.35403        2.8826        3.0133        2.7947        2.7454         0.012       31.4711     0.1149802     0.0006659     0.0000000     0.0000000     0.0006659     0.0000000     0.0000000     0.0000000     0.0000000     0.0000000 
          29.            0.       21.0000       1.35275        2.8836        3.0134        2.7960        2.7469         0.012       31.4692     0.1147414     0.0006589     0.0000000     0.0000000     0.0006589     0.0000000     0.0000000     0.0000000     0.0000000     0.0000000 
          30.            0.       21.0000       1.35149        2.8846        3.0135        2.7973        2.7484         0.012       31.4674     0.1145065     0.0006520     0.0000000     0.0000000     0.0006520     0.0000000     0.0000000     0.0000000     0.0000000     0.0000000 
          30.            0.       21.0000       1.35025        2.8855        3.0136        2.7986        2.7500         0.012       31.4656     0.1142753     0.0006454     0.0000000     0.0000000     0.0006454     0.0000000     0.0000000     0.0000000     0.0000000     0.0000000 
          30.            0.       21.0000       1.34901        2.8865        3.0137        2.7999        2.7514         0.012       31.4640     0.1140478     0.0006389     0.0000000     0.0000000     0.0006388     0.0000000     0.0000000     0.0000000     0.0000000     0.0000000 
          31.            0.       21.0000       1.34780        2.8874        3.0138        2.8011        2.7529         0.012       31.4623     0.1138239     0.0006325     0.0000000     0.0000000     0.0006325     0.0000000     0.0000000     0.0000000     0.0000000     0.0000000 
          32.            0.       21.0000       1.34659        2.8884        3.0139        2.8024        2.7543         0.011       31.4608     0.1136033     0.0006263     0.0000000     0.0000000     0.0006263     0.0000000     0.0000000     0.0000000     0.0000000     0.0000000 
          32.            0.       21.0000       1.34540        2.8893        3.0140        2.8036        2.7558         0.011       31.4593     0.1133861     0.0006202     0.0000000     0.0000000     0.0006202     0.0000000     0.0000000     0.0000000     0.0000000     0.0000000 
          32.            0.       21.0000       1.34422        2.8902        3.0141        2.8048        2.7571         0.011       31.4579     0.1131722     0.0006142     0.0000000     0.0000000     0.0006142     0.0000000     0.0000000     0.0000000     0.0000000     0.0000000 
          33.            0.       21.0000       1.34305        2.8911        3.0142        2.8060        2.7585         0.011       31.4565     0.1129613     0.0006084     0.0000000     0.0000000     0.0006084     0.0000000     0.0000000     0.0000000     0.0000000     0.0000000 
          34.            0.       21.0000       1.34189        2.8919        3.0143        2.8071        2.7599         0.011       31.4552     0.1127535     0.0006027     0.0000000     0.0000000     0.0006027     0.0000000     0.0000000     0.0000000     0.0000000     0.0000000 
          34.            0.       21.0000       1.34074        2.8928        3.0144        2.8083        2.7612         0.011       31.4540     0.1125487     0.0005971     0.0000000     0.0000000     0.0005971     0.0000000     0.0000000     0.0000000     0.0000000     0.0000000 
          34.            0.       21.0000       1.33961        2.8937        3.0145        2.8094        2.7625         0.011       31.4528     0.1123467     0.0005916     0.0000000     0.0000000     0.0005916     0.0000000     0.0000000     0.0000000     0.0000000     0.0000000 
          35.            0.       21.0000       1.33849        2.8945        3.0146        2.8105        2.7638         0.011       31.4517     0.1121476     0.0005863     0.0000000     0.0000000     0.0005863     0.0000000     0.0000000     0.0000000     0.0000000     0.0000000 
          36.            0.       21.0000       1.33738        2.8953        3.0147        2.8116        2.7651         0.011       31.4507     0.1119511     0.0005810     0.0000000     0.0000000     0.0005810     0.0000000     0.0000000     0.0000000     0.0000000     0.0000000 
          36.            0.       21.0000       1.33628        2.8962        3.0147        2.8127        2.7663         0.011       31.4497     0.1117572     0.0005759     0.0000000     0.0000000     0.0005759     0.0000000     0.0000000     0.0000000     0.0000000     0.0000000 
          36.            0.       21.0000       1.33518        2.8970        3.0148        2.8138        2.7676         0.011       31.4488     0.1115660     0.0005709     0.0000000     0.0000000     0.0005709     0.0000000     0.0000000     0.0000000     0.0000000     0.0000000 
          37.            0.       21.0000       1.33410        2.8978        3.0149        2.8148        2.7688         0.011       31.4479     0.1113773     0.0005659     0.0000000     0.0000000     0.0005659     0.0000000     0.0000000     0.0000000     0.0000000     0.0000000 
          38.            0.       21.0000       1.33303        2.8986        3.0150        2.8159        2.7700         0.011       31.4471     0.1111910     0.0005611     0.0000000     0.0000000     0.0005611     0.0000000     0.0000000     0.0000000     0.0000000     0.0000000 
          38.            0.       21.0000       1.33197        2.8994        3.0151        2.8169        2.7712         0.011       31.4463     0.1110072     0.0005563     0.0000000     0.0000000     0.0005563     0.0000000     0.0000000     0.0000000     0.0000000     0.0000000 
          38.            0.       20.5000       1.33092        2.9001        3.0152        2.8179        2.7724         0.011       31.4455     0.1108258     0.0005517     0.0000000     0.0000000     0.0005517     0.0000000     0.0000000     0.0000000     0.0000000     0.0000000 
          39.            0.       20.0000       1.32987        2.9009        3.0153        2.8189        2.7735         0.011       31.4447     0.1106467     0.0005471     0.0000000     0.0000000     0.0005471     0.0000000     0.0000000     0.0000000     0.0000000     0.0000000 
          40.            0.       19.0000       1.32882        2.9016        3.0154        2.8199        2.7747         0.011       31.4439     0.1104702     0.0005427     0.0000000     0.0000000     0.0005427     0.0000000     0.0000000     0.0000000     0.0000000     0.0000000 
          40.            0.       18.0000       1.32778        2.9023        3.0154        2.8208        2.7758         0.011       31.4426     0.1102961     0.0005383     0.0000000     0.0000000     0.0005383     0.0000000     0.0000000     0.0000000     0.0000000     0.0000000 
          40.            0.       17.0000       1.32673        2.9030        3.0155        2.8218        2.7768         0.011       31.4412     0.1101265     0.0005340     0.0000000     0.0000000     0.0005340     0.0000000     0.0000000     0.0000000     0.0000000     0.0000000 
          41.            0.       16.0000       1.32566        2.9036        3.0156        2.8226        2.7779         0.011       31.4397     0.1099577     0.0005298     0.0000000     0.0000000     0.0005298     0.0000000     0.0000000     0.0000000     0.0000000     0.0000000 
          42.            0.       15.0000       1.32456        2.9042        3.0157        2.8235        2.7789         0.011       31.4366     0.1097912     0.0005257     0.0000000     0.0000000     0.0005257     0.0000000     0.0000000     0.0000000     0.0000000     0.0000000 
          42.            0.       14.0000       1.32341        2.9047        3.0158        2.8242        2.7798         0.011       31.4323     0.1096351     0.0005218     0.0000000     0.0000000     0.0005218     0.0000000     0.0000000     0.0000000     0.0000000     0.0000000 
          42.            0.       13.0000       1.32215        2.9050        3.0158        2.8248        2.7806         0.011       31.4263     0.1094759     0.0005178     0.0000000     0.0000000     0.0005178     0.0000000     0.0000000     0.0000000     0.0000000     0.0000000 
          43.            0.       12.0000       1.32072        2.9052        3.0158        2.8253        2.7812         0.011       31.4174     0.1093268     0.0005140     0.0000000     0.0000001     0.0005139     0.0000000     0.0000000     0.0000000     0.0000000     0.0000000 
          44.            0.       11.0000       1.31897        2.9050        3.0157        2.8255        2.7816         0.011       31.4044     0.1091746     0.0005100     0.0000000     0.0000001     0.0005099     0.0000000     0.0000000     0.0000000     0.0000000     0.0000000 
          44.            0.       10.0000       1.31668        2.9045        3.0154        2.8254        2.7817         0.012       31.3843     0.1090258     0.0005059     0.0000000     0.0000003     0.0005057     0.0000000     0.0000000     0.0000000     0.0000000     0.0000000 
          44.            0.        9.0000       1.31345        2.9033        3.0149        2.8246        2.7812         0.012       31.3524     0.1088685     0.0005013     0.0000000     0.0000005     0.0005008     0.0000000     0.0000000     0.0000000     0.0000000     0.0000000 
          45.            0.        8.0000       1.30858        2.9014        3.0139        2.8231        2.7798         0.012       31.2998     0.1086962     0.0004956     0.0000000     0.0000009     0.0004947     0.0000000     0.0000000     0.0000000     0.0000000     0.0000000 
          46.            0.        7.0000       1.30094        2.8985        3.0123        2.8204        2.7774         0.013       31.2106     0.1084842     0.0004879     0.0000000     0.0000018     0.0004861     0.0000000     0.0000000     0.0000000     0.0000000     0.0000000 
          46.            0.        6.0000       1.28881        2.8947        3.0101        2.8165        2.7735         0.015       31.0542     0.1082207     0.0004773     0.0000000     0.0000036     0.0004737     0.0000000     0.0000000     0.0000000     0.0000000     0.0000000 
          46.            0.        5.0000       1.27007        2.8906        3.0079        2.8117        2.7684         0.019       30.7723     0.1079449     0.0004642     0.0000001     0.0000072     0.0004569     0.0000000     0.0000000     0.0000000     0.0000000     0.0000000 
          47.            0.        4.0000       1.24472        2.8887        3.0079        2.8082        2.7641         0.026       30.4744     0.1080646     0.0004696     0.0000124     0.0000150     0.0004422     0.0000000     0.0000000     0.0000000     0.0000000     0.0000000 
          48.            0.        3.5000       1.22871        2.8901        3.0094        2.8086        2.7640         0.040       30.1364     0.1084413     0.0005601     0.0001009     0.0000218     0.0004374     0.0000000     0.0000000     0.0000000     0.0000000     0.0000000 
          48.            0.        3.0000       1.21287        2.8937        3.0118        2.8112        2.7661         0.057       29.8576     0.1095503     0.0011052     0.0006290     0.0000321     0.0004440     0.0000000     0.0000000     0.0000000     0.0000000     0.0000000 
          48.            0.        3.0000       1.21035        2.8941        3.0118        2.8118        2.7669         0.068       29.7388     0.1092696     0.0010816     0.0006120     0.0000320     0.0004376     0.0000000     0.0000000     0.0000000     0.0000000     0.0000000 
          49.            0.        3.0000       1.20838        2.8948        3.0119        2.8127        2.7679         0.069       29.6945     0.1090232     0.0010628     0.0005988     0.0000319     0.0004321     0.0000000     0.0000000     0.0000000     0.0000000     0.0000000 
          50.            0.        3.0000       1.20661        2.8956        3.0120        2.8137        2.7689         0.069       29.6851     0.1087924     0.0010460     0.0005870     0.0000319     0.0004271     0.0000000     0.0000000     0.0000000     0.0000000     0.0000000 
          50.            0.        3.0000       1.20493        2.8963        3.0121        2.8146        2.7700         0.069       29.6874     0.1085694     0.0010301     0.0005760     0.0000318     0.0004223     0.0000000     0.0000000     0.0000000     0.0000000     0.0000000 
          50.            0.        3.0000       1.20329        2.8971        3.0122        2.8155        2.7710         0.070       29.6935     0.1083513     0.0010149     0.0005654     0.0000317     0.0004177     0.0000000     0.0000000     0.0000000     0.0000000     0.0000000 
          51.            0.        3.0000       1.20168        2.8978        3.0123        2.8165        2.7721         0.070       29.6998     0.1081375     0.0010001     0.0005552     0.0000317     0.0004132     0.0000000     0.0000000     0.0000000     0.0000000     0.0000000 
          52.            0.        3.0000       1.20011        2.8985        3.0124        2.8174        2.7731         0.069       29.7025     0.1079273     0.0009857     0.0005452     0.0000316     0.0004089     0.0000000     0.0000000     0.0000000     0.0000000     0.0000000 
          52.            0.        3.0000       1.20060        2.8996        3.0125        2.8187        2.7746         0.061       30.0483     0.1078720     0.0009878     0.0005478     0.0000317     0.0004083     0.0000000     0.0000000     0.0000000     0.0000000     0.0000000 
          52.            0.        3.5000       1.21669        2.8979        3.0105        2.8185        2.7752         0.044       30.8153     0.1066057     0.0005058     0.0000846     0.0000216     0.0003996     0.0000000     0.0000000     0.0000000     0.0000000     0.0000000 
          53.            0.        4.0000       1.23391        2.8990        3.0098        2.8210        2.7784         0.031       31.6042     0.1061110     0.0004278     0.0000102     0.0000149     0.0004027     0.0000000     0.0000000     0.0000000     0.0000000     0.0000000 
          54.            0.        5.0000       1.25945        2.9032        3.0106        2.8269        2.7852         0.022       32.1640     0.1058046     0.0004204     0.0000001     0.0000072     0.0004131     0.0000000     0.0000000     0.0000000     0.0000000     0.0000000 
          54.            0.        6.0000       1.27577        2.9084        3.0128        2.8330        2.7918         0.018       32.3163     0.1057568     0.0004250     0.0000000     0.0000036     0.0004215     0.0000000     0.0000000     0.0000000     0.0000000     0.0000000 
          54.            0.        7.0000       1.28524        2.9130        3.0148        2.8380        2.7969         0.016       32.3358     0.1057021     0.0004274     0.0000000     0.0000018     0.0004256     0.0000000     0.0000000     0.0000000     0.0000000     0.0000000 
          55.            0.        8.0000       1.29031        2.9165        3.0162        2.8416        2.8006         0.015       32.3120     0.1056064     0.0004273     0.0000000     0.0000009     0.0004264     0.0000000     0.0000000     0.0000000     0.0000000     0.0000000 
          56.            0.        9.0000       1.29278        2.9191        3.0172        2.8442        2.8033         0.015       32.2783     0.1054788     0.0004257     0.0000000     0.0000005     0.0004252     0.0000000     0.0000000     0.0000000     0.0000000     0.0000000 
          56.            0.       10.0000       1.29378        2.9211        3.0177        2.8462        2.8053         0.015       32.2460     0.1053405     0.0004234     0.0000000     0.0000003     0.0004231     0.0000000     0.0000000     0.0000000     0.0000000     0.0000000 
          56.            0.       11.0000       1.29395        2.9226        3.0181        2.8477        2.8068         0.015       32.2178     0.1051959     0.0004207     0.0000000     0.0000001     0.0004206     0.0000000     0.0000000     0.0000000     0.0000000     0.0000000 
          57.            0.       12.0000       1.29367        2.9237        3.0183        2.8489        2.8080         0.015       32.1942     0.1050560     0.0004179     0.0000000     0.0000001     0.0004179     0.0000000     0.0000000     0.0000000     0.0000000     0.0000000 
          58.            0.       13.0000       1.29312        2.9246        3.0184        2.8499        2.8091         0.015       32.1736     0.1049132     0.0004151     0.0000000     0.0000000     0.0004150     0.0000000     0.0000000     0.0000000     0.0000000     0.0000000 
          58.            0.       14.0000       1.29245        2.9254        3.0186        2.8507        2.8100         0.016       32.1561     0.1047803     0.0004123     0.0000000     0.0000000     0.0004123     0.0000000     0.0000000     0.0000000     0.0000000     0.0000000 
          58.            0.       15.0000       1.29167        2.9261        3.0186        2.8515        2.8108         0.016       32.1398     0.1046439     0.0004096     0.0000000     0.0000000     0.0004095     0.0000000     0.0000000     0.0000000     0.0000000     0.0000000 
          59.            0.       16.0000       1.29087        2.9267        3.0187        2.8522        2.8116         0.016       32.1245     0.1045173     0.0004070     0.0000000     0.0000000     0.0004069     0.0000000     0.0000000     0.0000000     0.0000000     0.0000000 
          60.            0.       17.0000       1.29007        2.9273        3.0188        2.8529        2.8124         0.016       32.1121     0.1043931     0.0004044     0.0000000     0.0000000     0.0004044     0.0000000     0.0000000     0.0000000     0.0000000     0.0000000 
          60.            0.       18.0000       1.28924        2.9278        3.0188        2.8535        2.8131         0.017       32.0996     0.1042683     0.0004019     0.0000000     0.0000000     0.0004019     0.0000000     0.0000000     0.0000000     0.0000000     0.0000000 
          60.            0.       19.0000       1.28841        2.9283        3.0189        2.8542        2.8139         0.017       32.0876     0.1041472     0.0003994     0.0000000     0.0000000     0.0003994     0.0000000     0.0000000     0.0000000     0.0000000     0.0000000 
          61.            0.       20.0000       1.28759        2.9288        3.0190        2.8548        2.8146         0.018       32.0769     0.1040275     0.0003970     0.0000000     0.0000000     0.0003970     0.0000000     0.0000000     0.0000000     0.0000000     0.0000000 
          62.            0.       20.5000       1.28677        2.9293        3.0190        2.8554        2.8153         0.018       32.0665     0.1039091     0.0003946     0.0000000     0.0000000     0.0003946     0.0000000     0.0000000     0.0000000     0.0000000     0.0000000 
          62.            0.       21.0000       1.28595        2.9298        3.0191        2.8560        2.8160         0.018       32.0564     0.1037918     0.0003923     0.0000000     0.0000000     0.0003923     0.0000000     0.0000000     0.0000000     0.0000000     0.0000000 
          62.            0.       21.0000       1.28514        2.9303        3.0192        2.8567        2.8167         0.019       32.0465     0.1036756     0.0003900     0.0000000     0.0000000     0.0003900     0.0000000     0.0000000     0.0000000     0.0000000     0.0000000 
          63.            0.       21.0000       1.28433        2.9308        3.0192        2.8573        2.8173         0.019       32.0368     0.1035603     0.0003877     0.0000000     0.0000000     0.0003877     0.0000000     0.0000000     0.0000000     0.0000000     0.0000000 
          64.            0.       21.0000       1.28353        2.9312        3.0193        2.8579        2.8180         0.020       32.0272     0.1034460     0.0003854     0.0000000     0.0000000     0.0003854     0.0000000     0.0000000     0.0000000     0.0000000     0.0000000 
          64.            0.       21.0000       1.28273        2.9317        3.0194        2.8584        2.8187         0.020       32.0177     0.1033326     0.0003832     0.0000000     0.0000000     0.0003832     0.0000000     0.0000000     0.0000000     0.0000000     0.0000000 
          64.            0.       21.0000       1.28194        2.9322        3.0194        2.8590        2.8193         0.020       32.0082     0.1032201     0.0003810     0.0000000     0.0000000     0.0003810     0.0000000     0.0000000     0.0000000     0.0000000     0.0000000 
          65.            0.       21.0000       1.28116        2.9326        3.0195        2.8596        2.8200         0.021       31.9989     0.1031085     0.0003788     0.0000000     0.0000000     0.0003788     0.0000000     0.0000000     0.0000000     0.0000000     0.0000000 
          66.            0.       21.0000       1.28037        2.9331        3.0196        2.8602        2.8207         0.021       31.9896     0.1029978     0.0003767     0.0000000     0.0000000     0.0003767     0.0000000     0.0000000     0.0000000     0.0000000     0.0000000 
          66.            0.       21.0000       1.27960        2.9335        3.0196        2.8608        2.8213         0.022       31.9804     0.1028880     0.0003746     0.0000000     0.0000000     0.0003746     0.0000000     0.0000000     0.0000000     0.0000000     0.0000000 
          66.            0.       21.0000       1.27882        2.9340        3.0197        2.8613        2.8219         0.022       31.9712     0.1027790     0.0003725     0.0000000     0.0000000     0.0003725     0.0000000     0.0000000     0.0000000     0.0000000     0.0000000 
          67.            0.       21.0000       1.27805        2.9344        3.0198        2.8619        2.8226         0.023       31.9622     0.1026708     0.0003704     0.0000000     0.0000000     0.0003704     0.0000000     0.0000000     0.0000000     0.0000000     0.0000000 
          68.            0.       21.0000       1.27729        2.9349        3.0198        2.8625        2.8232         0.023       31.9532     0.1025635     0.0003684     0.0000000     0.0000000     0.0003684     0.0000000     0.0000000     0.0000000     0.0000000     0.0000000 
          68.            0.       21.0000       1.27653        2.9353        3.0199        2.8630        2.8238         0.024       31.9443     0.1024570     0.0003663     0.0000000     0.0000000     0.0003663     0.0000000     0.0000000     0.0000000     0.0000000     0.0000000 
          68.            0.       21.0000       1.27578        2.9358        3.0200        2.8636        2.8245         0.024       31.9354     0.1023514     0.0003644     0.0000000     0.0000000     0.0003644     0.0000000     0.0000000     0.0000000     0.0000000     0.0000000 
          69.            0.       21.0000       1.27503        2.9362        3.0200        2.8641        2.8251         0.025       31.9267     0.1022465     0.0003624     0.0000000     0.0000000     0.0003624     0.0000000     0.0000000     0.0000000     0.0000000     0.0000000 
          70.            0.       21.0000       1.27428        2.9366        3.0201        2.8646        2.8257         0.026       31.9180     0.1021424     0.0003604     0.0000000     0.0000000     0.0003604     0.0000000     0.0000000     0.0000000     0.0000000     0.0000000 
          70.            0.       21.0000       1.27354        2.9371        3.0202        2.8652        2.8263         0.026       31.9094     0.1020391     0.0003585     0.0000000     0.0000000     0.0003585     0.0000000     0.0000000     0.0000000     0.0000000     0.0000000 
          70.            0.       21.0000       1.27280        2.9375        3.0202        2.8657        2.8269         0.027       31.9008     0.1019365     0.0003566     0.0000000     0.0000000     0.0003566     0.0000000     0.0000000     0.0000000     0.0000000     0.0000000 
          71.            0.       21.0000       1.27207        2.9379        3.0203        2.8662        2.8275         0.027       31.8924     0.1018346     0.0003547     0.0000000     0.0000000     0.0003547     0.0000000     0.0000000     0.0000000     0.0000000     0.0000000 
          72.            0.       21.0000       1.27134        2.9383        3.0203        2.8668        2.8281         0.028       31.8840     0.1017336     0.0003529     0.0000000     0.0000000     0.0003529     0.0000000     0.0000000     0.0000000     0.0000000     0.0000000 
          72.            0.       21.0000       1.27062        2.9388        3.0204        2.8673        2.8287         0.029       31.8757     0.1016332     0.0003510     0.0000000     0.0000000     0.0003510     0.0000000     0.0000000     0.0000000     0.0000000     0.0000000 
          72.            0.       21.0000       1.26990        2.9392        3.0205        2.8678        2.8293         0.029       31.8674     0.1015336     0.0003492     0.0000000     0.0000000     0.0003492     0.0000000     0.0000000     0.0000000     0.0000000     0.0000000 
          73.            0.       21.0000       1.26918        2.9396        3.0205        2.8683        2.8299         0.030       31.8592     0.1014347     0.0003474     0.0000000     0.0000000     0.0003474     0.0000000     0.0000000     0.0000000     0.0000000     0.0000000 
          74.            0.       21.0000       1.26847        2.9400        3.0206        2.8688        2.8304         0.031       31.8511     0.1013365     0.0003456     0.0000000     0.0000000     0.0003456     0.0000000     0.0000000     0.0000000     0.0000000     0.0000000 
          74.            0.       21.0000       1.26776        2.9404        3.0207        2.8693        2.8310         0.031       31.8431     0.1012390     0.0003439     0.0000000     0.0000000     0.0003439     0.0000000     0.0000000     0.0000000     0.0000000     0.0000000 
          74.            0.       21.0000       1.26705        2.9408        3.0207        2.8698        2.8316         0.032       31.8351     0.1011421     0.0003421     0.0000000     0.0000000     0.0003421     0.0000000     0.0000000     0.0000000     0.0000000     0.0000000 
          75.            0.       21.0000       1.26635        2.9412        3.0208        2.8703        2.8321         0.033       31.8272     0.1010460     0.0003404     0.0000000     0.0000000     0.0003404     0.0000000     0.0000000     0.0000000     0.0000000     0.0000000 
          76.            0.       21.0000       1.26565        2.9416        3.0208        2.8708        2.8327         0.033       31.8194     0.1009505     0.0003387     0.0000000     0.0000000     0.0003387     0.0000000     0.0000000     0.0000000     0.0000000     0.0000000 
          76.            0.       21.0000       1.26496        2.9420        3.0209        2.8713        2.8332         0.034       31.8116     0.1008557     0.0003370     0.0000000     0.0000000     0.0003370     0.0000000     0.0000000     0.0000000     0.0000000     0.0000000 
          76.            0.       21.0000       1.26427        2.9424        3.0210        2.8718        2.8338         0.035       31.8039     0.1007615     0.0003354     0.0000000     0.0000000     0.0003354     0.0000000     0.0000000     0.0000000     0.0000000     0.0000000 
          77.            0.       21.0000       1.26359        2.9428        3.0210        2.8723        2.8343         0.036       31.7963     0.1006680     0.0003337     0.0000000     0.0000000     0.0003337     0.0000000     0.0000000     0.0000000     0.0000000     0.0000000 
          78.            0.       21.0000       1.26290        2.9432        3.0211        2.8728        2.8349         0.036       31.7887     0.1005751     0.0003321     0.0000000     0.0000000     0.0003321     0.0000000     0.0000000     0.0000000     0.0000000     0.0000000 
          78.            0.       21.0000       1.26223        2.9436        3.0211        2.8733        2.8354         0.037       31.7812     0.1004828     0.0003305     0.0000000     0.0000000     0.0003305     0.0000000     0.0000000     0.0000000     0.0000000     0.0000000 
          78.            0.       21.0000       1.26155        2.9439        3.0212        2.8737        2.8360         0.038       31.7737     0.1003911     0.0003289     0.0000000     0.0000000     0.0003289     0.0000000     0.0000000     0.0000000     0.0000000     0.0000000 
          79.            0.       21.0000       1.26088        2.9443        3.0213        2.8742        2.8365         0.039       31.7664     0.1003001     0.0003273     0.0000000     0.0000000     0.0003273     0.0000000     0.0000000     0.0000000     0.0000000     0.0000000 
          80.            0.       21.0000       1.26021        2.9447        3.0213        2.8747        2.8370         0.040       31.7591     0.1002096     0.0003257     0.0000000     0.0000000     0.0003257     0.0000000     0.0000000     0.0000000     0.0000000     0.0000000 
          80.            0.       21.0000       1.25955        2.9451        3.0214        2.8752        2.8375         0.041       31.7519     0.1001197     0.0003242     0.0000000     0.0000000     0.0003242     0.0000000     0.0000000     0.0000000     0.0000000     0.0000000 
          80.            0.       21.0000       1.25889        2.9455        3.0214        2.8756        2.8381         0.041       31.7447     0.1000305     0.0003226     0.0000000     0.0000000     0.0003226     0.0000000     0.0000000     0.0000000     0.0000000     0.0000000 
          81.            0.       21.0000       1.25823        2.9458        3.0215        2.8761        2.8386         0.042       31.7376     0.0999418     0.0003211     0.0000000     0.0000000     0.0003211     0.0000000     0.0000000     0.0000000     0.0000000     0.0000000 
          82.            0.       21.0000       1.25757        2.9462        3.0215        2.8765        2.8391         0.043       31.7305     0.0998537     0.0003196     0.0000000     0.0000000     0.0003196     0.0000000     0.0000000     0.0000000     0.0000000     0.0000000 
          82.            0.       21.0000       1.25692        2.9466        3.0216        2.8770        2.8396         0.044       31.7235     0.0997661     0.0003181     0.0000000     0.0000000     0.0003181     0.0000000     0.0000000     0.0000000     0.0000000     0.0000000 
          82.            0.       21.0000       1.25628        2.9469        3.0217        2.8774        2.8401         0.045       31.7166     0.0996791     0.0003167     0.0000000     0.0000000     0.0003167     0.0000000     0.0000000     0.0000000     0.0000000     0.0000000 
          83.            0.       21.0000       1.25563        2.9473        3.0217        2.8779        2.8406         0.046       31.7097     0.0995927     0.0003152     0.0000000     0.0000000     0.0003152     0.0000000     0.0000000     0.0000000     0.0000000     0.0000000 
          84.            0.       21.0000       1.25499        2.9477        3.0218        2.8783        2.8411         0.047       31.7029     0.0995068     0.0003138     0.0000000     0.0000000     0.0003138     0.0000000     0.0000000     0.0000000     0.0000000     0.0000000 
          84.            0.       21.0000       1.25435        2.9480        3.0218        2.8788        2.8416         0.048       31.6961     0.0994214     0.0003123     0.0000000     0.0000000     0.0003123     0.0000000     0.0000000     0.0000000     0.0000000     0.0000000 
          84.            0.       21.0000       1.25372        2.9484        3.0219        2.8792        2.8421         0.049       31.6894     0.0993366     0.0003109     0.0000000     0.0000000     0.0003109     0.0000000     0.0000000     0.0000000     0.0000000     0.0000000 
          85.            0.       21.0000       1.25309        2.9487        3.0219        2.8797        2.8426         0.050       31.6828     0.0992523     0.0003095     0.0000000     0.0000000     0.0003095     0.0000000     0.0000000     0.0000000     0.0000000     0.0000000 
          86.            0.       21.0000       1.25246        2.9491        3.0220        2.8801        2.8431         0.051       31.6762     0.0991686     0.0003081     0.0000000     0.0000000     0.0003081     0.0000000     0.0000000     0.0000000     0.0000000     0.0000000 
          86.            0.       21.0000       1.25183        2.9494        3.0220        2.8805        2.8436         0.052       31.6697     0.0990853     0.0003068     0.0000000     0.0000000     0.0003068     0.0000000     0.0000000     0.0000000     0.0000000     0.0000000 
          86.            0.       21.0000       1.25121        2.9498        3.0221        2.8809        2.8441         0.053       31.6632     0.0990025     0.0003054     0.0000000     0.0000000     0.0003054     0.0000000     0.0000000     0.0000000     0.0000000     0.0000000 
          87.            0.       21.0000       1.25059        2.9501        3.0222        2.8814        2.8445         0.054       31.6568     0.0989203     0.0003040     0.0000000     0.0000000     0.0003040     0.0000000     0.0000000     0.0000000     0.0000000     0.0000000 
          88.            0.       21.0000       1.24997        2.9505        3.0222        2.8818        2.8450         0.055       31.6505     0.0988385     0.0003027     0.0000000     0.0000000     0.0003027     0.0000000     0.0000000     0.0000000     0.0000000     0.0000000 
          88.            0.       21.0000       1.24936        2.9508        3.0223        2.8822        2.8455         0.056       31.6442     0.0987573     0.0003014     0.0000000     0.0000000     0.0003014     0.0000000     0.0000000     0.0000000     0.0000000     0.0000000 
          88.            0.       21.0000       1.24875        2.9511        3.0223        2.8826        2.8459         0.057       31.6379     0.0986765     0.0003001     0.0000000     0.0000000     0.0003001     0.0000000     0.0000000     0.0000000     0.0000000     0.0000000 
          89.            0.       21.0000       1.24814        2.9515        3.0224        2.8831        2.8464         0.058       31.6317     0.0985962     0.0002988     0.0000000     0.0000000     0.0002988     0.0000000     0.0000000     0.0000000     0.0000000     0.0000000 
          90.            0.       21.0000       1.24754        2.9518        3.0224        2.8835        2.8469         0.059       31.6256     0.0985164     0.0002975     0.0000000     0.0000000     0.0002975     0.0000000     0.0000000     0.0000000     0.0000000     0.0000000 
          90.            0.       21.0000       1.24694        2.9521        3.0225        2.8839        2.8473         0.060       31.6195     0.0984370     0.0002962     0.0000000     0.0000000     0.0002962     0.0000000     0.0000000     0.0000000     0.0000000     0.0000000 
          90.            0.       21.0000       1.24634        2.9525        3.0225        2.8843        2.8478         0.061       31.6134     0.0983581     0.0002950     0.0000000     0.0000000     0.0002950     0.0000000     0.0000000     0.0000000     0.0000000     0.0000000 
          91.            0.       21.0000       1.24574        2.9528        3.0226        2.8847        2.8483         0.063       31.6074     0.0982797     0.0002937     0.0000000     0.0000000     0.0002937     0.0000000     0.0000000     0.0000000     0.0000000     0.0000000 
          92.            0.       21.0000       1.24515        2.9531        3.0226        2.8851        2.8487         0.064       31.6015     0.0982017     0.0002925     0.0000000     0.0000000     0.0002925     0.0000000     0.0000000     0.0000000     0.0000000     0.0000000 
          92.            0.       21.0000       1.24456        2.9535        3.0227        2.8855        2.8492         0.065       31.5956     0.0981242     0.0002912     0.0000000     0.0000000     0.0002912     0.0000000     0.0000000     0.0000000     0.0000000     0.0000000 
          92.            0.       21.0000       1.24397        2.9538        3.0228        2.8859        2.8496         0.066       31.5897     0.0980471     0.0002900     0.0000000     0.0000000     0.0002900     0.0000000     0.0000000     0.0000000     0.0000000     0.0000000 
          93.            0.       21.0000       1.24338        2.9541        3.0228        2.8863        2.8500         0.067       31.5839     0.0979704     0.0002888     0.0000000     0.0000000     0.0002888     0.0000000     0.0000000     0.0000000     0.0000000     0.0000000 
          94.            0.       21.0000       1.24280        2.9544        3.0229        2.8867        2.8505         0.068       31.5782     0.0978943     0.0002876     0.0000000     0.0000000     0.0002876     0.0000000     0.0000000     0.0000000     0.0000000     0.0000000 
          94.            0.       21.0000       1.24222        2.9548        3.0229        2.8871        2.8509         0.070       31.5725     0.0978184     0.0002864     0.0000000     0.0000000     0.0002864     0.0000000     0.0000000     0.0000000     0.0000000     0.0000000 
          94.            0.       21.0000       1.24164        2.9551        3.0230        2.8875        2.8514         0.071       31.5668     0.0977430     0.0002852     0.0000000     0.0000000     0.0002852     0.0000000     0.0000000     0.0000000     0.0000000     0.0000000 
          95.            0.       21.0000       1.24107        2.9554        3.0230        2.8879        2.8518         0.072       31.5612     0.0976680     0.0002841     0.0000000     0.0000000     0.0002841     0.0000000     0.0000000     0.0000000     0.0000000     0.0000000 
          96.            0.       21.0000       1.24049        2.9557        3.0231        2.8882        2.8522         0.073       31.5556     0.0975936     0.0002829     0.0000000     0.0000000     0.0002829     0.0000000     0.0000000     0.0000000     0.0000000     0.0000000 
          96.            0.       21.0000       1.23992        2.9560        3.0231        2.8886        2.8526         0.075       31.5501     0.0975194     0.0002818     0.0000000     0.0000000     0.0002818     0.0000000     0.0000000     0.0000000     0.0000000     0.0000000 
          96.            0.       21.0000       1.23936        2.9563        3.0232        2.8890        2.8531         0.076       31.5446     0.0974457     0.0002806     0.0000000     0.0000000     0.0002806     0.0000000     0.0000000     0.0000000     0.0000000     0.0000000 
          97.            0.       21.0000       1.23879        2.9566        3.0232        2.8894        2.8535         0.077       31.5391     0.0973724     0.0002795     0.0000000     0.0000000     0.0002795     0.0000000     0.0000000     0.0000000     0.0000000     0.0000000 
          98.            0.       21.0000       1.23823        2.9569        3.0233        2.8898        2.8539         0.078       31.5337     0.0972995     0.0002784     0.0000000     0.0000000     0.0002784     0.0000000     0.0000000     0.0000000     0.0000000     0.0000000 
          98.            0.       21.0000       1.23767        2.9573        3.0233        2.8901        2.8543         0.080       31.5283     0.0972270     0.0002773     0.0000000     0.0000000     0.0002773     0.0000000     0.0000000     0.0000000     0.0000000     0.0000000 
          98.            0.       21.0000       1.23711        2.9576        3.0234        2.8905        2.8548         0.081       31.5230     0.0971548     0.0002762     0.0000000     0.0000000     0.0002762     0.0000000     0.0000000     0.0000000     0.0000000     0.0000000 
          99.            0.       21.0000       1.23656        2.9579        3.0234        2.8909        2.8552         0.082       31.5177     0.0970830     0.0002751     0.0000000     0.0000000     0.0002751     0.0000000     0.0000000     0.0000000     0.0000000     0.0000000 
         100.            0.       21.0000       1.23600        2.9582        3.0235        2.8912        2.8556         0.084       31.5125     0.0970117     0.0002740     0.0000000     0.0000000     0.0002740     0.0000000     0.0000000     0.0000000     0.0000000     0.0000000 
         100.            0.       21.0000       1.23545        2.9585        3.0235        2.8916        2.8560         0.085       31.5073     0.0969409     0.0002730     0.0000000     0.0000000     0.0002730     0.0000000     0.0000000     0.0000000     0.0000000     0.0000000 
