%
%
% Run:2017  Table:COMPGRID          SWAN version:41.10A
%
%       Xp            Yp            Depth         Hsig          Tm_10         TPsmoo        Tm01          Tm02          Dir           Dspr          Steepn        Dissip        Ssurf         Sfric         Swcap         Redist        Snl3          Snl4          Genera        Swind    
%       [m]           [m]           [m]           [m]           [sec]         [sec]         [sec]         [sec]         [degr]        [degr]        [ ]           [m2/s]        [m2/s]        [m2/s]        [m2/s]        [m2/s]        [m2/s]        [m2/s]        [m2/s]        [m2/s]   
%
           0.            0.       21.0000       1.50836        2.7039        3.0057        2.4660        2.2057         0.027       31.9287     0.1984637     0.0000028     0.0000000     0.0000000     0.0000028     0.0000000     0.0000000     0.0000000     0.0000000     0.0000000 
           0.            0.       21.0000       1.49846        2.7203        3.0059        2.5030        2.2706         0.028       31.8677     0.1860422     0.0029459     0.0000000     0.0000000     0.0029459     0.0000000     0.0000000     0.0000000     0.0000000     0.0000000 
           1.            0.       21.0000       1.48964        2.7346        3.0061        2.5355        2.3298         0.028       31.8203     0.1756728     0.0026474     0.0000000     0.0000000     0.0026474     0.0000000     0.0000000     0.0000000     0.0000000     0.0000000 
           2.            0.       21.0000       1.48198        2.7466        3.0063        2.5624        2.3800         0.028       31.7854     0.1674617     0.0024128     0.0000000     0.0000000     0.0024128     0.0000000     0.0000000     0.0000000     0.0000000     0.0000000 
           2.            0.       21.0000       1.47531        2.7566        3.0065        2.5846        2.4218         0.028       31.7591     0.1610042     0.0022264     0.0000000     0.0000000     0.0022264     0.0000000     0.0000000     0.0000000     0.0000000     0.0000000 
           2.            0.       21.0000       1.46941        2.7652        3.0067        2.6030        2.4564         0.028       31.7382     0.1558752     0.0020752     0.0000000     0.0000000     0.0020752     0.0000000     0.0000000     0.0000000     0.0000000     0.0000000 
           3.            0.       21.0000       1.46412        2.7726        3.0069        2.6184        2.4851         0.028       31.7210     0.1517355     0.0019499     0.0000000     0.0000000     0.0019499     0.0000000     0.0000000     0.0000000     0.0000000     0.0000000 
           4.            0.       21.0000       1.45931        2.7790        3.0070        2.6316        2.5093         0.028       31.7059     0.1483354     0.0018440     0.0000000     0.0000000     0.0018440     0.0000000     0.0000000     0.0000000     0.0000000     0.0000000 
           4.            0.       21.0000       1.45489        2.7848        3.0072        2.6429        2.5298         0.027       31.6923     0.1454967     0.0017529     0.0000000     0.0000000     0.0017529     0.0000000     0.0000000     0.0000000     0.0000000     0.0000000 
           4.            0.       21.0000       1.45079        2.7899        3.0074        2.6528        2.5474         0.027       31.6799     0.1430910     0.0016736     0.0000000     0.0000000     0.0016736     0.0000000     0.0000000     0.0000000     0.0000000     0.0000000 
           5.            0.       21.0000       1.44696        2.7946        3.0075        2.6615        2.5626         0.027       31.6683     0.1410246     0.0016036     0.0000000     0.0000000     0.0016036     0.0000000     0.0000000     0.0000000     0.0000000     0.0000000 
           6.            0.       21.0000       1.44334        2.7989        3.0077        2.6693        2.5759         0.027       31.6574     0.1392276     0.0015412     0.0000000     0.0000000     0.0015412     0.0000000     0.0000000     0.0000000     0.0000000     0.0000000 
           6.            0.       21.0000       1.43993        2.8029        3.0079        2.6764        2.5875         0.027       31.6471     0.1376478     0.0014852     0.0000000     0.0000000     0.0014852     0.0000000     0.0000000     0.0000000     0.0000000     0.0000000 
           6.            0.       21.0000       1.43668        2.8065        3.0080        2.6828        2.5979         0.027       31.6372     0.1362446     0.0014345     0.0000000     0.0000000     0.0014345     0.0000000     0.0000000     0.0000000     0.0000000     0.0000000 
           7.            0.       21.0000       1.43357        2.8100        3.0082        2.6886        2.6071         0.026       31.6278     0.1349868     0.0013882     0.0000000     0.0000000     0.0013882     0.0000000     0.0000000     0.0000000     0.0000000     0.0000000 
           8.            0.       21.0000       1.43060        2.8132        3.0083        2.6940        2.6155         0.026       31.6188     0.1338498     0.0013458     0.0000000     0.0000000     0.0013458     0.0000000     0.0000000     0.0000000     0.0000000     0.0000000 
           8.            0.       21.0000       1.42774        2.8162        3.0085        2.6990        2.6230         0.026       31.6101     0.1328142     0.0013067     0.0000000     0.0000000     0.0013067     0.0000000     0.0000000     0.0000000     0.0000000     0.0000000 
           8.            0.       21.0000       1.42499        2.8191        3.0086        2.7036        2.6299         0.026       31.6018     0.1318645     0.0012705     0.0000000     0.0000000     0.0012705     0.0000000     0.0000000     0.0000000     0.0000000     0.0000000 
           9.            0.       21.0000       1.42233        2.8218        3.0087        2.7080        2.6362         0.025       31.5938     0.1309878     0.0012369     0.0000000     0.0000000     0.0012369     0.0000000     0.0000000     0.0000000     0.0000000     0.0000000 
          10.            0.       21.0000       1.41976        2.8244        3.0089        2.7121        2.6421         0.025       31.5860     0.1301740     0.0012055     0.0000000     0.0000000     0.0012055     0.0000000     0.0000000     0.0000000     0.0000000     0.0000000 
          10.            0.       21.0000       1.41727        2.8269        3.0090        2.7159        2.6475         0.025       31.5786     0.1294145     0.0011762     0.0000000     0.0000000     0.0011762     0.0000000     0.0000000     0.0000000     0.0000000     0.0000000 
          10.            0.       21.0000       1.41486        2.8293        3.0092        2.7196        2.6525         0.025       31.5714     0.1287026     0.0011486     0.0000000     0.0000000     0.0011486     0.0000000     0.0000000     0.0000000     0.0000000     0.0000000 
          11.            0.       21.0000       1.41251        2.8316        3.0093        2.7231        2.6572         0.024       31.5644     0.1280321     0.0011227     0.0000000     0.0000000     0.0011227     0.0000000     0.0000000     0.0000000     0.0000000     0.0000000 
          12.            0.       21.0000       1.41022        2.8338        3.0094        2.7264        2.6617         0.024       31.5577     0.1273982     0.0010982     0.0000000     0.0000000     0.0010982     0.0000000     0.0000000     0.0000000     0.0000000     0.0000000 
          12.            0.       21.0000       1.40799        2.8359        3.0096        2.7295        2.6659         0.024       31.5512     0.1267970     0.0010750     0.0000000     0.0000000     0.0010750     0.0000000     0.0000000     0.0000000     0.0000000     0.0000000 
          12.            0.       21.0000       1.40582        2.8380        3.0097        2.7326        2.6699         0.023       31.5449     0.1262249     0.0010530     0.0000000     0.0000000     0.0010530     0.0000000     0.0000000     0.0000000     0.0000000     0.0000000 
          13.            0.       21.0000       1.40370        2.8399        3.0098        2.7355        2.6736         0.023       31.5388     0.1256789     0.0010322     0.0000000     0.0000000     0.0010322     0.0000000     0.0000000     0.0000000     0.0000000     0.0000000 
          14.            0.       21.0000       1.40163        2.8419        3.0100        2.7383        2.6772         0.023       31.5329     0.1251565     0.0010123     0.0000000     0.0000000     0.0010123     0.0000000     0.0000000     0.0000000     0.0000000     0.0000000 
          14.            0.       21.0000       1.39960        2.8437        3.0101        2.7410        2.6807         0.022       31.5272     0.1246554     0.0009934     0.0000000     0.0000000     0.0009934     0.0000000     0.0000000     0.0000000     0.0000000     0.0000000 
          14.            0.       21.0000       1.39762        2.8455        3.0102        2.7436        2.6840         0.022       31.5217     0.1241738     0.0009753     0.0000000     0.0000000     0.0009753     0.0000000     0.0000000     0.0000000     0.0000000     0.0000000 
          15.            0.       21.0000       1.39567        2.8473        3.0103        2.7461        2.6871         0.022       31.5164     0.1237100     0.0009581     0.0000000     0.0000000     0.0009581     0.0000000     0.0000000     0.0000000     0.0000000     0.0000000 
          16.            0.       21.0000       1.39377        2.8490        3.0104        2.7485        2.6901         0.022       31.5112     0.1232626     0.0009415     0.0000000     0.0000000     0.0009415     0.0000000     0.0000000     0.0000000     0.0000000     0.0000000 
          16.            0.       21.0000       1.39190        2.8507        3.0106        2.7509        2.6931         0.021       31.5062     0.1228303     0.0009257     0.0000000     0.0000000     0.0009257     0.0000000     0.0000000     0.0000000     0.0000000     0.0000000 
          16.            0.       21.0000       1.39007        2.8523        3.0107        2.7532        2.6959         0.021       31.5014     0.1224120     0.0009105     0.0000000     0.0000000     0.0009105     0.0000000     0.0000000     0.0000000     0.0000000     0.0000000 
          17.            0.       21.0000       1.38827        2.8538        3.0108        2.7554        2.6986         0.021       31.4967     0.1220066     0.0008959     0.0000000     0.0000000     0.0008959     0.0000000     0.0000000     0.0000000     0.0000000     0.0000000 
          18.            0.       21.0000       1.38651        2.8554        3.0109        2.7576        2.7013         0.020       31.4921     0.1216133     0.0008818     0.0000000     0.0000000     0.0008818     0.0000000     0.0000000     0.0000000     0.0000000     0.0000000 
          18.            0.       21.0000       1.38477        2.8569        3.0110        2.7597        2.7038         0.020       31.4877     0.1212313     0.0008683     0.0000000     0.0000000     0.0008683     0.0000000     0.0000000     0.0000000     0.0000000     0.0000000 
          18.            0.       21.0000       1.38307        2.8584        3.0112        2.7617        2.7063         0.020       31.4834     0.1208600     0.0008552     0.0000000     0.0000000     0.0008552     0.0000000     0.0000000     0.0000000     0.0000000     0.0000000 
          19.            0.       21.0000       1.38139        2.8598        3.0113        2.7637        2.7087         0.019       31.4792     0.1204985     0.0008427     0.0000000     0.0000000     0.0008427     0.0000000     0.0000000     0.0000000     0.0000000     0.0000000 
          20.            0.       21.0000       1.37974        2.8612        3.0114        2.7657        2.7111         0.019       31.4752     0.1201463     0.0008305     0.0000000     0.0000000     0.0008305     0.0000000     0.0000000     0.0000000     0.0000000     0.0000000 
          20.            0.       21.0000       1.37811        2.8626        3.0115        2.7676        2.7133         0.019       31.4713     0.1198030     0.0008188     0.0000000     0.0000000     0.0008188     0.0000000     0.0000000     0.0000000     0.0000000     0.0000000 
          20.            0.       21.0000       1.37652        2.8639        3.0116        2.7694        2.7156         0.019       31.4676     0.1194682     0.0008075     0.0000000     0.0000000     0.0008075     0.0000000     0.0000000     0.0000000     0.0000000     0.0000000 
          21.            0.       21.0000       1.37494        2.8652        3.0117        2.7712        2.7177         0.018       31.4639     0.1191412     0.0007965     0.0000000     0.0000000     0.0007965     0.0000000     0.0000000     0.0000000     0.0000000     0.0000000 
          22.            0.       21.0000       1.37339        2.8665        3.0118        2.7730        2.7198         0.018       31.4603     0.1188216     0.0007859     0.0000000     0.0000000     0.0007859     0.0000000     0.0000000     0.0000000     0.0000000     0.0000000 
          22.            0.       21.0000       1.37186        2.8678        3.0119        2.7747        2.7219         0.018       31.4569     0.1185094     0.0007756     0.0000000     0.0000000     0.0007756     0.0000000     0.0000000     0.0000000     0.0000000     0.0000000 
          22.            0.       21.0000       1.37036        2.8690        3.0120        2.7764        2.7239         0.018       31.4535     0.1182038     0.0007656     0.0000000     0.0000000     0.0007656     0.0000000     0.0000000     0.0000000     0.0000000     0.0000000 
          23.            0.       21.0000       1.36887        2.8703        3.0122        2.7781        2.7259         0.017       31.4503     0.1179048     0.0007559     0.0000000     0.0000000     0.0007559     0.0000000     0.0000000     0.0000000     0.0000000     0.0000000 
          24.            0.       21.0000       1.36741        2.8715        3.0123        2.7797        2.7278         0.017       31.4472     0.1176120     0.0007465     0.0000000     0.0000000     0.0007465     0.0000000     0.0000000     0.0000000     0.0000000     0.0000000 
          24.            0.       21.0000       1.36596        2.8726        3.0124        2.7813        2.7297         0.017       31.4441     0.1173252     0.0007374     0.0000000     0.0000000     0.0007374     0.0000000     0.0000000     0.0000000     0.0000000     0.0000000 
          24.            0.       21.0000       1.36454        2.8738        3.0125        2.7829        2.7316         0.017       31.4412     0.1170440     0.0007285     0.0000000     0.0000000     0.0007285     0.0000000     0.0000000     0.0000000     0.0000000     0.0000000 
          25.            0.       21.0000       1.36313        2.8749        3.0126        2.7844        2.7334         0.017       31.4383     0.1167683     0.0007199     0.0000000     0.0000000     0.0007199     0.0000000     0.0000000     0.0000000     0.0000000     0.0000000 
          26.            0.       21.0000       1.36174        2.8760        3.0127        2.7859        2.7352         0.016       31.4355     0.1164978     0.0007115     0.0000000     0.0000000     0.0007115     0.0000000     0.0000000     0.0000000     0.0000000     0.0000000 
          26.            0.       21.0000       1.36037        2.8771        3.0128        2.7874        2.7369         0.016       31.4329     0.1162324     0.0007033     0.0000000     0.0000000     0.0007033     0.0000000     0.0000000     0.0000000     0.0000000     0.0000000 
          26.            0.       21.0000       1.35901        2.8782        3.0129        2.7889        2.7386         0.016       31.4302     0.1159717     0.0006954     0.0000000     0.0000000     0.0006954     0.0000000     0.0000000     0.0000000     0.0000000     0.0000000 
          27.            0.       21.0000       1.35768        2.8793        3.0130        2.7903        2.7403         0.016       31.4277     0.1157158     0.0006876     0.0000000     0.0000000     0.0006876     0.0000000     0.0000000     0.0000000     0.0000000     0.0000000 
          28.            0.       21.0000       1.35635        2.8803        3.0131        2.7917        2.7419         0.016       31.4253     0.1154643     0.0006801     0.0000000     0.0000000     0.0006801     0.0000000     0.0000000     0.0000000     0.0000000     0.0000000 
          28.            0.       21.0000       1.35505        2.8813        3.0132        2.7931        2.7436         0.016       31.4229     0.1152172     0.0006727     0.0000000     0.0000000     0.0006727     0.0000000     0.0000000     0.0000000     0.0000000     0.0000000 
          28.            0.       21.0000       1.35376        2.8824        3.0133        2.7945        2.7451         0.015       31.4207     0.1149743     0.0006655     0.0000000     0.0000000     0.0006655     0.0000000     0.0000000     0.0000000     0.0000000     0.0000000 
          29.            0.       21.0000       1.35248        2.8834        3.0134        2.7958        2.7467         0.015       31.4184     0.1147353     0.0006585     0.0000000     0.0000000     0.0006585     0.0000000     0.0000000     0.0000000     0.0000000     0.0000000 
          30.            0.       21.0000       1.35122        2.8843        3.0135        2.7971        2.7482         0.015       31.4163     0.1145003     0.0006517     0.0000000     0.0000000     0.0006517     0.0000000     0.0000000     0.0000000     0.0000000     0.0000000 
          30.            0.       21.0000       1.34997        2.8853        3.0136        2.7984        2.7498         0.015       31.4143     0.1142691     0.0006450     0.0000000     0.0000000     0.0006450     0.0000000     0.0000000     0.0000000     0.0000000     0.0000000 
          30.            0.       21.0000       1.34874        2.8863        3.0137        2.7997        2.7512         0.015       31.4123     0.1140415     0.0006385     0.0000000     0.0000000     0.0006385     0.0000000     0.0000000     0.0000000     0.0000000     0.0000000 
          31.            0.       21.0000       1.34752        2.8872        3.0138        2.8009        2.7527         0.015       31.4103     0.1138175     0.0006321     0.0000000     0.0000000     0.0006321     0.0000000     0.0000000     0.0000000     0.0000000     0.0000000 
          32.            0.       21.0000       1.34631        2.8881        3.0139        2.8022        2.7541         0.015       31.4085     0.1135969     0.0006259     0.0000000     0.0000000     0.0006259     0.0000000     0.0000000     0.0000000     0.0000000     0.0000000 
          32.            0.       21.0000       1.34511        2.8891        3.0139        2.8034        2.7555         0.015       31.4067     0.1133796     0.0006198     0.0000000     0.0000000     0.0006198     0.0000000     0.0000000     0.0000000     0.0000000     0.0000000 
          32.            0.       21.0000       1.34393        2.8900        3.0140        2.8046        2.7569         0.015       31.4049     0.1131655     0.0006139     0.0000000     0.0000000     0.0006139     0.0000000     0.0000000     0.0000000     0.0000000     0.0000000 
          33.            0.       21.0000       1.34276        2.8908        3.0141        2.8057        2.7583         0.015       31.4033     0.1129547     0.0006080     0.0000000     0.0000000     0.0006080     0.0000000     0.0000000     0.0000000     0.0000000     0.0000000 
          34.            0.       21.0000       1.34160        2.8917        3.0142        2.8069        2.7597         0.015       31.4017     0.1127468     0.0006023     0.0000000     0.0000000     0.0006023     0.0000000     0.0000000     0.0000000     0.0000000     0.0000000 
          34.            0.       21.0000       1.34046        2.8926        3.0143        2.8081        2.7610         0.014       31.4001     0.1125419     0.0005968     0.0000000     0.0000000     0.0005968     0.0000000     0.0000000     0.0000000     0.0000000     0.0000000 
          34.            0.       21.0000       1.33932        2.8935        3.0144        2.8092        2.7623         0.014       31.3986     0.1123398     0.0005913     0.0000000     0.0000000     0.0005913     0.0000000     0.0000000     0.0000000     0.0000000     0.0000000 
          35.            0.       21.0000       1.33820        2.8943        3.0145        2.8103        2.7636         0.014       31.3972     0.1121406     0.0005859     0.0000000     0.0000000     0.0005859     0.0000000     0.0000000     0.0000000     0.0000000     0.0000000 
          36.            0.       21.0000       1.33709        2.8951        3.0146        2.8114        2.7649         0.014       31.3959     0.1119439     0.0005807     0.0000000     0.0000000     0.0005807     0.0000000     0.0000000     0.0000000     0.0000000     0.0000000 
          36.            0.       21.0000       1.33598        2.8960        3.0147        2.8125        2.7661         0.014       31.3945     0.1117501     0.0005756     0.0000000     0.0000000     0.0005756     0.0000000     0.0000000     0.0000000     0.0000000     0.0000000 
          36.            0.       20.0000       1.33488        2.8968        3.0148        2.8135        2.7674         0.014       31.3931     0.1115592     0.0005705     0.0000000     0.0000000     0.0005705     0.0000000     0.0000000     0.0000000     0.0000000     0.0000000 
          37.            0.       19.0000       1.33379        2.8975        3.0149        2.8146        2.7686         0.014       31.3916     0.1113711     0.0005656     0.0000000     0.0000000     0.0005656     0.0000000     0.0000000     0.0000000     0.0000000     0.0000000 
          38.            0.       18.0000       1.33269        2.8983        3.0149        2.8156        2.7697         0.014       31.3897     0.1111855     0.0005608     0.0000000     0.0000000     0.0005608     0.0000000     0.0000000     0.0000000     0.0000000     0.0000000 
          38.            0.       17.0000       1.33159        2.8990        3.0150        2.8166        2.7709         0.014       31.3875     0.1110047     0.0005561     0.0000000     0.0000000     0.0005561     0.0000000     0.0000000     0.0000000     0.0000000     0.0000000 
          38.            0.       16.0000       1.33048        2.8997        3.0151        2.8175        2.7720         0.014       31.3853     0.1108250     0.0005515     0.0000000     0.0000000     0.0005515     0.0000000     0.0000000     0.0000000     0.0000000     0.0000000 
          39.            0.       15.0000       1.32933        2.9003        3.0152        2.8184        2.7731         0.015       31.3815     0.1106479     0.0005470     0.0000000     0.0000000     0.0005470     0.0000000     0.0000000     0.0000000     0.0000000     0.0000000 
          40.            0.       14.0000       1.32814        2.9008        3.0153        2.8192        2.7740         0.015       31.3763     0.1104814     0.0005427     0.0000000     0.0000000     0.0005427     0.0000000     0.0000000     0.0000000     0.0000000     0.0000000 
          40.            0.       13.0000       1.32682        2.9012        3.0153        2.8199        2.7749         0.015       31.3693     0.1103120     0.0005383     0.0000000     0.0000000     0.0005383     0.0000000     0.0000000     0.0000000     0.0000000     0.0000000 
          40.            0.       12.0000       1.32535        2.9014        3.0153        2.8204        2.7756         0.015       31.3591     0.1101529     0.0005342     0.0000000     0.0000001     0.0005341     0.0000000     0.0000000     0.0000000     0.0000000     0.0000000 
          41.            0.       11.0000       1.32355        2.9013        3.0152        2.8207        2.7761         0.015       31.3447     0.1099910     0.0005298     0.0000000     0.0000001     0.0005297     0.0000000     0.0000000     0.0000000     0.0000000     0.0000000 
          42.            0.       10.0000       1.32121        2.9007        3.0149        2.8205        2.7762         0.015       31.3224     0.1098328     0.0005254     0.0000000     0.0000003     0.0005251     0.0000000     0.0000000     0.0000000     0.0000000     0.0000000 
          42.            0.        9.0000       1.31792        2.8996        3.0144        2.8198        2.7757         0.016       31.2873     0.1096662     0.0005203     0.0000000     0.0000005     0.0005198     0.0000000     0.0000000     0.0000000     0.0000000     0.0000000 
          42.            0.        8.0000       1.31298        2.8977        3.0134        2.8183        2.7744         0.017       31.2297     0.1094848     0.0005142     0.0000000     0.0000009     0.0005133     0.0000000     0.0000000     0.0000000     0.0000000     0.0000000 
          43.            0.        7.0000       1.30525        2.8947        3.0118        2.8156        2.7720         0.018       31.1318     0.1092635     0.0005060     0.0000000     0.0000018     0.0005042     0.0000000     0.0000000     0.0000000     0.0000000     0.0000000 
          44.            0.        6.0000       1.29297        2.8908        3.0095        2.8117        2.7680         0.021       30.9591     0.1089894     0.0004947     0.0000000     0.0000036     0.0004912     0.0000000     0.0000000     0.0000000     0.0000000     0.0000000 
          44.            0.        5.0000       1.27395        2.8866        3.0073        2.8067        2.7628         0.028       30.6443     0.1086980     0.0004806     0.0000001     0.0000072     0.0004733     0.0000000     0.0000000     0.0000000     0.0000000     0.0000000 
          44.            0.        4.0000       1.24661        2.8841        3.0071        2.8026        2.7579         0.044       30.0351     0.1086838     0.0004823     0.0000128     0.0000150     0.0004545     0.0000000     0.0000000     0.0000000     0.0000000     0.0000000 
          45.            0.        3.0000       1.21643        2.8880        3.0108        2.8044        2.7586         0.071       29.5376     0.1103838     0.0011484     0.0006549     0.0000321     0.0004614     0.0000000     0.0000000     0.0000000     0.0000000     0.0000000 
          46.            0.        3.0000       1.21318        2.8882        3.0107        2.8048        2.7591         0.089       29.3178     0.1100493     0.0011177     0.0006324     0.0000320     0.0004533     0.0000000     0.0000000     0.0000000     0.0000000     0.0000000 
          46.            0.        3.0000       1.21095        2.8889        3.0108        2.8057        2.7602         0.091       29.2373     0.1097775     0.0010960     0.0006171     0.0000319     0.0004471     0.0000000     0.0000000     0.0000000     0.0000000     0.0000000 
          46.            0.        3.0000       1.20905        2.8897        3.0109        2.8067        2.7613         0.092       29.2136     0.1095301     0.0010775     0.0006041     0.0000318     0.0004416     0.0000000     0.0000000     0.0000000     0.0000000     0.0000000 
          47.            0.        3.0000       1.20728        2.8905        3.0110        2.8077        2.7624         0.093       29.2094     0.1092938     0.0010604     0.0005923     0.0000317     0.0004364     0.0000000     0.0000000     0.0000000     0.0000000     0.0000000 
          48.            0.        3.0000       1.20557        2.8913        3.0111        2.8087        2.7635         0.094       29.2119     0.1090638     0.0010440     0.0005810     0.0000317     0.0004314     0.0000000     0.0000000     0.0000000     0.0000000     0.0000000 
          48.            0.        3.0000       1.20389        2.8920        3.0112        2.8096        2.7646         0.095       29.2169     0.1088385     0.0010282     0.0005701     0.0000316     0.0004265     0.0000000     0.0000000     0.0000000     0.0000000     0.0000000 
          48.            0.        3.0000       1.20225        2.8928        3.0113        2.8106        2.7656         0.096       29.2231     0.1086172     0.0010129     0.0005595     0.0000315     0.0004218     0.0000000     0.0000000     0.0000000     0.0000000     0.0000000 
          49.            0.        3.0000       1.20063        2.8935        3.0114        2.8115        2.7667         0.097       29.2297     0.1083996     0.0009980     0.0005493     0.0000315     0.0004172     0.0000000     0.0000000     0.0000000     0.0000000     0.0000000 
          50.            0.        3.0000       1.19904        2.8943        3.0115        2.8124        2.7677         0.098       29.2368     0.1081858     0.0009836     0.0005394     0.0000314     0.0004127     0.0000000     0.0000000     0.0000000     0.0000000     0.0000000 
          50.            0.        3.0000       1.19747        2.8950        3.0116        2.8134        2.7688         0.099       29.2442     0.1079753     0.0009695     0.0005298     0.0000314     0.0004084     0.0000000     0.0000000     0.0000000     0.0000000     0.0000000 
          50.            0.        3.0000       1.19593        2.8957        3.0117        2.8143        2.7698         0.100       29.2518     0.1077681     0.0009558     0.0005204     0.0000313     0.0004041     0.0000000     0.0000000     0.0000000     0.0000000     0.0000000 
          51.            0.        3.0000       1.19440        2.8964        3.0117        2.8151        2.7708         0.101       29.2597     0.1075643     0.0009425     0.0005113     0.0000312     0.0003999     0.0000000     0.0000000     0.0000000     0.0000000     0.0000000 
          52.            0.        3.0000       1.19290        2.8971        3.0118        2.8160        2.7718         0.102       29.2678     0.1073635     0.0009296     0.0005025     0.0000312     0.0003959     0.0000000     0.0000000     0.0000000     0.0000000     0.0000000 
          52.            0.        3.0000       1.19142        2.8978        3.0119        2.8169        2.7727         0.103       29.2761     0.1071659     0.0009170     0.0004939     0.0000311     0.0003919     0.0000000     0.0000000     0.0000000     0.0000000     0.0000000 
          52.            0.        3.0000       1.18996        2.8985        3.0120        2.8177        2.7737         0.104       29.2844     0.1069712     0.0009047     0.0004856     0.0000311     0.0003880     0.0000000     0.0000000     0.0000000     0.0000000     0.0000000 
          53.            0.        3.0000       1.18853        2.8992        3.0121        2.8186        2.7747         0.105       29.2928     0.1067795     0.0008927     0.0004774     0.0000310     0.0003843     0.0000000     0.0000000     0.0000000     0.0000000     0.0000000 
          54.            0.        3.0000       1.18711        2.8998        3.0122        2.8194        2.7756         0.105       29.3006     0.1065906     0.0008811     0.0004695     0.0000310     0.0003806     0.0000000     0.0000000     0.0000000     0.0000000     0.0000000 
          54.            0.        3.0000       1.18571        2.9005        3.0123        2.8202        2.7765         0.105       29.3070     0.1064045     0.0008697     0.0004619     0.0000309     0.0003769     0.0000000     0.0000000     0.0000000     0.0000000     0.0000000 
          54.            0.        3.0000       1.18435        2.9012        3.0124        2.8211        2.7774         0.104       29.3081     0.1062211     0.0008587     0.0004544     0.0000309     0.0003734     0.0000000     0.0000000     0.0000000     0.0000000     0.0000000 
          55.            0.        3.0000       1.18707        2.9028        3.0127        2.8230        2.7796         0.087       29.9957     0.1063270     0.0008760     0.0004684     0.0000311     0.0003765     0.0000000     0.0000000     0.0000000     0.0000000     0.0000000 
          56.            0.        4.0000       1.21925        2.9014        3.0100        2.8241        2.7820         0.056       31.3096     0.1045956     0.0003933     0.0000077     0.0000146     0.0003710     0.0000000     0.0000000     0.0000000     0.0000000     0.0000000 
          56.            0.        5.0000       1.24532        2.9058        3.0110        2.8303        2.7891         0.037       31.9589     0.1043437     0.0003889     0.0000000     0.0000071     0.0003818     0.0000000     0.0000000     0.0000000     0.0000000     0.0000000 
          56.            0.        6.0000       1.26203        2.9111        3.0132        2.8365        2.7957         0.030       32.1813     0.1043336     0.0003939     0.0000000     0.0000035     0.0003904     0.0000000     0.0000000     0.0000000     0.0000000     0.0000000 
          57.            0.        7.0000       1.27166        2.9157        3.0152        2.8414        2.8008         0.027       32.2285     0.1043002     0.0003965     0.0000000     0.0000018     0.0003947     0.0000000     0.0000000     0.0000000     0.0000000     0.0000000 
          58.            0.        8.0000       1.27684        2.9193        3.0167        2.8450        2.8045         0.025       32.2169     0.1042194     0.0003967     0.0000000     0.0000009     0.0003958     0.0000000     0.0000000     0.0000000     0.0000000     0.0000000 
          58.            0.        9.0000       1.27940        2.9219        3.0176        2.8477        2.8071         0.025       32.1895     0.1041044     0.0003954     0.0000000     0.0000005     0.0003949     0.0000000     0.0000000     0.0000000     0.0000000     0.0000000 
          58.            0.       10.0000       1.28047        2.9238        3.0182        2.8496        2.8090         0.025       32.1607     0.1039773     0.0003934     0.0000000     0.0000003     0.0003932     0.0000000     0.0000000     0.0000000     0.0000000     0.0000000 
          59.            0.       11.0000       1.28071        2.9253        3.0185        2.8510        2.8105         0.025       32.1348     0.1038434     0.0003911     0.0000000     0.0000001     0.0003910     0.0000000     0.0000000     0.0000000     0.0000000     0.0000000 
          60.            0.       12.0000       1.28049        2.9264        3.0187        2.8522        2.8117         0.025       32.1129     0.1037137     0.0003887     0.0000000     0.0000001     0.0003886     0.0000000     0.0000000     0.0000000     0.0000000     0.0000000 
          60.            0.       13.0000       1.28000        2.9273        3.0189        2.8531        2.8127         0.025       32.0936     0.1035808     0.0003862     0.0000000     0.0000000     0.0003861     0.0000000     0.0000000     0.0000000     0.0000000     0.0000000 
          60.            0.       14.0000       1.27939        2.9280        3.0190        2.8539        2.8136         0.026       32.0771     0.1034576     0.0003838     0.0000000     0.0000000     0.0003838     0.0000000     0.0000000     0.0000000     0.0000000     0.0000000 
          61.            0.       15.0000       1.27867        2.9287        3.0190        2.8547        2.8144         0.026       32.0618     0.1033307     0.0003814     0.0000000     0.0000000     0.0003813     0.0000000     0.0000000     0.0000000     0.0000000     0.0000000 
          62.            0.       16.0000       1.27793        2.9293        3.0191        2.8553        2.8151         0.026       32.0474     0.1032133     0.0003791     0.0000000     0.0000000     0.0003791     0.0000000     0.0000000     0.0000000     0.0000000     0.0000000 
          62.            0.       17.0000       1.27718        2.9298        3.0192        2.8560        2.8158         0.027       32.0358     0.1030981     0.0003769     0.0000000     0.0000000     0.0003768     0.0000000     0.0000000     0.0000000     0.0000000     0.0000000 
          62.            0.       18.0000       1.27640        2.9303        3.0192        2.8566        2.8165         0.027       32.0241     0.1029825     0.0003746     0.0000000     0.0000000     0.0003746     0.0000000     0.0000000     0.0000000     0.0000000     0.0000000 
          63.            0.       19.0000       1.27563        2.9308        3.0193        2.8572        2.8172         0.028       32.0128     0.1028702     0.0003725     0.0000000     0.0000000     0.0003725     0.0000000     0.0000000     0.0000000     0.0000000     0.0000000 
          64.            0.       20.0000       1.27486        2.9313        3.0194        2.8578        2.8179         0.028       32.0027     0.1027591     0.0003704     0.0000000     0.0000000     0.0003703     0.0000000     0.0000000     0.0000000     0.0000000     0.0000000 
          64.            0.       21.0000       1.27410        2.9317        3.0194        2.8584        2.8185         0.029       31.9929     0.1026491     0.0003683     0.0000000     0.0000000     0.0003683     0.0000000     0.0000000     0.0000000     0.0000000     0.0000000 
          64.            0.       21.0000       1.27333        2.9322        3.0195        2.8589        2.8192         0.030       31.9834     0.1025404     0.0003662     0.0000000     0.0000000     0.0003662     0.0000000     0.0000000     0.0000000     0.0000000     0.0000000 
          65.            0.       21.0000       1.27257        2.9326        3.0195        2.8595        2.8198         0.030       31.9743     0.1024325     0.0003642     0.0000000     0.0000000     0.0003642     0.0000000     0.0000000     0.0000000     0.0000000     0.0000000 
          66.            0.       21.0000       1.27181        2.9331        3.0196        2.8601        2.8204         0.031       31.9653     0.1023254     0.0003622     0.0000000     0.0000000     0.0003622     0.0000000     0.0000000     0.0000000     0.0000000     0.0000000 
          66.            0.       21.0000       1.27106        2.9335        3.0197        2.8606        2.8211         0.031       31.9563     0.1022191     0.0003602     0.0000000     0.0000000     0.0003602     0.0000000     0.0000000     0.0000000     0.0000000     0.0000000 
          66.            0.       21.0000       1.27032        2.9340        3.0197        2.8612        2.8217         0.032       31.9474     0.1021137     0.0003582     0.0000000     0.0000000     0.0003582     0.0000000     0.0000000     0.0000000     0.0000000     0.0000000 
          67.            0.       21.0000       1.26957        2.9344        3.0198        2.8617        2.8223         0.032       31.9386     0.1020091     0.0003563     0.0000000     0.0000000     0.0003563     0.0000000     0.0000000     0.0000000     0.0000000     0.0000000 
          68.            0.       21.0000       1.26883        2.9348        3.0199        2.8623        2.8229         0.033       31.9298     0.1019052     0.0003544     0.0000000     0.0000000     0.0003544     0.0000000     0.0000000     0.0000000     0.0000000     0.0000000 
          68.            0.       21.0000       1.26810        2.9353        3.0199        2.8628        2.8235         0.034       31.9211     0.1018022     0.0003525     0.0000000     0.0000000     0.0003525     0.0000000     0.0000000     0.0000000     0.0000000     0.0000000 
          68.            0.       21.0000       1.26737        2.9357        3.0200        2.8633        2.8241         0.034       31.9125     0.1016998     0.0003506     0.0000000     0.0000000     0.0003506     0.0000000     0.0000000     0.0000000     0.0000000     0.0000000 
          69.            0.       21.0000       1.26664        2.9361        3.0201        2.8639        2.8248         0.035       31.9039     0.1015983     0.0003488     0.0000000     0.0000000     0.0003488     0.0000000     0.0000000     0.0000000     0.0000000     0.0000000 
          70.            0.       21.0000       1.26592        2.9365        3.0201        2.8644        2.8253         0.036       31.8954     0.1014975     0.0003469     0.0000000     0.0000000     0.0003469     0.0000000     0.0000000     0.0000000     0.0000000     0.0000000 
          70.            0.       21.0000       1.26521        2.9370        3.0202        2.8649        2.8259         0.036       31.8870     0.1013975     0.0003451     0.0000000     0.0000000     0.0003451     0.0000000     0.0000000     0.0000000     0.0000000     0.0000000 
          70.            0.       21.0000       1.26449        2.9374        3.0202        2.8654        2.8265         0.037       31.8786     0.1012981     0.0003433     0.0000000     0.0000000     0.0003433     0.0000000     0.0000000     0.0000000     0.0000000     0.0000000 
          71.            0.       21.0000       1.26378        2.9378        3.0203        2.8660        2.8271         0.038       31.8704     0.1011994     0.0003416     0.0000000     0.0000000     0.0003416     0.0000000     0.0000000     0.0000000     0.0000000     0.0000000 
          72.            0.       21.0000       1.26308        2.9382        3.0204        2.8665        2.8277         0.038       31.8621     0.1011015     0.0003398     0.0000000     0.0000000     0.0003398     0.0000000     0.0000000     0.0000000     0.0000000     0.0000000 
          72.            0.       21.0000       1.26237        2.9386        3.0204        2.8670        2.8283         0.039       31.8540     0.1010043     0.0003381     0.0000000     0.0000000     0.0003381     0.0000000     0.0000000     0.0000000     0.0000000     0.0000000 
          72.            0.       21.0000       1.26168        2.9390        3.0205        2.8675        2.8288         0.040       31.8459     0.1009077     0.0003364     0.0000000     0.0000000     0.0003364     0.0000000     0.0000000     0.0000000     0.0000000     0.0000000 
          73.            0.       21.0000       1.26098        2.9394        3.0206        2.8680        2.8294         0.040       31.8379     0.1008118     0.0003347     0.0000000     0.0000000     0.0003347     0.0000000     0.0000000     0.0000000     0.0000000     0.0000000 
          74.            0.       21.0000       1.26029        2.9398        3.0206        2.8685        2.8300         0.041       31.8299     0.1007166     0.0003330     0.0000000     0.0000000     0.0003330     0.0000000     0.0000000     0.0000000     0.0000000     0.0000000 
          74.            0.       21.0000       1.25960        2.9402        3.0207        2.8690        2.8305         0.042       31.8220     0.1006220     0.0003314     0.0000000     0.0000000     0.0003314     0.0000000     0.0000000     0.0000000     0.0000000     0.0000000 
          74.            0.       21.0000       1.25892        2.9406        3.0207        2.8695        2.8311         0.043       31.8142     0.1005282     0.0003297     0.0000000     0.0000000     0.0003297     0.0000000     0.0000000     0.0000000     0.0000000     0.0000000 
          75.            0.       21.0000       1.25824        2.9410        3.0208        2.8700        2.8316         0.043       31.8064     0.1004349     0.0003281     0.0000000     0.0000000     0.0003281     0.0000000     0.0000000     0.0000000     0.0000000     0.0000000 
          76.            0.       21.0000       1.25757        2.9414        3.0209        2.8704        2.8322         0.044       31.7988     0.1003423     0.0003265     0.0000000     0.0000000     0.0003265     0.0000000     0.0000000     0.0000000     0.0000000     0.0000000 
          76.            0.       21.0000       1.25689        2.9418        3.0209        2.8709        2.8327         0.045       31.7911     0.1002503     0.0003249     0.0000000     0.0000000     0.0003249     0.0000000     0.0000000     0.0000000     0.0000000     0.0000000 
          76.            0.       21.0000       1.25623        2.9421        3.0210        2.8714        2.8333         0.046       31.7836     0.1001589     0.0003234     0.0000000     0.0000000     0.0003234     0.0000000     0.0000000     0.0000000     0.0000000     0.0000000 
          77.            0.       21.0000       1.25556        2.9425        3.0210        2.8719        2.8338         0.047       31.7760     0.1000681     0.0003218     0.0000000     0.0000000     0.0003218     0.0000000     0.0000000     0.0000000     0.0000000     0.0000000 
          78.            0.       21.0000       1.25490        2.9429        3.0211        2.8723        2.8343         0.048       31.7686     0.0999779     0.0003203     0.0000000     0.0000000     0.0003203     0.0000000     0.0000000     0.0000000     0.0000000     0.0000000 
          78.            0.       21.0000       1.25424        2.9433        3.0211        2.8728        2.8348         0.048       31.7612     0.0998884     0.0003188     0.0000000     0.0000000     0.0003188     0.0000000     0.0000000     0.0000000     0.0000000     0.0000000 
          78.            0.       21.0000       1.25359        2.9437        3.0212        2.8733        2.8354         0.049       31.7539     0.0997994     0.0003173     0.0000000     0.0000000     0.0003173     0.0000000     0.0000000     0.0000000     0.0000000     0.0000000 
          79.            0.       21.0000       1.25293        2.9440        3.0213        2.8737        2.8359         0.050       31.7466     0.0997109     0.0003158     0.0000000     0.0000000     0.0003158     0.0000000     0.0000000     0.0000000     0.0000000     0.0000000 
          80.            0.       21.0000       1.25229        2.9444        3.0213        2.8742        2.8364         0.051       31.7394     0.0996231     0.0003143     0.0000000     0.0000000     0.0003143     0.0000000     0.0000000     0.0000000     0.0000000     0.0000000 
          80.            0.       21.0000       1.25164        2.9448        3.0214        2.8747        2.8369         0.052       31.7323     0.0995359     0.0003128     0.0000000     0.0000000     0.0003128     0.0000000     0.0000000     0.0000000     0.0000000     0.0000000 
          80.            0.       21.0000       1.25100        2.9451        3.0214        2.8751        2.8374         0.053       31.7252     0.0994492     0.0003114     0.0000000     0.0000000     0.0003114     0.0000000     0.0000000     0.0000000     0.0000000     0.0000000 
          81.            0.       21.0000       1.25036        2.9455        3.0215        2.8756        2.8379         0.054       31.7182     0.0993630     0.0003100     0.0000000     0.0000000     0.0003100     0.0000000     0.0000000     0.0000000     0.0000000     0.0000000 
          82.            0.       21.0000       1.24973        2.9459        3.0215        2.8760        2.8384         0.055       31.7113     0.0992774     0.0003085     0.0000000     0.0000000     0.0003085     0.0000000     0.0000000     0.0000000     0.0000000     0.0000000 
          82.            0.       21.0000       1.24910        2.9462        3.0216        2.8764        2.8389         0.056       31.7044     0.0991924     0.0003071     0.0000000     0.0000000     0.0003071     0.0000000     0.0000000     0.0000000     0.0000000     0.0000000 
          82.            0.       21.0000       1.24847        2.9466        3.0217        2.8769        2.8394         0.057       31.6976     0.0991078     0.0003058     0.0000000     0.0000000     0.0003057     0.0000000     0.0000000     0.0000000     0.0000000     0.0000000 
          83.            0.       21.0000       1.24784        2.9469        3.0217        2.8773        2.8399         0.058       31.6908     0.0990238     0.0003044     0.0000000     0.0000000     0.0003044     0.0000000     0.0000000     0.0000000     0.0000000     0.0000000 
          84.            0.       21.0000       1.24722        2.9473        3.0218        2.8778        2.8404         0.059       31.6841     0.0989403     0.0003030     0.0000000     0.0000000     0.0003030     0.0000000     0.0000000     0.0000000     0.0000000     0.0000000 
          84.            0.       21.0000       1.24660        2.9476        3.0218        2.8782        2.8409         0.060       31.6774     0.0988574     0.0003017     0.0000000     0.0000000     0.0003017     0.0000000     0.0000000     0.0000000     0.0000000     0.0000000 
          84.            0.       21.0000       1.24598        2.9480        3.0219        2.8786        2.8414         0.061       31.6708     0.0987749     0.0003003     0.0000000     0.0000000     0.0003003     0.0000000     0.0000000     0.0000000     0.0000000     0.0000000 
          85.            0.       21.0000       1.24537        2.9483        3.0219        2.8791        2.8419         0.062       31.6643     0.0986929     0.0002990     0.0000000     0.0000000     0.0002990     0.0000000     0.0000000     0.0000000     0.0000000     0.0000000 
          86.            0.       21.0000       1.24476        2.9487        3.0220        2.8795        2.8423         0.063       31.6578     0.0986115     0.0002977     0.0000000     0.0000000     0.0002977     0.0000000     0.0000000     0.0000000     0.0000000     0.0000000 
          86.            0.       21.0000       1.24415        2.9490        3.0220        2.8799        2.8428         0.064       31.6513     0.0985306     0.0002964     0.0000000     0.0000000     0.0002964     0.0000000     0.0000000     0.0000000     0.0000000     0.0000000 
          86.            0.       21.0000       1.24355        2.9493        3.0221        2.8803        2.8433         0.065       31.6450     0.0984501     0.0002951     0.0000000     0.0000000     0.0002951     0.0000000     0.0000000     0.0000000     0.0000000     0.0000000 
          87.            0.       21.0000       1.24294        2.9497        3.0221        2.8807        2.8437         0.066       31.6386     0.0983701     0.0002938     0.0000000     0.0000000     0.0002938     0.0000000     0.0000000     0.0000000     0.0000000     0.0000000 
          88.            0.       21.0000       1.24235        2.9500        3.0222        2.8811        2.8442         0.067       31.6324     0.0982905     0.0002926     0.0000000     0.0000000     0.0002926     0.0000000     0.0000000     0.0000000     0.0000000     0.0000000 
          88.            0.       21.0000       1.24175        2.9504        3.0223        2.8816        2.8447         0.069       31.6261     0.0982115     0.0002913     0.0000000     0.0000000     0.0002913     0.0000000     0.0000000     0.0000000     0.0000000     0.0000000 
          88.            0.       21.0000       1.24116        2.9507        3.0223        2.8820        2.8451         0.070       31.6200     0.0981329     0.0002901     0.0000000     0.0000000     0.0002901     0.0000000     0.0000000     0.0000000     0.0000000     0.0000000 
          89.            0.       21.0000       1.24057        2.9510        3.0224        2.8824        2.8456         0.071       31.6139     0.0980548     0.0002889     0.0000000     0.0000000     0.0002889     0.0000000     0.0000000     0.0000000     0.0000000     0.0000000 
          90.            0.       21.0000       1.23998        2.9513        3.0224        2.8828        2.8460         0.072       31.6078     0.0979771     0.0002876     0.0000000     0.0000000     0.0002876     0.0000000     0.0000000     0.0000000     0.0000000     0.0000000 
          90.            0.       21.0000       1.23939        2.9517        3.0225        2.8832        2.8465         0.073       31.6018     0.0978999     0.0002864     0.0000000     0.0000000     0.0002864     0.0000000     0.0000000     0.0000000     0.0000000     0.0000000 
          90.            0.       21.0000       1.23881        2.9520        3.0225        2.8836        2.8469         0.075       31.5959     0.0978231     0.0002852     0.0000000     0.0000000     0.0002852     0.0000000     0.0000000     0.0000000     0.0000000     0.0000000 
          91.            0.       21.0000       1.23823        2.9523        3.0226        2.8840        2.8474         0.076       31.5900     0.0977468     0.0002840     0.0000000     0.0000000     0.0002840     0.0000000     0.0000000     0.0000000     0.0000000     0.0000000 
          92.            0.       21.0000       1.23765        2.9526        3.0226        2.8844        2.8478         0.077       31.5841     0.0976709     0.0002829     0.0000000     0.0000000     0.0002829     0.0000000     0.0000000     0.0000000     0.0000000     0.0000000 
          92.            0.       21.0000       1.23708        2.9530        3.0227        2.8848        2.8483         0.078       31.5783     0.0975954     0.0002817     0.0000000     0.0000000     0.0002817     0.0000000     0.0000000     0.0000000     0.0000000     0.0000000 
          92.            0.       21.0000       1.23651        2.9533        3.0227        2.8852        2.8487         0.079       31.5726     0.0975204     0.0002806     0.0000000     0.0000000     0.0002806     0.0000000     0.0000000     0.0000000     0.0000000     0.0000000 
          93.            0.       21.0000       1.23594        2.9536        3.0228        2.8855        2.8491         0.081       31.5668     0.0974458     0.0002794     0.0000000     0.0000000     0.0002794     0.0000000     0.0000000     0.0000000     0.0000000     0.0000000 
          94.            0.       21.0000       1.23537        2.9539        3.0228        2.8859        2.8496         0.082       31.5612     0.0973715     0.0002783     0.0000000     0.0000000     0.0002783     0.0000000     0.0000000     0.0000000     0.0000000     0.0000000 
          94.            0.       21.0000       1.23481        2.9542        3.0229        2.8863        2.8500         0.083       31.5556     0.0972977     0.0002772     0.0000000     0.0000000     0.0002772     0.0000000     0.0000000     0.0000000     0.0000000     0.0000000 
          94.            0.       21.0000       1.23425        2.9545        3.0229        2.8867        2.8504         0.085       31.5500     0.0972244     0.0002760     0.0000000     0.0000000     0.0002760     0.0000000     0.0000000     0.0000000     0.0000000     0.0000000 
          95.            0.       21.0000       1.23369        2.9548        3.0230        2.8871        2.8508         0.086       31.5445     0.0971514     0.0002749     0.0000000     0.0000000     0.0002749     0.0000000     0.0000000     0.0000000     0.0000000     0.0000000 
          96.            0.       21.0000       1.23313        2.9552        3.0230        2.8875        2.8513         0.087       31.5390     0.0970788     0.0002738     0.0000000     0.0000000     0.0002738     0.0000000     0.0000000     0.0000000     0.0000000     0.0000000 
          96.            0.       21.0000       1.23258        2.9555        3.0231        2.8878        2.8517         0.089       31.5335     0.0970066     0.0002728     0.0000000     0.0000000     0.0002728     0.0000000     0.0000000     0.0000000     0.0000000     0.0000000 
          96.            0.       21.0000       1.23202        2.9558        3.0231        2.8882        2.8521         0.090       31.5282     0.0969348     0.0002717     0.0000000     0.0000000     0.0002717     0.0000000     0.0000000     0.0000000     0.0000000     0.0000000 
          97.            0.       21.0000       1.23147        2.9561        3.0232        2.8886        2.8525         0.091       31.5228     0.0968633     0.0002706     0.0000000     0.0000000     0.0002706     0.0000000     0.0000000     0.0000000     0.0000000     0.0000000 
          98.            0.       21.0000       1.23093        2.9564        3.0232        2.8889        2.8529         0.093       31.5175     0.0967923     0.0002696     0.0000000     0.0000000     0.0002696     0.0000000     0.0000000     0.0000000     0.0000000     0.0000000 
          98.            0.       21.0000       1.23038        2.9567        3.0233        2.8893        2.8533         0.094       31.5122     0.0967217     0.0002685     0.0000000     0.0000000     0.0002685     0.0000000     0.0000000     0.0000000     0.0000000     0.0000000 
          98.            0.       21.0000       1.22984        2.9570        3.0233        2.8897        2.8538         0.095       31.5070     0.0966514     0.0002675     0.0000000     0.0000000     0.0002675     0.0000000     0.0000000     0.0000000     0.0000000     0.0000000 
          99.            0.       21.0000       1.22930        2.9573        3.0234        2.8900        2.8542         0.097       31.5018     0.0965815     0.0002664     0.0000000     0.0000000     0.0002664     0.0000000     0.0000000     0.0000000     0.0000000     0.0000000 
         100.            0.       21.0000       1.22876        2.9576        3.0234        2.8904        2.8546         0.098       31.4966     0.0965119     0.0002654     0.0000000     0.0000000     0.0002654     0.0000000     0.0000000     0.0000000     0.0000000     0.0000000 
         100.            0.       21.0000       1.22823        2.9579        3.0235        2.8908        2.8550         0.100       31.4916     0.0964429     0.0002644     0.0000000     0.0000000     0.0002644     0.0000000     0.0000000     0.0000000     0.0000000     0.0000000 
