%
%
% Run:2017  Table:COMPGRID          SWAN version:41.10A
%
%       Xp            Yp            Depth         Hsig          Tm_10         TPsmoo        Tm01          Tm02          Dir           Dspr          Steepn        Dissip        Ssurf         Sfric         Swcap         Redist        Snl3          Snl4          Genera        Swind    
%       [m]           [m]           [m]           [m]           [sec]         [sec]         [sec]         [sec]         [degr]        [degr]        [ ]           [m2/s]        [m2/s]        [m2/s]        [m2/s]        [m2/s]        [m2/s]        [m2/s]        [m2/s]        [m2/s]   
%
           0.            0.       20.0000       1.50570        1.8012        2.0033        1.6426        1.4691         0.001       31.5215     0.4466060     0.0000018     0.0000000     0.0000000     0.0000018     0.0000000     0.0000000     0.0000000     0.0000000     0.0000000 
           0.            0.       20.0000       1.37869        1.8934        2.0075        1.8136        1.7495         0.001       30.9133     0.2882911     0.0370478     0.0000000     0.0000000     0.0370478     0.0000000     0.0000000     0.0000000     0.0000000     0.0000000 
           1.            0.       20.0000       1.30362        1.9389        2.0109        1.8854        1.8558         0.001       30.5303     0.2422511     0.0180793     0.0000000     0.0000000     0.0180793     0.0000000     0.0000000     0.0000000     0.0000000     0.0000000 
           2.            0.       20.0000       1.25637        1.9616        2.0136        1.9151        1.8903         0.001       30.2802     0.2250395     0.0123369     0.0000000     0.0000000     0.0123369     0.0000000     0.0000000     0.0000000     0.0000000     0.0000000 
           2.            0.       20.0000       1.22231        1.9761        2.0158        1.9332        1.9107         0.001       30.1005     0.2142886     0.0095286     0.0000000     0.0000000     0.0095286     0.0000000     0.0000000     0.0000000     0.0000000     0.0000000 
           2.            0.       20.0000       1.19574        1.9863        2.0176        1.9456        1.9244         0.002       29.9581     0.2066506     0.0078481     0.0000000     0.0000000     0.0078481     0.0000000     0.0000000     0.0000000     0.0000000     0.0000000 
           3.            0.       20.0000       1.17375        1.9944        2.0192        1.9551        1.9348         0.002       29.8403     0.2006745     0.0066994     0.0000000     0.0000000     0.0066994     0.0000000     0.0000000     0.0000000     0.0000000     0.0000000 
           4.            0.       20.0000       1.15487        2.0010        2.0206        1.9628        1.9432         0.002       29.7399     0.1957403     0.0058528     0.0000000     0.0000000     0.0058528     0.0000000     0.0000000     0.0000000     0.0000000     0.0000000 
           4.            0.       20.0000       1.13826        2.0066        2.0218        1.9693        1.9503         0.002       29.6516     0.1915275     0.0051980     0.0000000     0.0000000     0.0051980     0.0000000     0.0000000     0.0000000     0.0000000     0.0000000 
           4.            0.       20.0000       1.12340        2.0116        2.0230        1.9750        1.9564         0.002       29.5723     0.1878446     0.0046740     0.0000000     0.0000000     0.0046740     0.0000000     0.0000000     0.0000000     0.0000000     0.0000000 
           5.            0.       20.0000       1.10992        2.0160        2.0241        1.9800        1.9618         0.002       29.5003     0.1845701     0.0042438     0.0000000     0.0000000     0.0042438     0.0000000     0.0000000     0.0000000     0.0000000     0.0000000 
           6.            0.       20.0000       1.09759        2.0200        2.0251        1.9845        1.9667         0.002       29.4343     0.1816216     0.0038839     0.0000000     0.0000000     0.0038839     0.0000000     0.0000000     0.0000000     0.0000000     0.0000000 
           6.            0.       20.0000       1.08622        2.0236        2.0260        1.9886        1.9711         0.002       29.3733     0.1789406     0.0035780     0.0000000     0.0000000     0.0035780     0.0000000     0.0000000     0.0000000     0.0000000     0.0000000 
           6.            0.       20.0000       1.07567        2.0270        2.0269        1.9924        1.9751         0.002       29.3166     0.1764833     0.0033148     0.0000000     0.0000000     0.0033148     0.0000000     0.0000000     0.0000000     0.0000000     0.0000000 
           7.            0.       20.0000       1.06582        2.0301        2.0277        1.9959        1.9788         0.003       29.2636     0.1742164     0.0030858     0.0000000     0.0000000     0.0030858     0.0000000     0.0000000     0.0000000     0.0000000     0.0000000 
           8.            0.       20.0000       1.05660        2.0330        2.0284        1.9991        1.9822         0.003       29.2140     0.1721133     0.0028848     0.0000000     0.0000000     0.0028848     0.0000000     0.0000000     0.0000000     0.0000000     0.0000000 
           8.            0.       20.0000       1.04791        2.0357        2.0292        2.0021        1.9853         0.003       29.1673     0.1701528     0.0027071     0.0000000     0.0000000     0.0027071     0.0000000     0.0000000     0.0000000     0.0000000     0.0000000 
           8.            0.       20.0000       1.03972        2.0383        2.0299        2.0049        1.9883         0.003       29.1232     0.1683175     0.0025487     0.0000000     0.0000000     0.0025487     0.0000000     0.0000000     0.0000000     0.0000000     0.0000000 
           9.            0.       20.0000       1.03196        2.0407        2.0305        2.0075        1.9911         0.003       29.0814     0.1665931     0.0024067     0.0000000     0.0000000     0.0024067     0.0000000     0.0000000     0.0000000     0.0000000     0.0000000 
          10.            0.       20.0000       1.02459        2.0429        2.0312        2.0100        1.9937         0.003       29.0418     0.1649676     0.0022787     0.0000000     0.0000000     0.0022787     0.0000000     0.0000000     0.0000000     0.0000000     0.0000000 
          10.            0.       20.0000       1.01758        2.0451        2.0318        2.0124        1.9962         0.003       29.0041     0.1634306     0.0021628     0.0000000     0.0000000     0.0021628     0.0000000     0.0000000     0.0000000     0.0000000     0.0000000 
          10.            0.       20.0000       1.01088        2.0471        2.0324        2.0146        1.9986         0.003       28.9681     0.1619735     0.0020574     0.0000000     0.0000000     0.0020574     0.0000000     0.0000000     0.0000000     0.0000000     0.0000000 
          11.            0.       20.0000       1.00449        2.0491        2.0329        2.0167        2.0008         0.003       28.9338     0.1605887     0.0019610     0.0000000     0.0000000     0.0019610     0.0000000     0.0000000     0.0000000     0.0000000     0.0000000 
          12.            0.       20.0000       0.99836        2.0510        2.0335        2.0188        2.0030         0.003       28.9009     0.1592700     0.0018726     0.0000000     0.0000000     0.0018726     0.0000000     0.0000000     0.0000000     0.0000000     0.0000000 
          12.            0.       20.0000       0.99249        2.0528        2.0340        2.0207        2.0050         0.003       28.8695     0.1580114     0.0017913     0.0000000     0.0000000     0.0017913     0.0000000     0.0000000     0.0000000     0.0000000     0.0000000 
          12.            0.       20.0000       0.98684        2.0545        2.0345        2.0226        2.0069         0.003       28.8392     0.1568080     0.0017162     0.0000000     0.0000000     0.0017162     0.0000000     0.0000000     0.0000000     0.0000000     0.0000000 
          13.            0.       20.0000       0.98141        2.0561        2.0350        2.0243        2.0088         0.003       28.8103     0.1556555     0.0016467     0.0000000     0.0000000     0.0016467     0.0000000     0.0000000     0.0000000     0.0000000     0.0000000 
          14.            0.       20.0000       0.97617        2.0577        2.0355        2.0261        2.0106         0.004       28.7823     0.1545500     0.0015822     0.0000000     0.0000000     0.0015822     0.0000000     0.0000000     0.0000000     0.0000000     0.0000000 
          14.            0.       20.0000       0.97112        2.0592        2.0359        2.0277        2.0123         0.004       28.7555     0.1534879     0.0015222     0.0000000     0.0000000     0.0015222     0.0000000     0.0000000     0.0000000     0.0000000     0.0000000 
          14.            0.       20.0000       0.96624        2.0607        2.0364        2.0293        2.0140         0.004       28.7295     0.1524662     0.0014662     0.0000000     0.0000000     0.0014662     0.0000000     0.0000000     0.0000000     0.0000000     0.0000000 
          15.            0.       20.0000       0.96153        2.0622        2.0368        2.0308        2.0156         0.004       28.7046     0.1514821     0.0014138     0.0000000     0.0000000     0.0014138     0.0000000     0.0000000     0.0000000     0.0000000     0.0000000 
          16.            0.       20.0000       0.95697        2.0635        2.0372        2.0323        2.0171         0.004       28.6804     0.1505331     0.0013647     0.0000000     0.0000000     0.0013647     0.0000000     0.0000000     0.0000000     0.0000000     0.0000000 
          16.            0.       20.0000       0.95254        2.0649        2.0376        2.0337        2.0186         0.004       28.6571     0.1496169     0.0013187     0.0000000     0.0000000     0.0013187     0.0000000     0.0000000     0.0000000     0.0000000     0.0000000 
          16.            0.       20.0000       0.94826        2.0662        2.0380        2.0351        2.0200         0.004       28.6345     0.1487315     0.0012754     0.0000000     0.0000000     0.0012754     0.0000000     0.0000000     0.0000000     0.0000000     0.0000000 
          17.            0.       20.0000       0.94410        2.0674        2.0384        2.0364        2.0214         0.004       28.6127     0.1478748     0.0012346     0.0000000     0.0000000     0.0012346     0.0000000     0.0000000     0.0000000     0.0000000     0.0000000 
          18.            0.       20.0000       0.94006        2.0687        2.0388        2.0377        2.0228         0.004       28.5915     0.1470454     0.0011961     0.0000000     0.0000000     0.0011961     0.0000000     0.0000000     0.0000000     0.0000000     0.0000000 
          18.            0.       20.0000       0.93613        2.0699        2.0392        2.0390        2.0241         0.004       28.5710     0.1462416     0.0011598     0.0000000     0.0000000     0.0011598     0.0000000     0.0000000     0.0000000     0.0000000     0.0000000 
          18.            0.       20.0000       0.93231        2.0710        2.0395        2.0402        2.0253         0.004       28.5511     0.1454619     0.0011253     0.0000000     0.0000000     0.0011253     0.0000000     0.0000000     0.0000000     0.0000000     0.0000000 
          19.            0.       20.0000       0.92859        2.0721        2.0399        2.0414        2.0266         0.004       28.5318     0.1447051     0.0010927     0.0000000     0.0000000     0.0010927     0.0000000     0.0000000     0.0000000     0.0000000     0.0000000 
          20.            0.       20.0000       0.92497        2.0732        2.0402        2.0426        2.0278         0.004       28.5130     0.1439699     0.0010618     0.0000000     0.0000000     0.0010618     0.0000000     0.0000000     0.0000000     0.0000000     0.0000000 
          20.            0.       20.0000       0.92144        2.0743        2.0406        2.0437        2.0289         0.004       28.4948     0.1432551     0.0010324     0.0000000     0.0000000     0.0010324     0.0000000     0.0000000     0.0000000     0.0000000     0.0000000 
          20.            0.       20.0000       0.91800        2.0754        2.0409        2.0448        2.0301         0.004       28.4771     0.1425599     0.0010045     0.0000000     0.0000000     0.0010045     0.0000000     0.0000000     0.0000000     0.0000000     0.0000000 
          21.            0.       20.0000       0.91464        2.0764        2.0412        2.0459        2.0312         0.004       28.4599     0.1418831     0.0009779     0.0000000     0.0000000     0.0009779     0.0000000     0.0000000     0.0000000     0.0000000     0.0000000 
          22.            0.       20.0000       0.91136        2.0774        2.0415        2.0469        2.0323         0.004       28.4432     0.1412240     0.0009525     0.0000000     0.0000000     0.0009525     0.0000000     0.0000000     0.0000000     0.0000000     0.0000000 
          22.            0.       20.0000       0.90816        2.0784        2.0418        2.0480        2.0333         0.004       28.4269     0.1405815     0.0009283     0.0000000     0.0000000     0.0009283     0.0000000     0.0000000     0.0000000     0.0000000     0.0000000 
          22.            0.       20.0000       0.90503        2.0793        2.0421        2.0490        2.0344         0.004       28.4111     0.1399551     0.0009052     0.0000000     0.0000000     0.0009052     0.0000000     0.0000000     0.0000000     0.0000000     0.0000000 
          23.            0.       20.0000       0.90197        2.0803        2.0424        2.0499        2.0354         0.004       28.3956     0.1393440     0.0008831     0.0000000     0.0000000     0.0008831     0.0000000     0.0000000     0.0000000     0.0000000     0.0000000 
          24.            0.       20.0000       0.89898        2.0812        2.0427        2.0509        2.0364         0.004       28.3806     0.1387474     0.0008619     0.0000000     0.0000000     0.0008619     0.0000000     0.0000000     0.0000000     0.0000000     0.0000000 
          24.            0.       20.0000       0.89605        2.0821        2.0430        2.0518        2.0373         0.004       28.3660     0.1381648     0.0008416     0.0000000     0.0000000     0.0008416     0.0000000     0.0000000     0.0000000     0.0000000     0.0000000 
          24.            0.       20.0000       0.89319        2.0829        2.0433        2.0528        2.0383         0.004       28.3517     0.1375955     0.0008222     0.0000000     0.0000000     0.0008222     0.0000000     0.0000000     0.0000000     0.0000000     0.0000000 
          25.            0.       20.0000       0.89038        2.0838        2.0436        2.0537        2.0392         0.004       28.3378     0.1370391     0.0008036     0.0000000     0.0000000     0.0008036     0.0000000     0.0000000     0.0000000     0.0000000     0.0000000 
          26.            0.       20.0000       0.88763        2.0846        2.0438        2.0545        2.0401         0.004       28.3242     0.1364948     0.0007857     0.0000000     0.0000000     0.0007857     0.0000000     0.0000000     0.0000000     0.0000000     0.0000000 
          26.            0.       20.0000       0.88494        2.0855        2.0441        2.0554        2.0410         0.004       28.3110     0.1359625     0.0007685     0.0000000     0.0000000     0.0007685     0.0000000     0.0000000     0.0000000     0.0000000     0.0000000 
          26.            0.       20.0000       0.88229        2.0863        2.0444        2.0562        2.0419         0.004       28.2980     0.1354414     0.0007520     0.0000000     0.0000000     0.0007520     0.0000000     0.0000000     0.0000000     0.0000000     0.0000000 
          27.            0.       20.0000       0.87970        2.0871        2.0446        2.0571        2.0427         0.004       28.2855     0.1349313     0.0007361     0.0000000     0.0000000     0.0007361     0.0000000     0.0000000     0.0000000     0.0000000     0.0000000 
          28.            0.       20.0000       0.87716        2.0879        2.0449        2.0579        2.0435         0.004       28.2732     0.1344314     0.0007208     0.0000000     0.0000000     0.0007208     0.0000000     0.0000000     0.0000000     0.0000000     0.0000000 
          28.            0.       20.0000       0.87467        2.0886        2.0451        2.0587        2.0444         0.004       28.2612     0.1339419     0.0007061     0.0000000     0.0000000     0.0007061     0.0000000     0.0000000     0.0000000     0.0000000     0.0000000 
          28.            0.       20.0000       0.87222        2.0894        2.0454        2.0595        2.0452         0.005       28.2495     0.1334619     0.0006919     0.0000000     0.0000000     0.0006919     0.0000000     0.0000000     0.0000000     0.0000000     0.0000000 
          29.            0.       20.0000       0.86982        2.0901        2.0456        2.0602        2.0460         0.005       28.2381     0.1329913     0.0006782     0.0000000     0.0000000     0.0006782     0.0000000     0.0000000     0.0000000     0.0000000     0.0000000 
          30.            0.       20.0000       0.86745        2.0909        2.0459        2.0610        2.0467         0.005       28.2269     0.1325298     0.0006649     0.0000000     0.0000000     0.0006649     0.0000000     0.0000000     0.0000000     0.0000000     0.0000000 
          30.            0.       20.0000       0.86513        2.0916        2.0461        2.0617        2.0475         0.005       28.2160     0.1320769     0.0006522     0.0000000     0.0000000     0.0006522     0.0000000     0.0000000     0.0000000     0.0000000     0.0000000 
          30.            0.       20.0000       0.86285        2.0923        2.0463        2.0625        2.0482         0.005       28.2054     0.1316325     0.0006398     0.0000000     0.0000000     0.0006398     0.0000000     0.0000000     0.0000000     0.0000000     0.0000000 
          31.            0.       20.0000       0.86061        2.0930        2.0466        2.0632        2.0490         0.005       28.1950     0.1311962     0.0006279     0.0000000     0.0000000     0.0006279     0.0000000     0.0000000     0.0000000     0.0000000     0.0000000 
          32.            0.       19.0000       0.85841        2.0937        2.0468        2.0639        2.0497         0.005       28.1849     0.1307678     0.0006164     0.0000000     0.0000000     0.0006164     0.0000000     0.0000000     0.0000000     0.0000000     0.0000000 
          32.            0.       18.0000       0.85624        2.0943        2.0470        2.0646        2.0504         0.005       28.1749     0.1303469     0.0006052     0.0000000     0.0000000     0.0006052     0.0000000     0.0000000     0.0000000     0.0000000     0.0000000 
          32.            0.       17.0000       0.85411        2.0950        2.0472        2.0653        2.0511         0.005       28.1653     0.1299334     0.0005944     0.0000000     0.0000000     0.0005944     0.0000000     0.0000000     0.0000000     0.0000000     0.0000000 
          33.            0.       16.0000       0.85201        2.0957        2.0474        2.0660        2.0518         0.005       28.1558     0.1295271     0.0005839     0.0000000     0.0000000     0.0005839     0.0000000     0.0000000     0.0000000     0.0000000     0.0000000 
          34.            0.       15.0000       0.84994        2.0963        2.0477        2.0666        2.0525         0.005       28.1466     0.1291276     0.0005738     0.0000000     0.0000000     0.0005738     0.0000000     0.0000000     0.0000000     0.0000000     0.0000000 
          34.            0.       14.0000       0.84791        2.0969        2.0479        2.0673        2.0531         0.005       28.1375     0.1287350     0.0005640     0.0000000     0.0000000     0.0005640     0.0000000     0.0000000     0.0000000     0.0000000     0.0000000 
          34.            0.       13.0000       0.84591        2.0976        2.0481        2.0679        2.0538         0.005       28.1287     0.1283487     0.0005544     0.0000000     0.0000000     0.0005544     0.0000000     0.0000000     0.0000000     0.0000000     0.0000000 
          35.            0.       12.0000       0.84394        2.0982        2.0483        2.0686        2.0545         0.005       28.1199     0.1279688     0.0005452     0.0000000     0.0000000     0.0005452     0.0000000     0.0000000     0.0000000     0.0000000     0.0000000 
          36.            0.       11.0000       0.84199        2.0988        2.0485        2.0692        2.0551         0.005       28.1112     0.1275957     0.0005362     0.0000000     0.0000000     0.0005362     0.0000000     0.0000000     0.0000000     0.0000000     0.0000000 
          36.            0.       10.0000       0.84007        2.0994        2.0487        2.0698        2.0557         0.005       28.1022     0.1272282     0.0005275     0.0000000     0.0000000     0.0005275     0.0000000     0.0000000     0.0000000     0.0000000     0.0000000 
          36.            0.        9.0000       0.83817        2.0999        2.0489        2.0704        2.0563         0.005       28.0927     0.1268692     0.0005191     0.0000000     0.0000000     0.0005191     0.0000000     0.0000000     0.0000000     0.0000000     0.0000000 
          37.            0.        8.0000       0.83625        2.1004        2.0491        2.0709        2.0569         0.005       28.0812     0.1265148     0.0005109     0.0000000     0.0000000     0.0005109     0.0000000     0.0000000     0.0000000     0.0000000     0.0000000 
          38.            0.        7.0000       0.83425        2.1008        2.0493        2.0713        2.0573         0.005       28.0639     0.1261724     0.0005030     0.0000000     0.0000000     0.0005030     0.0000000     0.0000000     0.0000000     0.0000000     0.0000000 
          38.            0.        6.0000       0.83197        2.1008        2.0494        2.0714        2.0575         0.005       28.0334     0.1258454     0.0004953     0.0000000     0.0000001     0.0004953     0.0000000     0.0000000     0.0000000     0.0000000     0.0000000 
          38.            0.        5.0000       0.82880        2.1000        2.0494        2.0709        2.0570         0.006       27.9682     0.1255087     0.0004869     0.0000000     0.0000002     0.0004868     0.0000000     0.0000000     0.0000000     0.0000000     0.0000000 
          39.            0.        4.0000       0.82281        2.0977        2.0489        2.0690        2.0553         0.007       27.7912     0.1250692     0.0004750     0.0000000     0.0000007     0.0004742     0.0000000     0.0000000     0.0000000     0.0000000     0.0000000 
          40.            0.        3.0000       0.80835        2.0936        2.0472        2.0651        2.0516         0.012       27.2181     0.1242017     0.0004504     0.0000002     0.0000029     0.0004473     0.0000000     0.0000000     0.0000000     0.0000000     0.0000000 
          40.            0.        2.0000       0.77789        2.0920        2.0456        2.0630        2.0493         0.024       26.6559     0.1235671     0.0006447     0.0002241     0.0000124     0.0004082     0.0000000     0.0000000     0.0000000     0.0000000     0.0000000 
          40.            0.        2.0000       0.77510        2.0923        2.0457        2.0633        2.0496         0.030       26.4677     0.1230902     0.0006242     0.0002129     0.0000123     0.0003990     0.0000000     0.0000000     0.0000000     0.0000000     0.0000000 
          41.            0.        2.0000       0.77278        2.0927        2.0458        2.0638        2.0500         0.031       26.3975     0.1226721     0.0006073     0.0002039     0.0000123     0.0003912     0.0000000     0.0000000     0.0000000     0.0000000     0.0000000 
          42.            0.        2.0000       0.77065        2.0932        2.0460        2.0643        2.0506         0.031       26.3689     0.1222802     0.0005921     0.0001959     0.0000122     0.0003840     0.0000000     0.0000000     0.0000000     0.0000000     0.0000000 
          42.            0.        2.0000       0.76861        2.0937        2.0462        2.0648        2.0511         0.031       26.3546     0.1219027     0.0005778     0.0001885     0.0000121     0.0003772     0.0000000     0.0000000     0.0000000     0.0000000     0.0000000 
          42.            0.        2.0000       0.76663        2.0942        2.0463        2.0653        2.0516         0.031       26.3452     0.1215353     0.0005643     0.0001815     0.0000121     0.0003707     0.0000000     0.0000000     0.0000000     0.0000000     0.0000000 
          43.            0.        2.0000       0.76470        2.0947        2.0465        2.0658        2.0521         0.031       26.3378     0.1211766     0.0005513     0.0001749     0.0000120     0.0003644     0.0000000     0.0000000     0.0000000     0.0000000     0.0000000 
          44.            0.        2.0000       0.76282        2.0951        2.0467        2.0663        2.0526         0.031       26.3312     0.1208254     0.0005389     0.0001686     0.0000120     0.0003583     0.0000000     0.0000000     0.0000000     0.0000000     0.0000000 
          44.            0.        2.0000       0.76097        2.0956        2.0468        2.0668        2.0531         0.031       26.3251     0.1204816     0.0005270     0.0001626     0.0000119     0.0003525     0.0000000     0.0000000     0.0000000     0.0000000     0.0000000 
          44.            0.        2.0000       0.75916        2.0961        2.0470        2.0672        2.0536         0.031       26.3193     0.1201448     0.0005157     0.0001569     0.0000119     0.0003468     0.0000000     0.0000000     0.0000000     0.0000000     0.0000000 
          45.            0.        2.0000       0.75738        2.0965        2.0471        2.0677        2.0540         0.031       26.3139     0.1198147     0.0005047     0.0001515     0.0000119     0.0003414     0.0000000     0.0000000     0.0000000     0.0000000     0.0000000 
          46.            0.        2.0000       0.75564        2.0970        2.0473        2.0682        2.0545         0.031       26.3088     0.1194910     0.0004942     0.0001463     0.0000118     0.0003361     0.0000000     0.0000000     0.0000000     0.0000000     0.0000000 
          46.            0.        2.0000       0.75393        2.0974        2.0474        2.0686        2.0550         0.031       26.3040     0.1191735     0.0004841     0.0001414     0.0000118     0.0003309     0.0000000     0.0000000     0.0000000     0.0000000     0.0000000 
          46.            0.        2.0000       0.75225        2.0979        2.0476        2.0691        2.0554         0.031       26.2994     0.1188620     0.0004744     0.0001367     0.0000117     0.0003260     0.0000000     0.0000000     0.0000000     0.0000000     0.0000000 
          47.            0.        2.0000       0.75061        2.0983        2.0477        2.0695        2.0559         0.031       26.2951     0.1185561     0.0004650     0.0001322     0.0000117     0.0003211     0.0000000     0.0000000     0.0000000     0.0000000     0.0000000 
          48.            0.        2.0000       0.74899        2.0987        2.0479        2.0700        2.0563         0.031       26.2910     0.1182559     0.0004560     0.0001279     0.0000117     0.0003165     0.0000000     0.0000000     0.0000000     0.0000000     0.0000000 
          48.            0.        2.0000       0.74740        2.0992        2.0480        2.0704        2.0568         0.031       26.2872     0.1179610     0.0004473     0.0001238     0.0000116     0.0003119     0.0000000     0.0000000     0.0000000     0.0000000     0.0000000 
          48.            0.        2.0000       0.74584        2.0996        2.0482        2.0708        2.0572         0.031       26.2836     0.1176713     0.0004390     0.0001199     0.0000116     0.0003075     0.0000000     0.0000000     0.0000000     0.0000000     0.0000000 
          49.            0.        2.0000       0.74431        2.1000        2.0483        2.0712        2.0576         0.031       26.2802     0.1173866     0.0004309     0.0001161     0.0000115     0.0003033     0.0000000     0.0000000     0.0000000     0.0000000     0.0000000 
          50.            0.        2.0000       0.74280        2.1004        2.0485        2.0716        2.0580         0.031       26.2771     0.1171066     0.0004231     0.0001125     0.0000115     0.0002991     0.0000000     0.0000000     0.0000000     0.0000000     0.0000000 
          50.            0.        2.0000       0.74132        2.1008        2.0486        2.0721        2.0585         0.031       26.2742     0.1168315     0.0004155     0.0001090     0.0000115     0.0002951     0.0000000     0.0000000     0.0000000     0.0000000     0.0000000 
          50.            0.        2.0000       0.73986        2.1012        2.0487        2.0725        2.0589         0.031       26.2714     0.1165608     0.0004083     0.0001057     0.0000114     0.0002911     0.0000000     0.0000000     0.0000000     0.0000000     0.0000000 
          51.            0.        2.0000       0.73843        2.1016        2.0489        2.0729        2.0593         0.031       26.2689     0.1162945     0.0004012     0.0001025     0.0000114     0.0002873     0.0000000     0.0000000     0.0000000     0.0000000     0.0000000 
          52.            0.        2.0000       0.73702        2.1020        2.0490        2.0732        2.0597         0.031       26.2666     0.1160325     0.0003944     0.0000994     0.0000114     0.0002836     0.0000000     0.0000000     0.0000000     0.0000000     0.0000000 
          52.            0.        2.0000       0.73563        2.1024        2.0491        2.0736        2.0601         0.031       26.2645     0.1157746     0.0003878     0.0000965     0.0000113     0.0002800     0.0000000     0.0000000     0.0000000     0.0000000     0.0000000 
          52.            0.        2.0000       0.73426        2.1027        2.0493        2.0740        2.0605         0.031       26.2626     0.1155207     0.0003814     0.0000937     0.0000113     0.0002765     0.0000000     0.0000000     0.0000000     0.0000000     0.0000000 
          53.            0.        2.0000       0.73291        2.1031        2.0494        2.0744        2.0608         0.031       26.2608     0.1152706     0.0003752     0.0000910     0.0000113     0.0002730     0.0000000     0.0000000     0.0000000     0.0000000     0.0000000 
          54.            0.        2.0000       0.73158        2.1035        2.0495        2.0748        2.0612         0.031       26.2593     0.1150244     0.0003692     0.0000883     0.0000112     0.0002697     0.0000000     0.0000000     0.0000000     0.0000000     0.0000000 
          54.            0.        2.0000       0.73027        2.1039        2.0497        2.0752        2.0616         0.031       26.2580     0.1147817     0.0003634     0.0000858     0.0000112     0.0002664     0.0000000     0.0000000     0.0000000     0.0000000     0.0000000 
          54.            0.        2.0000       0.72898        2.1042        2.0498        2.0755        2.0620         0.031       26.2569     0.1145428     0.0003578     0.0000834     0.0000112     0.0002632     0.0000000     0.0000000     0.0000000     0.0000000     0.0000000 
          55.            0.        2.0000       0.72771        2.1046        2.0499        2.0759        2.0623         0.031       26.2559     0.1143072     0.0003523     0.0000811     0.0000111     0.0002601     0.0000000     0.0000000     0.0000000     0.0000000     0.0000000 
          56.            0.        2.0000       0.72646        2.1049        2.0500        2.0762        2.0627         0.031       26.2552     0.1140750     0.0003470     0.0000788     0.0000111     0.0002571     0.0000000     0.0000000     0.0000000     0.0000000     0.0000000 
          56.            0.        2.0000       0.72522        2.1053        2.0502        2.0766        2.0631         0.031       26.2547     0.1138461     0.0003418     0.0000767     0.0000111     0.0002541     0.0000000     0.0000000     0.0000000     0.0000000     0.0000000 
          56.            0.        2.0000       0.72401        2.1056        2.0503        2.0769        2.0634         0.031       26.2543     0.1136203     0.0003368     0.0000746     0.0000110     0.0002512     0.0000000     0.0000000     0.0000000     0.0000000     0.0000000 
          57.            0.        2.0000       0.72280        2.1060        2.0504        2.0773        2.0638         0.031       26.2541     0.1133977     0.0003319     0.0000726     0.0000110     0.0002484     0.0000001     0.0000001     0.0000000     0.0000000     0.0000000 
          58.            0.        2.0000       0.72162        2.1063        2.0505        2.0776        2.0641         0.031       26.2549     0.1131782     0.0003272     0.0000706     0.0000110     0.0002456     0.0000000     0.0000000     0.0000000     0.0000000     0.0000000 
          58.            0.        2.0000       0.72045        2.1067        2.0506        2.0780        2.0645         0.031       26.2550     0.1129615     0.0003226     0.0000688     0.0000110     0.0002429     0.0000000     0.0000000     0.0000000     0.0000000     0.0000000 
          58.            0.        2.0000       0.71930        2.1070        2.0508        2.0783        2.0648         0.031       26.2549     0.1127476     0.0003181     0.0000669     0.0000109     0.0002403     0.0000000     0.0000000     0.0000000     0.0000000     0.0000000 
          59.            0.        2.0000       0.71815        2.1073        2.0509        2.0787        2.0651         0.031       26.2538     0.1125363     0.0003138     0.0000652     0.0000109     0.0002377     0.0000000     0.0000000     0.0000000     0.0000000     0.0000000 
          60.            0.        2.0000       0.71702        2.1076        2.0510        2.0790        2.0655         0.031       26.2494     0.1123271     0.0003095     0.0000635     0.0000109     0.0002351     0.0000000     0.0000000     0.0000000     0.0000000     0.0000000 
          60.            0.        2.0000       0.71786        2.1088        2.0514        2.0801        2.0665         0.026       26.8581     0.1123590     0.0003114     0.0000647     0.0000109     0.0002358     0.0000000     0.0000000     0.0000000     0.0000000     0.0000000 
          60.            0.        3.0000       0.74495        2.1117        2.0534        2.0834        2.0701         0.020       27.8873     0.1124998     0.0002561     0.0000000     0.0000026     0.0002535     0.0000000     0.0000000     0.0000000     0.0000000     0.0000000 
          61.            0.        4.0000       0.75551        2.1166        2.0553        2.0880        2.0746         0.017       28.2599     0.1127469     0.0002624     0.0000000     0.0000007     0.0002617     0.0000000     0.0000000     0.0000000     0.0000000     0.0000000 
          62.            0.        5.0000       0.75847        2.1196        2.0561        2.0907        2.0771         0.016       28.3909     0.1126629     0.0002624     0.0000000     0.0000002     0.0002622     0.0000000     0.0000000     0.0000000     0.0000000     0.0000000 
          62.            0.        6.0000       0.75878        2.1211        2.0564        2.0921        2.0784         0.016       28.4375     0.1124789     0.0002604     0.0000000     0.0000001     0.0002604     0.0000000     0.0000000     0.0000000     0.0000000     0.0000000 
          62.            0.        7.0000       0.75820        2.1220        2.0566        2.0929        2.0792         0.017       28.4495     0.1122751     0.0002579     0.0000000     0.0000000     0.0002579     0.0000000     0.0000000     0.0000000     0.0000000     0.0000000 
          63.            0.        8.0000       0.75732        2.1225        2.0567        2.0934        2.0796         0.017       28.4453     0.1120782     0.0002554     0.0000000     0.0000000     0.0002554     0.0000000     0.0000000     0.0000000     0.0000000     0.0000000 
          64.            0.        9.0000       0.75634        2.1229        2.0568        2.0938        2.0800         0.018       28.4354     0.1118884     0.0002529     0.0000000     0.0000000     0.0002529     0.0000000     0.0000000     0.0000000     0.0000000     0.0000000 
          64.            0.       10.0000       0.75533        2.1233        2.0569        2.0941        2.0804         0.019       28.4233     0.1116990     0.0002505     0.0000000     0.0000000     0.0002505     0.0000000     0.0000000     0.0000000     0.0000000     0.0000000 
          64.            0.       11.0000       0.75432        2.1236        2.0570        2.0944        2.0807         0.019       28.4105     0.1115137     0.0002481     0.0000000     0.0000000     0.0002481     0.0000000     0.0000000     0.0000000     0.0000000     0.0000000 
          65.            0.       12.0000       0.75331        2.1239        2.0571        2.0948        2.0810         0.020       28.3977     0.1113297     0.0002458     0.0000000     0.0000000     0.0002458     0.0000000     0.0000000     0.0000000     0.0000000     0.0000000 
          66.            0.       13.0000       0.75231        2.1242        2.0572        2.0951        2.0813         0.021       28.3850     0.1111481     0.0002435     0.0000000     0.0000000     0.0002435     0.0000000     0.0000000     0.0000000     0.0000000     0.0000000 
          66.            0.       14.0000       0.75132        2.1245        2.0573        2.0954        2.0816         0.022       28.3728     0.1109682     0.0002413     0.0000000     0.0000000     0.0002413     0.0000000     0.0000000     0.0000000     0.0000000     0.0000000 
          66.            0.       15.0000       0.75034        2.1249        2.0574        2.0957        2.0820         0.023       28.3606     0.1107898     0.0002391     0.0000000     0.0000000     0.0002391     0.0000000     0.0000000     0.0000000     0.0000000     0.0000000 
          67.            0.       16.0000       0.74937        2.1252        2.0575        2.0960        2.0823         0.023       28.3487     0.1106132     0.0002369     0.0000000     0.0000000     0.0002369     0.0000000     0.0000000     0.0000000     0.0000000     0.0000000 
          68.            0.       17.0000       0.74840        2.1255        2.0576        2.0963        2.0826         0.024       28.3369     0.1104381     0.0002348     0.0000000     0.0000000     0.0002348     0.0000000     0.0000000     0.0000000     0.0000000     0.0000000 
          68.            0.       18.0000       0.74744        2.1258        2.0578        2.0966        2.0829         0.025       28.3254     0.1102646     0.0002327     0.0000000     0.0000000     0.0002327     0.0000000     0.0000000     0.0000000     0.0000000     0.0000000 
          68.            0.       19.0000       0.74649        2.1261        2.0579        2.0969        2.0832         0.026       28.3140     0.1100926     0.0002306     0.0000000     0.0000000     0.0002306     0.0000000     0.0000000     0.0000000     0.0000000     0.0000000 
          69.            0.       20.0000       0.74555        2.1264        2.0580        2.0972        2.0835         0.027       28.3028     0.1099221     0.0002286     0.0000000     0.0000000     0.0002286     0.0000000     0.0000000     0.0000000     0.0000000     0.0000000 
          70.            0.       20.0000       0.74462        2.1266        2.0581        2.0975        2.0838         0.028       28.2918     0.1097531     0.0002266     0.0000000     0.0000000     0.0002266     0.0000000     0.0000000     0.0000000     0.0000000     0.0000000 
          70.            0.       20.0000       0.74369        2.1269        2.0582        2.0978        2.0841         0.029       28.2809     0.1095854     0.0002246     0.0000000     0.0000000     0.0002246     0.0000000     0.0000000     0.0000000     0.0000000     0.0000000 
          70.            0.       20.0000       0.74278        2.1272        2.0583        2.0981        2.0844         0.030       28.2702     0.1094193     0.0002227     0.0000000     0.0000000     0.0002227     0.0000000     0.0000000     0.0000000     0.0000000     0.0000000 
          71.            0.       20.0000       0.74186        2.1275        2.0584        2.0984        2.0847         0.031       28.2596     0.1092545     0.0002207     0.0000000     0.0000000     0.0002207     0.0000000     0.0000000     0.0000000     0.0000000     0.0000000 
          72.            0.       20.0000       0.74096        2.1278        2.0585        2.0987        2.0850         0.032       28.2492     0.1090911     0.0002189     0.0000000     0.0000000     0.0002189     0.0000000     0.0000000     0.0000000     0.0000000     0.0000000 
          72.            0.       20.0000       0.74006        2.1281        2.0586        2.0989        2.0852         0.033       28.2389     0.1089291     0.0002170     0.0000000     0.0000000     0.0002170     0.0000000     0.0000000     0.0000000     0.0000000     0.0000000 
          72.            0.       20.0000       0.73918        2.1284        2.0587        2.0992        2.0855         0.035       28.2287     0.1087684     0.0002152     0.0000000     0.0000000     0.0002152     0.0000000     0.0000000     0.0000000     0.0000000     0.0000000 
          73.            0.       20.0000       0.73829        2.1286        2.0588        2.0995        2.0858         0.036       28.2187     0.1086090     0.0002134     0.0000000     0.0000000     0.0002134     0.0000000     0.0000000     0.0000000     0.0000000     0.0000000 
          74.            0.       20.0000       0.73742        2.1289        2.0588        2.0998        2.0861         0.037       28.2088     0.1084509     0.0002116     0.0000000     0.0000000     0.0002116     0.0000000     0.0000000     0.0000000     0.0000000     0.0000000 
          74.            0.       20.0000       0.73655        2.1292        2.0589        2.1001        2.0864         0.038       28.1991     0.1082941     0.0002099     0.0000000     0.0000000     0.0002099     0.0000000     0.0000000     0.0000000     0.0000000     0.0000000 
          74.            0.       20.0000       0.73569        2.1295        2.0590        2.1003        2.0866         0.039       28.1895     0.1081385     0.0002082     0.0000000     0.0000000     0.0002082     0.0000000     0.0000000     0.0000000     0.0000000     0.0000000 
          75.            0.       20.0000       0.73483        2.1297        2.0591        2.1006        2.0869         0.041       28.1800     0.1079841     0.0002065     0.0000000     0.0000000     0.0002065     0.0000000     0.0000000     0.0000000     0.0000000     0.0000000 
          76.            0.       20.0000       0.73398        2.1300        2.0592        2.1009        2.0872         0.042       28.1706     0.1078311     0.0002048     0.0000000     0.0000000     0.0002048     0.0000000     0.0000000     0.0000000     0.0000000     0.0000000 
          76.            0.       20.0000       0.73314        2.1303        2.0593        2.1012        2.0875         0.043       28.1613     0.1076791     0.0002031     0.0000000     0.0000000     0.0002031     0.0000000     0.0000000     0.0000000     0.0000000     0.0000000 
          76.            0.       20.0000       0.73230        2.1306        2.0594        2.1014        2.0877         0.045       28.1522     0.1075284     0.0002015     0.0000000     0.0000000     0.0002015     0.0000000     0.0000000     0.0000000     0.0000000     0.0000000 
          77.            0.       20.0000       0.73147        2.1308        2.0595        2.1017        2.0880         0.046       28.1432     0.1073789     0.0001999     0.0000000     0.0000000     0.0001999     0.0000000     0.0000000     0.0000000     0.0000000     0.0000000 
          78.            0.       20.0000       0.73065        2.1311        2.0596        2.1020        2.0883         0.047       28.1342     0.1072304     0.0001984     0.0000000     0.0000000     0.0001984     0.0000000     0.0000000     0.0000000     0.0000000     0.0000000 
          78.            0.       20.0000       0.72983        2.1313        2.0597        2.1022        2.0885         0.049       28.1254     0.1070832     0.0001968     0.0000000     0.0000000     0.0001968     0.0000000     0.0000000     0.0000000     0.0000000     0.0000000 
          78.            0.       20.0000       0.72902        2.1316        2.0598        2.1025        2.0888         0.050       28.1167     0.1069370     0.0001953     0.0000000     0.0000000     0.0001953     0.0000000     0.0000000     0.0000000     0.0000000     0.0000000 
          79.            0.       20.0000       0.72821        2.1319        2.0599        2.1027        2.0891         0.052       28.1081     0.1067920     0.0001938     0.0000000     0.0000000     0.0001938     0.0000000     0.0000000     0.0000000     0.0000000     0.0000000 
          80.            0.       20.0000       0.72741        2.1321        2.0600        2.1030        2.0893         0.053       28.0995     0.1066480     0.0001923     0.0000000     0.0000000     0.0001923     0.0000000     0.0000000     0.0000000     0.0000000     0.0000000 
          80.            0.       20.0000       0.72661        2.1324        2.0601        2.1033        2.0896         0.054       28.0911     0.1065051     0.0001908     0.0000000     0.0000000     0.0001908     0.0000000     0.0000000     0.0000000     0.0000000     0.0000000 
          80.            0.       20.0000       0.72582        2.1326        2.0601        2.1035        2.0898         0.056       28.0828     0.1063632     0.0001893     0.0000000     0.0000000     0.0001893     0.0000000     0.0000000     0.0000000     0.0000000     0.0000000 
          81.            0.       20.0000       0.72504        2.1329        2.0602        2.1038        2.0901         0.057       28.0746     0.1062224     0.0001879     0.0000000     0.0000000     0.0001879     0.0000000     0.0000000     0.0000000     0.0000000     0.0000000 
          82.            0.       20.0000       0.72426        2.1331        2.0603        2.1040        2.0903         0.059       28.0664     0.1060826     0.0001865     0.0000000     0.0000000     0.0001865     0.0000000     0.0000000     0.0000000     0.0000000     0.0000000 
          82.            0.       20.0000       0.72349        2.1334        2.0604        2.1043        2.0906         0.060       28.0584     0.1059439     0.0001851     0.0000000     0.0000000     0.0001851     0.0000000     0.0000000     0.0000000     0.0000000     0.0000000 
          82.            0.       20.0000       0.72272        2.1336        2.0605        2.1045        2.0909         0.062       28.0505     0.1058062     0.0001837     0.0000000     0.0000000     0.0001837     0.0000000     0.0000000     0.0000000     0.0000000     0.0000000 
          83.            0.       20.0000       0.72196        2.1339        2.0606        2.1048        2.0911         0.064       28.0426     0.1056694     0.0001824     0.0000000     0.0000000     0.0001824     0.0000000     0.0000000     0.0000000     0.0000000     0.0000000 
          84.            0.       20.0000       0.72120        2.1341        2.0607        2.1050        2.0913         0.065       28.0348     0.1055336     0.0001810     0.0000000     0.0000000     0.0001810     0.0000000     0.0000000     0.0000000     0.0000000     0.0000000 
          84.            0.       20.0000       0.72045        2.1344        2.0608        2.1053        2.0916         0.067       28.0271     0.1053988     0.0001797     0.0000000     0.0000000     0.0001797     0.0000000     0.0000000     0.0000000     0.0000000     0.0000000 
          84.            0.       20.0000       0.71970        2.1346        2.0608        2.1055        2.0918         0.068       28.0195     0.1052649     0.0001784     0.0000000     0.0000000     0.0001784     0.0000000     0.0000000     0.0000000     0.0000000     0.0000000 
          85.            0.       20.0000       0.71896        2.1348        2.0609        2.1057        2.0921         0.070       28.0120     0.1051320     0.0001771     0.0000000     0.0000000     0.0001771     0.0000000     0.0000000     0.0000000     0.0000000     0.0000000 
          86.            0.       20.0000       0.71822        2.1351        2.0610        2.1060        2.0923         0.072       28.0046     0.1050000     0.0001759     0.0000000     0.0000000     0.0001759     0.0000000     0.0000000     0.0000000     0.0000000     0.0000000 
          86.            0.       20.0000       0.71749        2.1353        2.0611        2.1062        2.0926         0.073       27.9972     0.1048689     0.0001746     0.0000000     0.0000000     0.0001746     0.0000000     0.0000000     0.0000000     0.0000000     0.0000000 
          86.            0.       20.0000       0.71676        2.1356        2.0612        2.1065        2.0928         0.075       27.9899     0.1047387     0.0001734     0.0000000     0.0000000     0.0001734     0.0000000     0.0000000     0.0000000     0.0000000     0.0000000 
          87.            0.       20.0000       0.71604        2.1358        2.0613        2.1067        2.0930         0.077       27.9827     0.1046095     0.0001722     0.0000000     0.0000000     0.0001722     0.0000000     0.0000000     0.0000000     0.0000000     0.0000000 
          88.            0.       20.0000       0.71532        2.1360        2.0614        2.1069        2.0933         0.078       27.9756     0.1044811     0.0001710     0.0000000     0.0000000     0.0001710     0.0000000     0.0000000     0.0000000     0.0000000     0.0000000 
          88.            0.       20.0000       0.71461        2.1363        2.0614        2.1072        2.0935         0.080       27.9686     0.1043535     0.0001698     0.0000000     0.0000000     0.0001698     0.0000000     0.0000000     0.0000000     0.0000000     0.0000000 
          88.            0.       20.0000       0.71390        2.1365        2.0615        2.1074        2.0937         0.082       27.9616     0.1042269     0.0001686     0.0000000     0.0000000     0.0001686     0.0000000     0.0000000     0.0000000     0.0000000     0.0000000 
          89.            0.       20.0000       0.71319        2.1367        2.0616        2.1076        2.0940         0.084       27.9548     0.1041011     0.0001674     0.0000000     0.0000000     0.0001674     0.0000000     0.0000000     0.0000000     0.0000000     0.0000000 
          90.            0.       20.0000       0.71249        2.1370        2.0617        2.1078        2.0942         0.085       27.9479     0.1039761     0.0001663     0.0000000     0.0000000     0.0001663     0.0000000     0.0000000     0.0000000     0.0000000     0.0000000 
          90.            0.       20.0000       0.71180        2.1372        2.0618        2.1081        2.0944         0.087       27.9412     0.1038519     0.0001651     0.0000000     0.0000000     0.0001651     0.0000000     0.0000000     0.0000000     0.0000000     0.0000000 
          90.            0.       20.0000       0.71111        2.1374        2.0619        2.1083        2.0946         0.089       27.9345     0.1037286     0.0001640     0.0000000     0.0000000     0.0001640     0.0000000     0.0000000     0.0000000     0.0000000     0.0000000 
          91.            0.       20.0000       0.71042        2.1376        2.0619        2.1085        2.0949         0.091       27.9279     0.1036061     0.0001629     0.0000000     0.0000000     0.0001629     0.0000000     0.0000000     0.0000000     0.0000000     0.0000000 
          92.            0.       20.0000       0.70974        2.1379        2.0620        2.1088        2.0951         0.093       27.9214     0.1034844     0.0001618     0.0000000     0.0000000     0.0001618     0.0000000     0.0000000     0.0000000     0.0000000     0.0000000 
          92.            0.       20.0000       0.70906        2.1381        2.0621        2.1090        2.0953         0.095       27.9149     0.1033635     0.0001607     0.0000000     0.0000000     0.0001607     0.0000000     0.0000000     0.0000000     0.0000000     0.0000000 
          92.            0.       20.0000       0.70839        2.1383        2.0622        2.1092        2.0955         0.096       27.9085     0.1032434     0.0001597     0.0000000     0.0000000     0.0001597     0.0000000     0.0000000     0.0000000     0.0000000     0.0000000 
          93.            0.       20.0000       0.70772        2.1385        2.0623        2.1094        2.0958         0.098       27.9022     0.1031240     0.0001586     0.0000000     0.0000000     0.0001586     0.0000000     0.0000000     0.0000000     0.0000000     0.0000000 
          94.            0.       20.0000       0.70705        2.1387        2.0623        2.1096        2.0960         0.100       27.8959     0.1030054     0.0001576     0.0000000     0.0000000     0.0001576     0.0000000     0.0000000     0.0000000     0.0000000     0.0000000 
          94.            0.       20.0000       0.70639        2.1390        2.0624        2.1099        2.0962         0.102       27.8897     0.1028876     0.0001566     0.0000000     0.0000000     0.0001566     0.0000000     0.0000000     0.0000000     0.0000000     0.0000000 
          94.            0.       20.0000       0.70573        2.1392        2.0625        2.1101        2.0964         0.104       27.8836     0.1027704     0.0001555     0.0000000     0.0000000     0.0001555     0.0000000     0.0000000     0.0000000     0.0000000     0.0000000 
          95.            0.       20.0000       0.70508        2.1394        2.0626        2.1103        2.0966         0.106       27.8775     0.1026541     0.0001545     0.0000000     0.0000000     0.0001545     0.0000000     0.0000000     0.0000000     0.0000000     0.0000000 
          96.            0.       20.0000       0.70443        2.1396        2.0626        2.1105        2.0968         0.108       27.8715     0.1025385     0.0001535     0.0000000     0.0000000     0.0001535     0.0000000     0.0000000     0.0000000     0.0000000     0.0000000 
          96.            0.       20.0000       0.70378        2.1398        2.0627        2.1107        2.0971         0.110       27.8656     0.1024236     0.0001526     0.0000000     0.0000000     0.0001526     0.0000000     0.0000000     0.0000000     0.0000000     0.0000000 
          96.            0.       20.0000       0.70314        2.1400        2.0628        2.1109        2.0973         0.112       27.8597     0.1023094     0.0001516     0.0000000     0.0000000     0.0001516     0.0000000     0.0000000     0.0000000     0.0000000     0.0000000 
          97.            0.       20.0000       0.70250        2.1402        2.0629        2.1111        2.0975         0.114       27.8539     0.1021960     0.0001506     0.0000000     0.0000000     0.0001506     0.0000000     0.0000000     0.0000000     0.0000000     0.0000000 
          98.            0.       20.0000       0.70186        2.1404        2.0629        2.1113        2.0977         0.116       27.8481     0.1020832     0.0001497     0.0000000     0.0000000     0.0001497     0.0000000     0.0000000     0.0000000     0.0000000     0.0000000 
          98.            0.       20.0000       0.70123        2.1407        2.0630        2.1115        2.0979         0.118       27.8424     0.1019711     0.0001487     0.0000000     0.0000000     0.0001487     0.0000000     0.0000000     0.0000000     0.0000000     0.0000000 
          98.            0.       20.0000       0.70061        2.1409        2.0631        2.1118        2.0981         0.120       27.8367     0.1018597     0.0001478     0.0000000     0.0000000     0.0001478     0.0000000     0.0000000     0.0000000     0.0000000     0.0000000 
          99.            0.       20.0000       0.69998        2.1411        2.0632        2.1120        2.0983         0.122       27.8311     0.1017490     0.0001469     0.0000000     0.0000000     0.0001469     0.0000000     0.0000000     0.0000000     0.0000000     0.0000000 
         100.            0.       20.0000       0.69936        2.1413        2.0633        2.1122        2.0985         0.124       27.8256     0.1016390     0.0001460     0.0000000     0.0000000     0.0001460     0.0000000     0.0000000     0.0000000     0.0000000     0.0000000 
         100.            0.       20.0000       0.69875        2.1415        2.0633        2.1124        2.0987         0.126       27.8201     0.1015300     0.0001451     0.0000000     0.0000000     0.0001451     0.0000000     0.0000000     0.0000000     0.0000000     0.0000000 
