%
%
% Run:2017  Table:COMPGRID          SWAN version:41.10A
%
%       Xp            Yp            Depth         Hsig          Tm_10         TPsmoo        Tm01          Tm02          Dir           Dspr          Steepn        Dissip        Ssurf         Sfric         Swcap         Redist        Snl3          Snl4          Genera        Swind    
%       [m]           [m]           [m]           [m]           [sec]         [sec]         [sec]         [sec]         [degr]        [degr]        [ ]           [m2/s]        [m2/s]        [m2/s]        [m2/s]        [m2/s]        [m2/s]        [m2/s]        [m2/s]        [m2/s]   
%
           0.            0.       19.0000       0.51029        7.2127        8.0137        6.5838        5.8953         0.048       35.8937     0.0099417     0.0000000     0.0000000     0.0000000     0.0000000     0.0000000     0.0000000     0.0000000     0.0000000     0.0000000 
           0.            0.       19.0000       0.51028        7.2127        8.0137        6.5838        5.8953         0.048       35.8936     0.0099417     0.0000009     0.0000000     0.0000009     0.0000000     0.0000000     0.0000000     0.0000000     0.0000000     0.0000000 
           1.            0.       19.0000       0.51028        7.2127        8.0137        6.5838        5.8954         0.047       35.8936     0.0099416     0.0000009     0.0000000     0.0000009     0.0000000     0.0000000     0.0000000     0.0000000     0.0000000     0.0000000 
           2.            0.       19.0000       0.51028        7.2127        8.0137        6.5838        5.8954         0.047       35.8935     0.0099416     0.0000009     0.0000000     0.0000009     0.0000000     0.0000000     0.0000000     0.0000000     0.0000000     0.0000000 
           2.            0.       19.0000       0.51028        7.2127        8.0137        6.5838        5.8954         0.047       35.8935     0.0099415     0.0000009     0.0000000     0.0000009     0.0000000     0.0000000     0.0000000     0.0000000     0.0000000     0.0000000 
           2.            0.       19.0000       0.51028        7.2127        8.0137        6.5838        5.8954         0.046       35.8934     0.0099415     0.0000009     0.0000000     0.0000009     0.0000000     0.0000000     0.0000000     0.0000000     0.0000000     0.0000000 
           3.            0.       19.0000       0.51028        7.2127        8.0137        6.5838        5.8954         0.046       35.8934     0.0099414     0.0000009     0.0000000     0.0000009     0.0000000     0.0000000     0.0000000     0.0000000     0.0000000     0.0000000 
           4.            0.       19.0000       0.51028        7.2127        8.0137        6.5838        5.8954         0.046       35.8933     0.0099414     0.0000009     0.0000000     0.0000009     0.0000000     0.0000000     0.0000000     0.0000000     0.0000000     0.0000000 
           4.            0.       19.0000       0.51028        7.2127        8.0137        6.5838        5.8954         0.046       35.8933     0.0099413     0.0000009     0.0000000     0.0000009     0.0000000     0.0000000     0.0000000     0.0000000     0.0000000     0.0000000 
           4.            0.       19.0000       0.51027        7.2127        8.0137        6.5838        5.8954         0.045       35.8932     0.0099413     0.0000009     0.0000000     0.0000009     0.0000000     0.0000000     0.0000000     0.0000000     0.0000000     0.0000000 
           5.            0.       19.0000       0.51027        7.2127        8.0137        6.5839        5.8954         0.045       35.8932     0.0099412     0.0000009     0.0000000     0.0000009     0.0000000     0.0000000     0.0000000     0.0000000     0.0000000     0.0000000 
           6.            0.       19.0000       0.51027        7.2127        8.0137        6.5839        5.8954         0.045       35.8931     0.0099412     0.0000009     0.0000000     0.0000009     0.0000000     0.0000000     0.0000000     0.0000000     0.0000000     0.0000000 
           6.            0.       19.0000       0.51027        7.2127        8.0137        6.5839        5.8954         0.044       35.8931     0.0099411     0.0000009     0.0000000     0.0000009     0.0000000     0.0000000     0.0000000     0.0000000     0.0000000     0.0000000 
           6.            0.       19.0000       0.51027        7.2127        8.0137        6.5839        5.8954         0.044       35.8930     0.0099411     0.0000009     0.0000000     0.0000009     0.0000000     0.0000000     0.0000000     0.0000000     0.0000000     0.0000000 
           7.            0.       19.0000       0.51027        7.2127        8.0137        6.5839        5.8955         0.044       35.8930     0.0099410     0.0000009     0.0000000     0.0000009     0.0000000     0.0000000     0.0000000     0.0000000     0.0000000     0.0000000 
           8.            0.       19.0000       0.51027        7.2127        8.0137        6.5839        5.8955         0.044       35.8930     0.0099409     0.0000009     0.0000000     0.0000009     0.0000000     0.0000000     0.0000000     0.0000000     0.0000000     0.0000000 
           8.            0.       19.0000       0.51026        7.2127        8.0137        6.5839        5.8955         0.043       35.8929     0.0099409     0.0000009     0.0000000     0.0000009     0.0000000     0.0000000     0.0000000     0.0000000     0.0000000     0.0000000 
           8.            0.       19.0000       0.51026        7.2127        8.0137        6.5839        5.8955         0.043       35.8929     0.0099408     0.0000009     0.0000000     0.0000009     0.0000000     0.0000000     0.0000000     0.0000000     0.0000000     0.0000000 
           9.            0.       19.0000       0.51026        7.2127        8.0137        6.5839        5.8955         0.043       35.8928     0.0099408     0.0000009     0.0000000     0.0000009     0.0000000     0.0000000     0.0000000     0.0000000     0.0000000     0.0000000 
          10.            0.       19.0000       0.51026        7.2127        8.0137        6.5839        5.8955         0.043       35.8928     0.0099407     0.0000009     0.0000000     0.0000009     0.0000000     0.0000000     0.0000000     0.0000000     0.0000000     0.0000000 
          10.            0.       19.0000       0.51026        7.2127        8.0137        6.5839        5.8955         0.042       35.8927     0.0099407     0.0000009     0.0000000     0.0000009     0.0000000     0.0000000     0.0000000     0.0000000     0.0000000     0.0000000 
          10.            0.       19.0000       0.51026        7.2127        8.0137        6.5839        5.8955         0.042       35.8927     0.0099406     0.0000009     0.0000000     0.0000009     0.0000000     0.0000000     0.0000000     0.0000000     0.0000000     0.0000000 
          11.            0.       19.0000       0.51026        7.2127        8.0137        6.5839        5.8955         0.042       35.8927     0.0099406     0.0000009     0.0000000     0.0000009     0.0000000     0.0000000     0.0000000     0.0000000     0.0000000     0.0000000 
          12.            0.       19.0000       0.51026        7.2127        8.0137        6.5839        5.8955         0.042       35.8926     0.0099406     0.0000009     0.0000000     0.0000009     0.0000000     0.0000000     0.0000000     0.0000000     0.0000000     0.0000000 
          12.            0.       19.0000       0.51025        7.2127        8.0137        6.5839        5.8955         0.041       35.8926     0.0099405     0.0000009     0.0000000     0.0000009     0.0000000     0.0000000     0.0000000     0.0000000     0.0000000     0.0000000 
          12.            0.       19.0000       0.51025        7.2127        8.0137        6.5839        5.8955         0.041       35.8925     0.0099405     0.0000009     0.0000000     0.0000009     0.0000000     0.0000000     0.0000000     0.0000000     0.0000000     0.0000000 
          13.            0.       19.0000       0.51025        7.2127        8.0137        6.5839        5.8955         0.041       35.8925     0.0099404     0.0000009     0.0000000     0.0000009     0.0000000     0.0000000     0.0000000     0.0000000     0.0000000     0.0000000 
          14.            0.       19.0000       0.51025        7.2127        8.0137        6.5839        5.8955         0.041       35.8924     0.0099404     0.0000009     0.0000000     0.0000009     0.0000000     0.0000000     0.0000000     0.0000000     0.0000000     0.0000000 
          14.            0.       19.0000       0.51025        7.2127        8.0137        6.5839        5.8955         0.040       35.8924     0.0099403     0.0000009     0.0000000     0.0000009     0.0000000     0.0000000     0.0000000     0.0000000     0.0000000     0.0000000 
          14.            0.       19.0000       0.51025        7.2127        8.0137        6.5839        5.8956         0.040       35.8924     0.0099403     0.0000009     0.0000000     0.0000009     0.0000000     0.0000000     0.0000000     0.0000000     0.0000000     0.0000000 
          15.            0.       19.0000       0.51025        7.2127        8.0137        6.5839        5.8956         0.040       35.8923     0.0099402     0.0000009     0.0000000     0.0000009     0.0000000     0.0000000     0.0000000     0.0000000     0.0000000     0.0000000 
          16.            0.       19.0000       0.51025        7.2127        8.0137        6.5839        5.8956         0.040       35.8923     0.0099402     0.0000009     0.0000000     0.0000009     0.0000000     0.0000000     0.0000000     0.0000000     0.0000000     0.0000000 
          16.            0.       19.0000       0.51024        7.2127        8.0137        6.5839        5.8956         0.039       35.8923     0.0099402     0.0000009     0.0000000     0.0000009     0.0000000     0.0000000     0.0000000     0.0000000     0.0000000     0.0000000 
          16.            0.       19.0000       0.51024        7.2127        8.0137        6.5839        5.8956         0.039       35.8922     0.0099401     0.0000009     0.0000000     0.0000009     0.0000000     0.0000000     0.0000000     0.0000000     0.0000000     0.0000000 
          17.            0.       19.0000       0.51024        7.2127        8.0137        6.5839        5.8956         0.039       35.8922     0.0099401     0.0000009     0.0000000     0.0000009     0.0000000     0.0000000     0.0000000     0.0000000     0.0000000     0.0000000 
          18.            0.       19.0000       0.51024        7.2127        8.0137        6.5839        5.8956         0.039       35.8922     0.0099400     0.0000009     0.0000000     0.0000009     0.0000000     0.0000000     0.0000000     0.0000000     0.0000000     0.0000000 
          18.            0.       19.0000       0.51024        7.2127        8.0137        6.5839        5.8956         0.039       35.8922     0.0099400     0.0000009     0.0000000     0.0000009     0.0000000     0.0000000     0.0000000     0.0000000     0.0000000     0.0000000 
          18.            0.       19.0000       0.51024        7.2127        8.0137        6.5839        5.8956         0.038       35.8921     0.0099400     0.0000009     0.0000000     0.0000009     0.0000000     0.0000000     0.0000000     0.0000000     0.0000000     0.0000000 
          19.            0.       19.0000       0.51024        7.2127        8.0137        6.5839        5.8956         0.038       35.8921     0.0099399     0.0000009     0.0000000     0.0000009     0.0000000     0.0000000     0.0000000     0.0000000     0.0000000     0.0000000 
          20.            0.       19.0000       0.51024        7.2127        8.0137        6.5839        5.8956         0.038       35.8920     0.0099399     0.0000009     0.0000000     0.0000009     0.0000000     0.0000000     0.0000000     0.0000000     0.0000000     0.0000000 
          20.            0.       19.0000       0.51023        7.2127        8.0137        6.5839        5.8956         0.038       35.8920     0.0099399     0.0000009     0.0000000     0.0000009     0.0000000     0.0000000     0.0000000     0.0000000     0.0000000     0.0000000 
          20.            0.       19.0000       0.51023        7.2127        8.0137        6.5839        5.8956         0.038       35.8920     0.0099398     0.0000009     0.0000000     0.0000009     0.0000000     0.0000000     0.0000000     0.0000000     0.0000000     0.0000000 
          21.            0.       19.0000       0.51023        7.2127        8.0137        6.5839        5.8956         0.037       35.8920     0.0099398     0.0000009     0.0000000     0.0000009     0.0000000     0.0000000     0.0000000     0.0000000     0.0000000     0.0000000 
          22.            0.       19.0000       0.51023        7.2127        8.0137        6.5839        5.8956         0.037       35.8920     0.0099398     0.0000009     0.0000000     0.0000009     0.0000000     0.0000000     0.0000000     0.0000000     0.0000000     0.0000000 
          22.            0.       19.0000       0.51023        7.2127        8.0137        6.5839        5.8956         0.037       35.8919     0.0099397     0.0000009     0.0000000     0.0000009     0.0000000     0.0000000     0.0000000     0.0000000     0.0000000     0.0000000 
          22.            0.       19.0000       0.51023        7.2127        8.0137        6.5839        5.8956         0.037       35.8919     0.0099397     0.0000009     0.0000000     0.0000009     0.0000000     0.0000000     0.0000000     0.0000000     0.0000000     0.0000000 
          23.            0.       19.0000       0.51023        7.2127        8.0137        6.5839        5.8956         0.037       35.8919     0.0099397     0.0000009     0.0000000     0.0000009     0.0000000     0.0000000     0.0000000     0.0000000     0.0000000     0.0000000 
          24.            0.       19.0000       0.51023        7.2127        8.0137        6.5839        5.8956         0.037       35.8918     0.0099396     0.0000009     0.0000000     0.0000009     0.0000000     0.0000000     0.0000000     0.0000000     0.0000000     0.0000000 
          24.            0.       19.0000       0.51022        7.2127        8.0137        6.5839        5.8956         0.036       35.8918     0.0099396     0.0000009     0.0000000     0.0000009     0.0000000     0.0000000     0.0000000     0.0000000     0.0000000     0.0000000 
          24.            0.       19.0000       0.51022        7.2127        8.0137        6.5839        5.8956         0.036       35.8918     0.0099396     0.0000009     0.0000000     0.0000009     0.0000000     0.0000000     0.0000000     0.0000000     0.0000000     0.0000000 
          25.            0.       19.0000       0.51022        7.2127        8.0137        6.5839        5.8956         0.036       35.8918     0.0099395     0.0000009     0.0000000     0.0000009     0.0000000     0.0000000     0.0000000     0.0000000     0.0000000     0.0000000 
          26.            0.       19.0000       0.51022        7.2127        8.0137        6.5839        5.8956         0.036       35.8918     0.0099395     0.0000009     0.0000000     0.0000009     0.0000000     0.0000000     0.0000000     0.0000000     0.0000000     0.0000000 
          26.            0.       19.0000       0.51022        7.2127        8.0137        6.5839        5.8956         0.036       35.8917     0.0099395     0.0000009     0.0000000     0.0000009     0.0000000     0.0000000     0.0000000     0.0000000     0.0000000     0.0000000 
          26.            0.       19.0000       0.51022        7.2127        8.0137        6.5839        5.8956         0.036       35.8917     0.0099394     0.0000009     0.0000000     0.0000009     0.0000000     0.0000000     0.0000000     0.0000000     0.0000000     0.0000000 
          27.            0.       19.0000       0.51022        7.2127        8.0137        6.5839        5.8956         0.035       35.8917     0.0099394     0.0000009     0.0000000     0.0000009     0.0000000     0.0000000     0.0000000     0.0000000     0.0000000     0.0000000 
          28.            0.       19.0000       0.51022        7.2127        8.0137        6.5839        5.8956         0.035       35.8917     0.0099394     0.0000009     0.0000000     0.0000009     0.0000000     0.0000000     0.0000000     0.0000000     0.0000000     0.0000000 
          28.            0.       19.0000       0.51021        7.2127        8.0137        6.5839        5.8956         0.035       35.8917     0.0099394     0.0000009     0.0000000     0.0000009     0.0000000     0.0000000     0.0000000     0.0000000     0.0000000     0.0000000 
          28.            0.       19.0000       0.51021        7.2127        8.0137        6.5839        5.8956         0.035       35.8917     0.0099393     0.0000009     0.0000000     0.0000009     0.0000000     0.0000000     0.0000000     0.0000000     0.0000000     0.0000000 
          29.            0.       19.0000       0.51021        7.2127        8.0137        6.5839        5.8956         0.035       35.8916     0.0099393     0.0000009     0.0000000     0.0000009     0.0000000     0.0000000     0.0000000     0.0000000     0.0000000     0.0000000 
          30.            0.       19.0000       0.51021        7.2127        8.0137        6.5839        5.8956         0.035       35.8916     0.0099393     0.0000009     0.0000000     0.0000009     0.0000000     0.0000000     0.0000000     0.0000000     0.0000000     0.0000000 
          30.            0.       19.0000       0.51021        7.2127        8.0137        6.5839        5.8956         0.035       35.8916     0.0099393     0.0000009     0.0000000     0.0000009     0.0000000     0.0000000     0.0000000     0.0000000     0.0000000     0.0000000 
          30.            0.       19.0000       0.51021        7.2127        8.0137        6.5839        5.8956         0.034       35.8916     0.0099392     0.0000009     0.0000000     0.0000009     0.0000000     0.0000000     0.0000000     0.0000000     0.0000000     0.0000000 
          31.            0.       19.0000       0.51021        7.2126        8.0137        6.5839        5.8956         0.034       35.8916     0.0099392     0.0000009     0.0000000     0.0000009     0.0000000     0.0000000     0.0000000     0.0000000     0.0000000     0.0000000 
          32.            0.       19.0000       0.51021        7.2126        8.0137        6.5839        5.8956         0.034       35.8916     0.0099392     0.0000009     0.0000000     0.0000009     0.0000000     0.0000000     0.0000000     0.0000000     0.0000000     0.0000000 
          32.            0.       19.0000       0.51020        7.2126        8.0137        6.5839        5.8956         0.034       35.8916     0.0099392     0.0000009     0.0000000     0.0000009     0.0000000     0.0000000     0.0000000     0.0000000     0.0000000     0.0000000 
          32.            0.       19.0000       0.51020        7.2126        8.0137        6.5839        5.8956         0.034       35.8916     0.0099391     0.0000009     0.0000000     0.0000009     0.0000000     0.0000000     0.0000000     0.0000000     0.0000000     0.0000000 
          33.            0.       19.0000       0.51020        7.2126        8.0137        6.5839        5.8956         0.034       35.8915     0.0099391     0.0000009     0.0000000     0.0000009     0.0000000     0.0000000     0.0000000     0.0000000     0.0000000     0.0000000 
          34.            0.       19.0000       0.51020        7.2126        8.0137        6.5839        5.8956         0.034       35.8916     0.0099391     0.0000009     0.0000000     0.0000009     0.0000000     0.0000000     0.0000000     0.0000000     0.0000000     0.0000000 
          34.            0.       19.0000       0.51020        7.2126        8.0137        6.5839        5.8956         0.034       35.8918     0.0099391     0.0000009     0.0000000     0.0000009     0.0000000     0.0000000     0.0000000     0.0000000     0.0000000     0.0000000 
          34.            0.       19.0000       0.51020        7.2126        8.0137        6.5839        5.8957         0.033       35.8923     0.0099390     0.0000009     0.0000000     0.0000009     0.0000000     0.0000000     0.0000000     0.0000000     0.0000000     0.0000000 
          35.            0.       19.0000       0.51020        7.2126        8.0137        6.5839        5.8957         0.033       35.8939     0.0099390     0.0000009     0.0000000     0.0000009     0.0000000     0.0000000     0.0000000     0.0000000     0.0000000     0.0000000 
          36.            0.       19.0000       0.51021        7.2127        8.0137        6.5839        5.8957         0.033       35.8986     0.0099390     0.0000009     0.0000000     0.0000009     0.0000000     0.0000000     0.0000000     0.0000000     0.0000000     0.0000000 
          36.            0.       19.0000       0.50980        7.2113        8.0135        6.5822        5.8937         0.035       35.7771     0.0099373     0.0000009     0.0000000     0.0000009     0.0000000     0.0000000     0.0000000     0.0000000     0.0000000     0.0000000 
          36.            0.       18.0000       0.50787        7.2126        8.0157        6.5799        5.8880         0.038       35.5141     0.0099863     0.0000010     0.0000000     0.0000010     0.0000000     0.0000000     0.0000000     0.0000000     0.0000000     0.0000000 
          37.            0.       17.0000       0.50598        7.2150        8.0182        6.5787        5.8832         0.041       35.2192     0.0100430     0.0000012     0.0000000     0.0000012     0.0000000     0.0000000     0.0000000     0.0000000     0.0000000     0.0000000 
          38.            0.       16.0000       0.50426        7.2190        8.0208        6.5792        5.8800         0.045       34.9129     0.0101092     0.0000013     0.0000000     0.0000013     0.0000000     0.0000000     0.0000000     0.0000000     0.0000000     0.0000000 
          38.            0.       15.0000       0.50281        7.2251        8.0236        6.5821        5.8790         0.048       34.6091     0.0101875     0.0000015     0.0000000     0.0000015     0.0000000     0.0000000     0.0000000     0.0000000     0.0000000     0.0000000 
          38.            0.       14.0000       0.50171        7.2334        8.0266        6.5876        5.8806         0.052       34.3134     0.0102806     0.0000017     0.0000000     0.0000017     0.0000000     0.0000000     0.0000000     0.0000000     0.0000000     0.0000000 
          39.            0.       13.0000       0.50103        7.2442        8.0297        6.5963        5.8854         0.056       34.0291     0.0103932     0.0000020     0.0000000     0.0000020     0.0000000     0.0000000     0.0000000     0.0000000     0.0000000     0.0000000 
          40.            0.       12.0000       0.50090        7.2579        8.0331        6.6086        5.8941         0.060       33.7605     0.0105294     0.0000023     0.0000000     0.0000023     0.0000000     0.0000000     0.0000000     0.0000000     0.0000000     0.0000000 
          40.            0.       11.0000       0.50145        7.2747        8.0365        6.6253        5.9075         0.066       33.5130     0.0106969     0.0000027     0.0000000     0.0000027     0.0000000     0.0000000     0.0000000     0.0000000     0.0000000     0.0000000 
          40.            0.       10.0000       0.50288        7.2950        8.0401        6.6470        5.9268         0.072       33.2940     0.0109056     0.0000032     0.0000000     0.0000032     0.0000000     0.0000000     0.0000000     0.0000000     0.0000000     0.0000000 
          41.            0.        9.0000       0.50546        7.3190        8.0438        6.6748        5.9535         0.080       33.1126     0.0111699     0.0000038     0.0000000     0.0000038     0.0000000     0.0000000     0.0000000     0.0000000     0.0000000     0.0000000 
          42.            0.        8.0000       0.50953        7.3471        8.0476        6.7097        5.9898         0.089       32.9787     0.0115106     0.0000047     0.0000000     0.0000047     0.0000000     0.0000000     0.0000000     0.0000000     0.0000000     0.0000000 
          42.            0.        7.0000       0.51561        7.3797        8.0514        6.7533        6.0389         0.101       32.9003     0.0119596     0.0000059     0.0000000     0.0000059     0.0000000     0.0000000     0.0000000     0.0000000     0.0000000     0.0000000 
          42.            0.        6.0000       0.52442        7.4169        8.0552        6.8074        6.1055         0.116       32.8781     0.0125698     0.0000076     0.0000000     0.0000076     0.0000000     0.0000000     0.0000000     0.0000000     0.0000000     0.0000000 
          43.            0.        5.0000       0.53710        7.4588        8.0589        6.8739        6.1953         0.135       32.8937     0.0134380     0.0000103     0.0000000     0.0000103     0.0000000     0.0000000     0.0000000     0.0000000     0.0000000     0.0000000 
          44.            0.        4.0000       0.55557        7.5043        8.0625        6.9524        6.3114         0.160       32.8888     0.0147682     0.0000147     0.0000000     0.0000147     0.0000000     0.0000000     0.0000000     0.0000000     0.0000000     0.0000000 
          44.            0.        3.0000       0.58354        7.5511        8.0660        7.0383        6.4480         0.191       32.7308     0.0170331     0.0000230     0.0000000     0.0000230     0.0000000     0.0000000     0.0000000     0.0000000     0.0000000     0.0000000 
          44.            0.        2.0000       0.62997        7.5964        8.0693        7.1238        6.5906         0.223       32.1625     0.0215121     0.0000443     0.0000016     0.0000427     0.0000001     0.0000000     0.0000000     0.0000000     0.0000000     0.0000000 
          45.            0.        1.0000       0.72498        7.6383        8.0727        7.2027        6.7254         0.230       31.4744     0.0336473     0.0036875     0.0035673     0.0001197     0.0000004     0.0000000     0.0000000     0.0000000     0.0000000     0.0000000 
          46.            0.        1.0000       0.71719        7.6402        8.0728        7.2058        6.7305         0.209       31.2834     0.0332631     0.0034798     0.0033622     0.0001172     0.0000004     0.0000000     0.0000000     0.0000000     0.0000000     0.0000000 
          46.            0.        1.0000       0.71141        7.6416        8.0730        7.2085        6.7350         0.206       31.6252     0.0329753     0.0033301     0.0032144     0.0001153     0.0000004     0.0000000     0.0000000     0.0000000     0.0000000     0.0000000 
          46.            0.        1.0000       0.70596        7.6429        8.0731        7.2108        6.7389         0.205       32.0557     0.0327059     0.0031929     0.0030790     0.0001135     0.0000004     0.0000000     0.0000000     0.0000000     0.0000000     0.0000000 
          47.            0.        1.0000       0.70077        7.6440        8.0732        7.2129        6.7425         0.207       32.5099     0.0324496     0.0030654     0.0029532     0.0001119     0.0000004     0.0000000     0.0000000     0.0000000     0.0000000     0.0000000 
          48.            0.        1.0000       0.69579        7.6452        8.0733        7.2150        6.7460         0.211       32.9699     0.0322043     0.0029463     0.0028356     0.0001103     0.0000003     0.0000000     0.0000000     0.0000000     0.0000000     0.0000000 
          48.            0.        1.0000       0.69101        7.6462        8.0733        7.2169        6.7493         0.214       33.4296     0.0319687     0.0028347     0.0027255     0.0001088     0.0000003     0.0000000     0.0000000     0.0000000     0.0000000     0.0000000 
          48.            0.        1.0000       0.68641        7.6473        8.0734        7.2189        6.7526         0.218       33.8867     0.0317422     0.0027299     0.0026222     0.0001074     0.0000003     0.0000000     0.0000000     0.0000000     0.0000000     0.0000000 
          49.            0.        1.0000       0.68198        7.6483        8.0735        7.2207        6.7558         0.222       34.3406     0.0315242     0.0026314     0.0025251     0.0001060     0.0000003     0.0000000     0.0000000     0.0000000     0.0000000     0.0000000 
          50.            0.        1.0000       0.67772        7.6493        8.0736        7.2226        6.7589         0.226       34.7910     0.0313143     0.0025387     0.0024337     0.0001047     0.0000003     0.0000000     0.0000000     0.0000000     0.0000000     0.0000000 
          50.            0.        1.0000       0.67361        7.6503        8.0737        7.2243        6.7619         0.230       35.2378     0.0311120     0.0024514     0.0023477     0.0001034     0.0000003     0.0000000     0.0000000     0.0000000     0.0000000     0.0000000 
          50.            0.        1.0000       0.66964        7.6512        8.0738        7.2261        6.7648         0.233       35.6810     0.0309169     0.0023690     0.0022665     0.0001022     0.0000003     0.0000000     0.0000000     0.0000000     0.0000000     0.0000000 
          51.            0.        1.0000       0.66582        7.6522        8.0738        7.2277        6.7676         0.237       36.1206     0.0307288     0.0022912     0.0021899     0.0001010     0.0000003     0.0000000     0.0000000     0.0000000     0.0000000     0.0000000 
          52.            0.        1.0000       0.66212        7.6531        8.0739        7.2294        6.7704         0.241       36.5567     0.0305471     0.0022177     0.0021175     0.0000999     0.0000003     0.0000000     0.0000000     0.0000000     0.0000000     0.0000000 
          52.            0.        1.0000       0.65856        7.6540        8.0740        7.2310        6.7731         0.245       36.9894     0.0303717     0.0021482     0.0020491     0.0000989     0.0000002     0.0000000     0.0000000     0.0000000     0.0000000     0.0000000 
          52.            0.        1.0000       0.65511        7.6548        8.0741        7.2326        6.7757         0.250       37.4190     0.0302024     0.0020824     0.0019843     0.0000978     0.0000002     0.0000000     0.0000000     0.0000000     0.0000000     0.0000000 
          53.            0.        1.0000       0.65179        7.6557        8.0741        7.2341        6.7783         0.255       37.8461     0.0300390     0.0020202     0.0019231     0.0000969     0.0000002     0.0000000     0.0000000     0.0000000     0.0000000     0.0000000 
          54.            0.        1.0000       0.64860        7.6565        8.0742        7.2356        6.7809         0.260       38.2725     0.0298820     0.0019616     0.0018655     0.0000959     0.0000002     0.0000000     0.0000000     0.0000000     0.0000000     0.0000000 
          54.            0.        1.0000       0.64559        7.6573        8.0743        7.2371        6.7833         0.268       38.7033     0.0297333     0.0019072     0.0018120     0.0000950     0.0000002     0.0000000     0.0000000     0.0000000     0.0000000     0.0000000 
          54.            0.        1.0000       0.64289        7.6581        8.0743        7.2385        6.7858         0.275       39.1479     0.0295995     0.0018593     0.0017649     0.0000942     0.0000002     0.0000000     0.0000000     0.0000000     0.0000000     0.0000000 
          55.            0.        1.0000       0.64368        7.6567        8.0742        7.2361        6.7818         0.298       40.2957     0.0296515     0.0018732     0.0017785     0.0000945     0.0000002     0.0000000     0.0000000     0.0000000     0.0000000     0.0000000 
          56.            0.        2.0000       0.55842        7.6143        8.0707        7.1578        6.6490         0.282       42.0009     0.0189051     0.0000337     0.0000001     0.0000336     0.0000000     0.0000000     0.0000000     0.0000000     0.0000000     0.0000000 
          56.            0.        3.0000       0.51977        7.5720        8.0672        7.0811        6.5233         0.234       42.9781     0.0149847     0.0000183     0.0000000     0.0000183     0.0000000     0.0000000     0.0000000     0.0000000     0.0000000     0.0000000 
          56.            0.        4.0000       0.49686        7.5321        8.0638        7.0109        6.4133         0.195       43.5375     0.0129632     0.0000118     0.0000000     0.0000118     0.0000000     0.0000000     0.0000000     0.0000000     0.0000000     0.0000000 
          57.            0.        5.0000       0.48140        7.4959        8.0604        6.9503        6.3240         0.170       43.7833     0.0117353     0.0000083     0.0000000     0.0000083     0.0000000     0.0000000     0.0000000     0.0000000     0.0000000     0.0000000 
          58.            0.        6.0000       0.47010        7.4634        8.0572        6.8994        6.2541         0.153       43.7951     0.0109080     0.0000062     0.0000000     0.0000062     0.0000000     0.0000000     0.0000000     0.0000000     0.0000000     0.0000000 
          58.            0.        7.0000       0.46140        7.4341        8.0539        6.8563        6.1987         0.141       43.6320     0.0103118     0.0000048     0.0000000     0.0000048     0.0000000     0.0000000     0.0000000     0.0000000     0.0000000     0.0000000 
          58.            0.        8.0000       0.45448        7.4074        8.0506        6.8192        6.1538         0.133       43.3375     0.0098629     0.0000038     0.0000000     0.0000038     0.0000000     0.0000000     0.0000000     0.0000000     0.0000000     0.0000000 
          59.            0.        9.0000       0.44884        7.3831        8.0474        6.7869        6.1163         0.127       42.9440     0.0095148     0.0000031     0.0000000     0.0000031     0.0000000     0.0000000     0.0000000     0.0000000     0.0000000     0.0000000 
          60.            0.       10.0000       0.44417        7.3608        8.0441        6.7584        6.0845         0.122       42.4751     0.0092389     0.0000025     0.0000000     0.0000025     0.0000000     0.0000000     0.0000000     0.0000000     0.0000000     0.0000000 
          60.            0.       11.0000       0.44024        7.3403        8.0408        6.7331        6.0570         0.118       41.9470     0.0090164     0.0000021     0.0000000     0.0000021     0.0000000     0.0000000     0.0000000     0.0000000     0.0000000     0.0000000 
          60.            0.       12.0000       0.43689        7.3214        8.0375        6.7105        6.0329         0.114       41.3688     0.0088343     0.0000018     0.0000000     0.0000018     0.0000000     0.0000000     0.0000000     0.0000000     0.0000000     0.0000000 
          61.            0.       13.0000       0.43397        7.3040        8.0343        6.6901        6.0116         0.110       40.7421     0.0086834     0.0000015     0.0000000     0.0000015     0.0000000     0.0000000     0.0000000     0.0000000     0.0000000     0.0000000 
          62.            0.       14.0000       0.43135        7.2877        8.0311        6.6714        5.9923         0.105       40.0603     0.0085561     0.0000013     0.0000000     0.0000013     0.0000000     0.0000000     0.0000000     0.0000000     0.0000000     0.0000000 
          62.            0.       15.0000       0.42890        7.2721        8.0279        6.6538        5.9741         0.099       39.3084     0.0084485     0.0000011     0.0000000     0.0000011     0.0000000     0.0000000     0.0000000     0.0000000     0.0000000     0.0000000 
          62.            0.       16.0000       0.42650        7.2568        8.0246        6.6365        5.9563         0.094       38.4638     0.0083562     0.0000009     0.0000000     0.0000009     0.0000000     0.0000000     0.0000000     0.0000000     0.0000000     0.0000000 
          63.            0.       17.0000       0.42405        7.2412        8.0211        6.6190        5.9383         0.088       37.5055     0.0082764     0.0000008     0.0000000     0.0000008     0.0000000     0.0000000     0.0000000     0.0000000     0.0000000     0.0000000 
          64.            0.       18.0000       0.42157        7.2251        8.0173        6.6012        5.9200         0.082       36.4472     0.0082075     0.0000007     0.0000000     0.0000007     0.0000000     0.0000000     0.0000000     0.0000000     0.0000000     0.0000000 
          64.            0.       19.0000       0.41936        7.2096        8.0132        6.5844        5.9031         0.078       35.3472     0.0081492     0.0000006     0.0000000     0.0000006     0.0000000     0.0000000     0.0000000     0.0000000     0.0000000     0.0000000 
          64.            0.       19.0000       0.41778        7.2032        8.0122        6.5761        5.8935         0.075       34.7551     0.0081426     0.0000006     0.0000000     0.0000006     0.0000000     0.0000000     0.0000000     0.0000000     0.0000000     0.0000000 
          65.            0.       19.0000       0.41780        7.2032        8.0122        6.5762        5.8936         0.076       34.7808     0.0081428     0.0000006     0.0000000     0.0000006     0.0000000     0.0000000     0.0000000     0.0000000     0.0000000     0.0000000 
          66.            0.       19.0000       0.41781        7.2032        8.0122        6.5762        5.8936         0.076       34.7893     0.0081429     0.0000006     0.0000000     0.0000006     0.0000000     0.0000000     0.0000000     0.0000000     0.0000000     0.0000000 
          66.            0.       19.0000       0.41781        7.2032        8.0122        6.5762        5.8936         0.076       34.7921     0.0081430     0.0000006     0.0000000     0.0000006     0.0000000     0.0000000     0.0000000     0.0000000     0.0000000     0.0000000 
          66.            0.       19.0000       0.41781        7.2032        8.0122        6.5762        5.8936         0.076       34.7930     0.0081430     0.0000006     0.0000000     0.0000006     0.0000000     0.0000000     0.0000000     0.0000000     0.0000000     0.0000000 
          67.            0.       19.0000       0.41781        7.2032        8.0122        6.5762        5.8936         0.076       34.7932     0.0081431     0.0000006     0.0000000     0.0000006     0.0000000     0.0000000     0.0000000     0.0000000     0.0000000     0.0000000 
          68.            0.       19.0000       0.41781        7.2032        8.0122        6.5761        5.8935         0.077       34.7933     0.0081431     0.0000006     0.0000000     0.0000006     0.0000000     0.0000000     0.0000000     0.0000000     0.0000000     0.0000000 
          68.            0.       19.0000       0.41781        7.2032        8.0122        6.5761        5.8935         0.077       34.7932     0.0081432     0.0000006     0.0000000     0.0000006     0.0000000     0.0000000     0.0000000     0.0000000     0.0000000     0.0000000 
          68.            0.       19.0000       0.41781        7.2032        8.0122        6.5761        5.8935         0.077       34.7932     0.0081432     0.0000006     0.0000000     0.0000006     0.0000000     0.0000000     0.0000000     0.0000000     0.0000000     0.0000000 
          69.            0.       19.0000       0.41781        7.2032        8.0122        6.5761        5.8934         0.077       34.7932     0.0081433     0.0000006     0.0000000     0.0000006     0.0000000     0.0000000     0.0000000     0.0000000     0.0000000     0.0000000 
          70.            0.       19.0000       0.41780        7.2031        8.0122        6.5760        5.8934         0.078       34.7931     0.0081434     0.0000006     0.0000000     0.0000006     0.0000000     0.0000000     0.0000000     0.0000000     0.0000000     0.0000000 
          70.            0.       19.0000       0.41780        7.2031        8.0122        6.5760        5.8934         0.078       34.7930     0.0081435     0.0000006     0.0000000     0.0000006     0.0000000     0.0000000     0.0000000     0.0000000     0.0000000     0.0000000 
          70.            0.       19.0000       0.41780        7.2031        8.0122        6.5760        5.8933         0.078       34.7930     0.0081435     0.0000006     0.0000000     0.0000006     0.0000000     0.0000000     0.0000000     0.0000000     0.0000000     0.0000000 
          71.            0.       19.0000       0.41780        7.2031        8.0122        6.5760        5.8933         0.078       34.7930     0.0081436     0.0000006     0.0000000     0.0000006     0.0000000     0.0000000     0.0000000     0.0000000     0.0000000     0.0000000 
          72.            0.       19.0000       0.41780        7.2031        8.0122        6.5760        5.8933         0.079       34.7929     0.0081437     0.0000006     0.0000000     0.0000006     0.0000000     0.0000000     0.0000000     0.0000000     0.0000000     0.0000000 
          72.            0.       19.0000       0.41780        7.2031        8.0122        6.5759        5.8932         0.079       34.7929     0.0081438     0.0000006     0.0000000     0.0000006     0.0000000     0.0000000     0.0000000     0.0000000     0.0000000     0.0000000 
          72.            0.       19.0000       0.41780        7.2031        8.0122        6.5759        5.8932         0.079       34.7929     0.0081439     0.0000006     0.0000000     0.0000006     0.0000000     0.0000000     0.0000000     0.0000000     0.0000000     0.0000000 
          73.            0.       19.0000       0.41780        7.2031        8.0122        6.5759        5.8931         0.079       34.7929     0.0081440     0.0000006     0.0000000     0.0000006     0.0000000     0.0000000     0.0000000     0.0000000     0.0000000     0.0000000 
          74.            0.       19.0000       0.41780        7.2030        8.0122        6.5758        5.8931         0.080       34.7928     0.0081441     0.0000006     0.0000000     0.0000006     0.0000000     0.0000000     0.0000000     0.0000000     0.0000000     0.0000000 
          74.            0.       19.0000       0.41780        7.2030        8.0122        6.5758        5.8930         0.080       34.7928     0.0081442     0.0000006     0.0000000     0.0000006     0.0000000     0.0000000     0.0000000     0.0000000     0.0000000     0.0000000 
          74.            0.       19.0000       0.41780        7.2030        8.0122        6.5758        5.8930         0.080       34.7928     0.0081443     0.0000006     0.0000000     0.0000006     0.0000000     0.0000000     0.0000000     0.0000000     0.0000000     0.0000000 
          75.            0.       19.0000       0.41779        7.2030        8.0122        6.5758        5.8929         0.080       34.7928     0.0081444     0.0000006     0.0000000     0.0000006     0.0000000     0.0000000     0.0000000     0.0000000     0.0000000     0.0000000 
          76.            0.       19.0000       0.41779        7.2030        8.0122        6.5757        5.8929         0.081       34.7928     0.0081445     0.0000006     0.0000000     0.0000006     0.0000000     0.0000000     0.0000000     0.0000000     0.0000000     0.0000000 
          76.            0.       19.0000       0.41779        7.2030        8.0122        6.5757        5.8928         0.081       34.7928     0.0081447     0.0000006     0.0000000     0.0000006     0.0000000     0.0000000     0.0000000     0.0000000     0.0000000     0.0000000 
          76.            0.       19.0000       0.41779        7.2030        8.0122        6.5757        5.8928         0.081       34.7929     0.0081448     0.0000006     0.0000000     0.0000006     0.0000000     0.0000000     0.0000000     0.0000000     0.0000000     0.0000000 
          77.            0.       19.0000       0.41779        7.2029        8.0122        6.5756        5.8927         0.082       34.7929     0.0081449     0.0000006     0.0000000     0.0000006     0.0000000     0.0000000     0.0000000     0.0000000     0.0000000     0.0000000 
          78.            0.       19.0000       0.41779        7.2029        8.0122        6.5756        5.8926         0.082       34.7929     0.0081451     0.0000006     0.0000000     0.0000006     0.0000000     0.0000000     0.0000000     0.0000000     0.0000000     0.0000000 
          78.            0.       19.0000       0.41779        7.2029        8.0122        6.5756        5.8926         0.082       34.7929     0.0081452     0.0000006     0.0000000     0.0000006     0.0000000     0.0000000     0.0000000     0.0000000     0.0000000     0.0000000 
          78.            0.       19.0000       0.41779        7.2029        8.0122        6.5755        5.8925         0.082       34.7930     0.0081454     0.0000006     0.0000000     0.0000006     0.0000000     0.0000000     0.0000000     0.0000000     0.0000000     0.0000000 
          79.            0.       19.0000       0.41779        7.2029        8.0122        6.5755        5.8925         0.083       34.7931     0.0081455     0.0000006     0.0000000     0.0000006     0.0000000     0.0000000     0.0000000     0.0000000     0.0000000     0.0000000 
          80.            0.       19.0000       0.41779        7.2028        8.0122        6.5754        5.8924         0.083       34.7931     0.0081457     0.0000006     0.0000000     0.0000006     0.0000000     0.0000000     0.0000000     0.0000000     0.0000000     0.0000000 
          80.            0.       19.0000       0.41779        7.2028        8.0122        6.5754        5.8923         0.083       34.7932     0.0081459     0.0000006     0.0000000     0.0000006     0.0000000     0.0000000     0.0000000     0.0000000     0.0000000     0.0000000 
          80.            0.       19.0000       0.41779        7.2028        8.0122        6.5754        5.8922         0.084       34.7932     0.0081460     0.0000006     0.0000000     0.0000006     0.0000000     0.0000000     0.0000000     0.0000000     0.0000000     0.0000000 
          81.            0.       19.0000       0.41779        7.2028        8.0122        6.5753        5.8922         0.084       34.7933     0.0081462     0.0000006     0.0000000     0.0000006     0.0000000     0.0000000     0.0000000     0.0000000     0.0000000     0.0000000 
          82.            0.       19.0000       0.41779        7.2028        8.0122        6.5753        5.8921         0.084       34.7934     0.0081464     0.0000006     0.0000000     0.0000006     0.0000000     0.0000000     0.0000000     0.0000000     0.0000000     0.0000000 
          82.            0.       19.0000       0.41779        7.2027        8.0122        6.5752        5.8920         0.085       34.7935     0.0081466     0.0000006     0.0000000     0.0000006     0.0000000     0.0000000     0.0000000     0.0000000     0.0000000     0.0000000 
          82.            0.       19.0000       0.41778        7.2027        8.0122        6.5752        5.8919         0.085       34.7936     0.0081468     0.0000006     0.0000000     0.0000006     0.0000000     0.0000000     0.0000000     0.0000000     0.0000000     0.0000000 
          83.            0.       19.0000       0.41778        7.2027        8.0122        6.5751        5.8919         0.085       34.7937     0.0081470     0.0000006     0.0000000     0.0000006     0.0000000     0.0000000     0.0000000     0.0000000     0.0000000     0.0000000 
          84.            0.       19.0000       0.41778        7.2027        8.0122        6.5751        5.8918         0.086       34.7938     0.0081472     0.0000006     0.0000000     0.0000006     0.0000000     0.0000000     0.0000000     0.0000000     0.0000000     0.0000000 
          84.            0.       19.0000       0.41778        7.2027        8.0122        6.5750        5.8917         0.086       34.7939     0.0081474     0.0000006     0.0000000     0.0000006     0.0000000     0.0000000     0.0000000     0.0000000     0.0000000     0.0000000 
          84.            0.       19.0000       0.41778        7.2026        8.0122        6.5750        5.8916         0.086       34.7941     0.0081476     0.0000006     0.0000000     0.0000006     0.0000000     0.0000000     0.0000000     0.0000000     0.0000000     0.0000000 
          85.            0.       19.0000       0.41778        7.2026        8.0122        6.5749        5.8915         0.087       34.7942     0.0081478     0.0000006     0.0000000     0.0000006     0.0000000     0.0000000     0.0000000     0.0000000     0.0000000     0.0000000 
          86.            0.       19.0000       0.41778        7.2026        8.0122        6.5749        5.8914         0.087       34.7943     0.0081481     0.0000006     0.0000000     0.0000006     0.0000000     0.0000000     0.0000000     0.0000000     0.0000000     0.0000000 
          86.            0.       19.0000       0.41778        7.2026        8.0122        6.5748        5.8913         0.087       34.7945     0.0081483     0.0000006     0.0000000     0.0000006     0.0000000     0.0000000     0.0000000     0.0000000     0.0000000     0.0000000 
          86.            0.       19.0000       0.41778        7.2025        8.0122        6.5748        5.8912         0.088       34.7946     0.0081485     0.0000006     0.0000000     0.0000006     0.0000000     0.0000000     0.0000000     0.0000000     0.0000000     0.0000000 
          87.            0.       19.0000       0.41778        7.2025        8.0122        6.5747        5.8911         0.088       34.7948     0.0081488     0.0000006     0.0000000     0.0000006     0.0000000     0.0000000     0.0000000     0.0000000     0.0000000     0.0000000 
          88.            0.       19.0000       0.41778        7.2025        8.0122        6.5747        5.8910         0.089       34.7949     0.0081490     0.0000006     0.0000000     0.0000006     0.0000000     0.0000000     0.0000000     0.0000000     0.0000000     0.0000000 
          88.            0.       19.0000       0.41778        7.2025        8.0122        6.5746        5.8909         0.089       34.7951     0.0081493     0.0000006     0.0000000     0.0000006     0.0000000     0.0000000     0.0000000     0.0000000     0.0000000     0.0000000 
          88.            0.       19.0000       0.41778        7.2024        8.0122        6.5745        5.8908         0.089       34.7953     0.0081495     0.0000006     0.0000000     0.0000006     0.0000000     0.0000000     0.0000000     0.0000000     0.0000000     0.0000000 
          89.            0.       19.0000       0.41778        7.2024        8.0122        6.5745        5.8907         0.090       34.7955     0.0081498     0.0000006     0.0000000     0.0000006     0.0000000     0.0000000     0.0000000     0.0000000     0.0000000     0.0000000 
          90.            0.       19.0000       0.41778        7.2024        8.0122        6.5744        5.8906         0.090       34.7957     0.0081500     0.0000006     0.0000000     0.0000006     0.0000000     0.0000000     0.0000000     0.0000000     0.0000000     0.0000000 
          90.            0.       19.0000       0.41778        7.2024        8.0122        6.5744        5.8905         0.091       34.7959     0.0081503     0.0000006     0.0000000     0.0000006     0.0000000     0.0000000     0.0000000     0.0000000     0.0000000     0.0000000 
          90.            0.       19.0000       0.41778        7.2023        8.0122        6.5743        5.8904         0.091       34.7961     0.0081506     0.0000006     0.0000000     0.0000006     0.0000000     0.0000000     0.0000000     0.0000000     0.0000000     0.0000000 
          91.            0.       19.0000       0.41778        7.2023        8.0122        6.5742        5.8903         0.091       34.7963     0.0081509     0.0000006     0.0000000     0.0000006     0.0000000     0.0000000     0.0000000     0.0000000     0.0000000     0.0000000 
          92.            0.       19.0000       0.41778        7.2023        8.0122        6.5742        5.8902         0.092       34.7965     0.0081511     0.0000006     0.0000000     0.0000006     0.0000000     0.0000000     0.0000000     0.0000000     0.0000000     0.0000000 
          92.            0.       19.0000       0.41778        7.2022        8.0122        6.5741        5.8901         0.092       34.7968     0.0081514     0.0000006     0.0000000     0.0000006     0.0000000     0.0000000     0.0000000     0.0000000     0.0000000     0.0000000 
          92.            0.       19.0000       0.41778        7.2022        8.0122        6.5740        5.8900         0.093       34.7970     0.0081517     0.0000006     0.0000000     0.0000006     0.0000000     0.0000000     0.0000000     0.0000000     0.0000000     0.0000000 
          93.            0.       19.0000       0.41778        7.2022        8.0122        6.5740        5.8899         0.093       34.7972     0.0081520     0.0000006     0.0000000     0.0000006     0.0000000     0.0000000     0.0000000     0.0000000     0.0000000     0.0000000 
          94.            0.       19.0000       0.41778        7.2022        8.0121        6.5739        5.8898         0.093       34.7975     0.0081523     0.0000006     0.0000000     0.0000006     0.0000000     0.0000000     0.0000000     0.0000000     0.0000000     0.0000000 
          94.            0.       19.0000       0.41778        7.2021        8.0121        6.5738        5.8896         0.094       34.7977     0.0081526     0.0000006     0.0000000     0.0000006     0.0000000     0.0000000     0.0000000     0.0000000     0.0000000     0.0000000 
          94.            0.       19.0000       0.41778        7.2021        8.0121        6.5738        5.8895         0.094       34.7980     0.0081529     0.0000006     0.0000000     0.0000006     0.0000000     0.0000000     0.0000000     0.0000000     0.0000000     0.0000000 
          95.            0.       19.0000       0.41778        7.2021        8.0121        6.5737        5.8894         0.095       34.7983     0.0081532     0.0000006     0.0000000     0.0000006     0.0000000     0.0000000     0.0000000     0.0000000     0.0000000     0.0000000 
          96.            0.       19.0000       0.41778        7.2020        8.0121        6.5736        5.8893         0.095       34.7985     0.0081535     0.0000006     0.0000000     0.0000006     0.0000000     0.0000000     0.0000000     0.0000000     0.0000000     0.0000000 
          96.            0.       19.0000       0.41778        7.2020        8.0121        6.5736        5.8892         0.096       34.7988     0.0081538     0.0000006     0.0000000     0.0000006     0.0000000     0.0000000     0.0000000     0.0000000     0.0000000     0.0000000 
          96.            0.       19.0000       0.41778        7.2020        8.0121        6.5735        5.8890         0.096       34.7991     0.0081541     0.0000006     0.0000000     0.0000006     0.0000000     0.0000000     0.0000000     0.0000000     0.0000000     0.0000000 
          97.            0.       19.0000       0.41778        7.2019        8.0121        6.5734        5.8889         0.096       34.7993     0.0081545     0.0000006     0.0000000     0.0000006     0.0000000     0.0000000     0.0000000     0.0000000     0.0000000     0.0000000 
          98.            0.       19.0000       0.41778        7.2019        8.0121        6.5733        5.8888         0.097       34.7996     0.0081548     0.0000006     0.0000000     0.0000006     0.0000000     0.0000000     0.0000000     0.0000000     0.0000000     0.0000000 
          98.            0.       19.0000       0.41778        7.2019        8.0121        6.5733        5.8887         0.097       34.7999     0.0081551     0.0000006     0.0000000     0.0000006     0.0000000     0.0000000     0.0000000     0.0000000     0.0000000     0.0000000 
          98.            0.       19.0000       0.41778        7.2018        8.0121        6.5732        5.8886         0.098       34.8002     0.0081554     0.0000006     0.0000000     0.0000006     0.0000000     0.0000000     0.0000000     0.0000000     0.0000000     0.0000000 
          99.            0.       19.0000       0.41778        7.2018        8.0121        6.5731        5.8884         0.098       34.8005     0.0081557     0.0000006     0.0000000     0.0000006     0.0000000     0.0000000     0.0000000     0.0000000     0.0000000     0.0000000 
         100.            0.       19.0000       0.41778        7.2018        8.0121        6.5731        5.8883         0.099       34.8009     0.0081561     0.0000006     0.0000000     0.0000006     0.0000000     0.0000000     0.0000000     0.0000000     0.0000000     0.0000000 
         100.            0.       19.0000       0.41778        7.2017        8.0121        6.5730        5.8882         0.099       34.8012     0.0081564     0.0000006     0.0000000     0.0000006     0.0000000     0.0000000     0.0000000     0.0000000     0.0000000     0.0000000 
