%
%
% Run:2017  Table:COMPGRID          SWAN version:41.10A
%
%       Xp            Yp            Depth         Hsig          Tm_10         TPsmoo        Tm01          Tm02          Dir           Dspr          Steepn        Dissip        Ssurf         Sfric         Swcap         Redist        Snl3          Snl4          Genera        Swind    
%       [m]           [m]           [m]           [m]           [sec]         [sec]         [sec]         [sec]         [degr]        [degr]        [ ]           [m2/s]        [m2/s]        [m2/s]        [m2/s]        [m2/s]        [m2/s]        [m2/s]        [m2/s]        [m2/s]   
%
           0.            0.       20.0000       1.25482        1.8012        2.0033        1.6426        1.4691         0.002       31.5342     0.3721654     0.0000012     0.0000000     0.0000000     0.0000012     0.0000000     0.0000000     0.0000000     0.0000000     0.0000000 
           0.            0.       20.0000       1.18046        1.8734        2.0058        1.7830        1.7054         0.002       31.0959     0.2597755     0.0169579     0.0000000     0.0000000     0.0169579     0.0000000     0.0000000     0.0000000     0.0000000     0.0000000 
           1.            0.       20.0000       1.13381        1.9121        2.0079        1.8498        1.8144         0.003       30.8234     0.2204350     0.0095297     0.0000000     0.0000000     0.0095297     0.0000000     0.0000000     0.0000000     0.0000000     0.0000000 
           2.            0.       20.0000       1.10327        1.9321        2.0097        1.8773        1.8471         0.003       30.6367     0.2069691     0.0069150     0.0000000     0.0000000     0.0069150     0.0000000     0.0000000     0.0000000     0.0000000     0.0000000 
           2.            0.       20.0000       1.08031        1.9455        2.0112        1.8950        1.8675         0.003       30.4984     0.1982445     0.0055377     0.0000000     0.0000000     0.0055377     0.0000000     0.0000000     0.0000000     0.0000000     0.0000000 
           2.            0.       20.0000       1.06190        1.9554        2.0125        1.9075        1.8817         0.003       30.3847     0.1919412     0.0046786     0.0000000     0.0000000     0.0046786     0.0000000     0.0000000     0.0000000     0.0000000     0.0000000 
           3.            0.       20.0000       1.04633        1.9632        2.0136        1.9172        1.8927         0.004       30.2890     0.1869388     0.0040716     0.0000000     0.0000000     0.0040716     0.0000000     0.0000000     0.0000000     0.0000000     0.0000000 
           4.            0.       20.0000       1.03276        1.9698        2.0147        1.9253        1.9017         0.004       30.2058     0.1827691     0.0036129     0.0000000     0.0000000     0.0036129     0.0000000     0.0000000     0.0000000     0.0000000     0.0000000 
           4.            0.       20.0000       1.02068        1.9754        2.0157        1.9322        1.9093         0.004       30.1318     0.1791879     0.0032515     0.0000000     0.0000000     0.0032515     0.0000000     0.0000000     0.0000000     0.0000000     0.0000000 
           4.            0.       20.0000       1.00976        1.9804        2.0166        1.9382        1.9160         0.004       30.0649     0.1760448     0.0029578     0.0000000     0.0000000     0.0029578     0.0000000     0.0000000     0.0000000     0.0000000     0.0000000 
           5.            0.       20.0000       0.99978        1.9848        2.0174        1.9435        1.9218         0.004       30.0036     0.1732417     0.0027135     0.0000000     0.0000000     0.0027135     0.0000000     0.0000000     0.0000000     0.0000000     0.0000000 
           6.            0.       20.0000       0.99058        1.9889        2.0182        1.9483        1.9271         0.005       29.9470     0.1707115     0.0025068     0.0000000     0.0000000     0.0025068     0.0000000     0.0000000     0.0000000     0.0000000     0.0000000 
           6.            0.       20.0000       0.98205        1.9925        2.0189        1.9526        1.9319         0.005       29.8943     0.1684058     0.0023292     0.0000000     0.0000000     0.0023292     0.0000000     0.0000000     0.0000000     0.0000000     0.0000000 
           6.            0.       20.0000       0.97408        1.9959        2.0196        1.9566        1.9362         0.005       29.8452     0.1662883     0.0021749     0.0000000     0.0000000     0.0021749     0.0000000     0.0000000     0.0000000     0.0000000     0.0000000 
           7.            0.       20.0000       0.96660        1.9991        2.0203        1.9603        1.9402         0.005       29.7990     0.1643311     0.0020396     0.0000000     0.0000000     0.0020396     0.0000000     0.0000000     0.0000000     0.0000000     0.0000000 
           8.            0.       20.0000       0.95956        2.0020        2.0209        1.9637        1.9440         0.005       29.7555     0.1625121     0.0019197     0.0000000     0.0000000     0.0019197     0.0000000     0.0000000     0.0000000     0.0000000     0.0000000 
           8.            0.       20.0000       0.95291        2.0047        2.0215        1.9668        1.9474         0.005       29.7143     0.1608138     0.0018129     0.0000000     0.0000000     0.0018129     0.0000000     0.0000000     0.0000000     0.0000000     0.0000000 
           8.            0.       20.0000       0.94660        2.0073        2.0221        1.9698        1.9506         0.005       29.6753     0.1592213     0.0017171     0.0000000     0.0000000     0.0017171     0.0000000     0.0000000     0.0000000     0.0000000     0.0000000 
           9.            0.       20.0000       0.94060        2.0097        2.0227        1.9726        1.9537         0.006       29.6382     0.1577227     0.0016305     0.0000000     0.0000000     0.0016305     0.0000000     0.0000000     0.0000000     0.0000000     0.0000000 
          10.            0.       20.0000       0.93488        2.0120        2.0232        1.9752        1.9565         0.006       29.6029     0.1563080     0.0015520     0.0000000     0.0000000     0.0015520     0.0000000     0.0000000     0.0000000     0.0000000     0.0000000 
          10.            0.       20.0000       0.92942        2.0142        2.0237        1.9777        1.9592         0.006       29.5691     0.1549683     0.0014805     0.0000000     0.0000000     0.0014805     0.0000000     0.0000000     0.0000000     0.0000000     0.0000000 
          10.            0.       20.0000       0.92419        2.0163        2.0242        1.9801        1.9617         0.006       29.5368     0.1536966     0.0014150     0.0000000     0.0000000     0.0014150     0.0000000     0.0000000     0.0000000     0.0000000     0.0000000 
          11.            0.       20.0000       0.91917        2.0182        2.0247        1.9823        1.9642         0.006       29.5058     0.1524865     0.0013548     0.0000000     0.0000000     0.0013548     0.0000000     0.0000000     0.0000000     0.0000000     0.0000000 
          12.            0.       20.0000       0.91436        2.0201        2.0252        1.9845        1.9665         0.006       29.4762     0.1513325     0.0012994     0.0000000     0.0000000     0.0012994     0.0000000     0.0000000     0.0000000     0.0000000     0.0000000 
          12.            0.       20.0000       0.90972        2.0219        2.0256        1.9865        1.9687         0.006       29.4476     0.1502298     0.0012481     0.0000000     0.0000000     0.0012481     0.0000000     0.0000000     0.0000000     0.0000000     0.0000000 
          12.            0.       20.0000       0.90525        2.0237        2.0261        1.9885        1.9707         0.006       29.4201     0.1491742     0.0012005     0.0000000     0.0000000     0.0012005     0.0000000     0.0000000     0.0000000     0.0000000     0.0000000 
          13.            0.       20.0000       0.90094        2.0253        2.0265        1.9903        1.9728         0.007       29.3937     0.1481621     0.0011562     0.0000000     0.0000000     0.0011562     0.0000000     0.0000000     0.0000000     0.0000000     0.0000000 
          14.            0.       20.0000       0.89678        2.0269        2.0269        1.9921        1.9747         0.007       29.3681     0.1471900     0.0011149     0.0000000     0.0000000     0.0011149     0.0000000     0.0000000     0.0000000     0.0000000     0.0000000 
          14.            0.       20.0000       0.89275        2.0285        2.0273        1.9939        1.9765         0.007       29.3435     0.1462552     0.0010763     0.0000000     0.0000000     0.0010763     0.0000000     0.0000000     0.0000000     0.0000000     0.0000000 
          14.            0.       20.0000       0.88885        2.0300        2.0277        1.9955        1.9783         0.007       29.3197     0.1453549     0.0010402     0.0000000     0.0000000     0.0010402     0.0000000     0.0000000     0.0000000     0.0000000     0.0000000 
          15.            0.       20.0000       0.88507        2.0314        2.0281        1.9971        1.9800         0.007       29.2966     0.1444870     0.0010062     0.0000000     0.0000000     0.0010062     0.0000000     0.0000000     0.0000000     0.0000000     0.0000000 
          16.            0.       20.0000       0.88141        2.0328        2.0284        1.9987        1.9817         0.007       29.2743     0.1436491     0.0009743     0.0000000     0.0000000     0.0009743     0.0000000     0.0000000     0.0000000     0.0000000     0.0000000 
          16.            0.       20.0000       0.87785        2.0341        2.0288        2.0002        1.9833         0.007       29.2528     0.1428393     0.0009442     0.0000000     0.0000000     0.0009442     0.0000000     0.0000000     0.0000000     0.0000000     0.0000000 
          16.            0.       20.0000       0.87439        2.0354        2.0291        2.0016        1.9848         0.007       29.2318     0.1420560     0.0009159     0.0000000     0.0000000     0.0009159     0.0000000     0.0000000     0.0000000     0.0000000     0.0000000 
          17.            0.       20.0000       0.87103        2.0367        2.0295        2.0030        1.9863         0.007       29.2115     0.1412976     0.0008890     0.0000000     0.0000000     0.0008890     0.0000000     0.0000000     0.0000000     0.0000000     0.0000000 
          18.            0.       20.0000       0.86776        2.0379        2.0298        2.0044        1.9877         0.007       29.1918     0.1405624     0.0008636     0.0000000     0.0000000     0.0008636     0.0000000     0.0000000     0.0000000     0.0000000     0.0000000 
          18.            0.       20.0000       0.86457        2.0391        2.0302        2.0057        1.9891         0.007       29.1727     0.1398494     0.0008396     0.0000000     0.0000000     0.0008396     0.0000000     0.0000000     0.0000000     0.0000000     0.0000000 
          18.            0.       20.0000       0.86147        2.0403        2.0305        2.0070        1.9905         0.007       29.1541     0.1391571     0.0008167     0.0000000     0.0000000     0.0008167     0.0000000     0.0000000     0.0000000     0.0000000     0.0000000 
          19.            0.       20.0000       0.85844        2.0414        2.0308        2.0082        1.9918         0.008       29.1360     0.1384846     0.0007950     0.0000000     0.0000000     0.0007950     0.0000000     0.0000000     0.0000000     0.0000000     0.0000000 
          20.            0.       20.0000       0.85548        2.0425        2.0311        2.0095        1.9931         0.008       29.1184     0.1378307     0.0007743     0.0000000     0.0000000     0.0007743     0.0000000     0.0000000     0.0000000     0.0000000     0.0000000 
          20.            0.       20.0000       0.85260        2.0436        2.0314        2.0106        1.9943         0.008       29.1013     0.1371946     0.0007546     0.0000000     0.0000000     0.0007546     0.0000000     0.0000000     0.0000000     0.0000000     0.0000000 
          20.            0.       20.0000       0.84978        2.0447        2.0317        2.0118        1.9955         0.008       29.0847     0.1365754     0.0007358     0.0000000     0.0000000     0.0007358     0.0000000     0.0000000     0.0000000     0.0000000     0.0000000 
          21.            0.       20.0000       0.84703        2.0457        2.0320        2.0129        1.9967         0.008       29.0685     0.1359720     0.0007179     0.0000000     0.0000000     0.0007179     0.0000000     0.0000000     0.0000000     0.0000000     0.0000000 
          22.            0.       20.0000       0.84434        2.0467        2.0323        2.0140        1.9979         0.008       29.0527     0.1353840     0.0007007     0.0000000     0.0000000     0.0007007     0.0000000     0.0000000     0.0000000     0.0000000     0.0000000 
          22.            0.       20.0000       0.84171        2.0477        2.0325        2.0151        1.9990         0.008       29.0373     0.1348104     0.0006843     0.0000000     0.0000000     0.0006843     0.0000000     0.0000000     0.0000000     0.0000000     0.0000000 
          22.            0.       20.0000       0.83913        2.0486        2.0328        2.0161        2.0001         0.008       29.0223     0.1342508     0.0006686     0.0000000     0.0000000     0.0006686     0.0000000     0.0000000     0.0000000     0.0000000     0.0000000 
          23.            0.       20.0000       0.83661        2.0495        2.0331        2.0171        2.0012         0.008       29.0077     0.1337044     0.0006535     0.0000000     0.0000000     0.0006535     0.0000000     0.0000000     0.0000000     0.0000000     0.0000000 
          24.            0.       20.0000       0.83414        2.0505        2.0334        2.0181        2.0022         0.008       28.9934     0.1331707     0.0006391     0.0000000     0.0000000     0.0006391     0.0000000     0.0000000     0.0000000     0.0000000     0.0000000 
          24.            0.       20.0000       0.83172        2.0514        2.0336        2.0191        2.0032         0.008       28.9795     0.1326490     0.0006252     0.0000000     0.0000000     0.0006252     0.0000000     0.0000000     0.0000000     0.0000000     0.0000000 
          24.            0.       20.0000       0.82935        2.0522        2.0339        2.0200        2.0042         0.008       28.9659     0.1321390     0.0006119     0.0000000     0.0000000     0.0006119     0.0000000     0.0000000     0.0000000     0.0000000     0.0000000 
          25.            0.       20.0000       0.82702        2.0531        2.0341        2.0210        2.0052         0.008       28.9527     0.1316402     0.0005991     0.0000000     0.0000000     0.0005991     0.0000000     0.0000000     0.0000000     0.0000000     0.0000000 
          26.            0.       20.0000       0.82474        2.0539        2.0344        2.0219        2.0061         0.008       28.9398     0.1311521     0.0005868     0.0000000     0.0000000     0.0005868     0.0000000     0.0000000     0.0000000     0.0000000     0.0000000 
          26.            0.       20.0000       0.82250        2.0548        2.0346        2.0228        2.0071         0.008       28.9272     0.1306741     0.0005749     0.0000000     0.0000000     0.0005749     0.0000000     0.0000000     0.0000000     0.0000000     0.0000000 
          26.            0.       20.0000       0.82030        2.0556        2.0348        2.0236        2.0080         0.008       28.9148     0.1302062     0.0005635     0.0000000     0.0000000     0.0005635     0.0000000     0.0000000     0.0000000     0.0000000     0.0000000 
          27.            0.       20.0000       0.81814        2.0564        2.0351        2.0245        2.0089         0.008       28.9028     0.1297477     0.0005524     0.0000000     0.0000000     0.0005524     0.0000000     0.0000000     0.0000000     0.0000000     0.0000000 
          28.            0.       20.0000       0.81602        2.0571        2.0353        2.0253        2.0098         0.008       28.8910     0.1292983     0.0005418     0.0000000     0.0000000     0.0005418     0.0000000     0.0000000     0.0000000     0.0000000     0.0000000 
          28.            0.       20.0000       0.81394        2.0579        2.0355        2.0262        2.0106         0.008       28.8795     0.1288577     0.0005315     0.0000000     0.0000000     0.0005315     0.0000000     0.0000000     0.0000000     0.0000000     0.0000000 
          28.            0.       20.0000       0.81189        2.0587        2.0358        2.0270        2.0115         0.008       28.8683     0.1284256     0.0005216     0.0000000     0.0000000     0.0005216     0.0000000     0.0000000     0.0000000     0.0000000     0.0000000 
          29.            0.       20.0000       0.80988        2.0594        2.0360        2.0278        2.0123         0.008       28.8574     0.1280018     0.0005120     0.0000000     0.0000000     0.0005120     0.0000000     0.0000000     0.0000000     0.0000000     0.0000000 
          30.            0.       20.0000       0.80790        2.0601        2.0362        2.0285        2.0131         0.008       28.8466     0.1275858     0.0005028     0.0000000     0.0000000     0.0005028     0.0000000     0.0000000     0.0000000     0.0000000     0.0000000 
          30.            0.       20.0000       0.80596        2.0608        2.0364        2.0293        2.0139         0.008       28.8362     0.1271775     0.0004938     0.0000000     0.0000000     0.0004938     0.0000000     0.0000000     0.0000000     0.0000000     0.0000000 
          30.            0.       20.0000       0.80405        2.0615        2.0366        2.0301        2.0147         0.008       28.8259     0.1267765     0.0004851     0.0000000     0.0000000     0.0004851     0.0000000     0.0000000     0.0000000     0.0000000     0.0000000 
          31.            0.       20.0000       0.80216        2.0622        2.0368        2.0308        2.0155         0.008       28.8159     0.1263827     0.0004767     0.0000000     0.0000000     0.0004767     0.0000000     0.0000000     0.0000000     0.0000000     0.0000000 
          32.            0.       20.0000       0.80031        2.0629        2.0370        2.0315        2.0162         0.008       28.8062     0.1259956     0.0004686     0.0000000     0.0000000     0.0004686     0.0000000     0.0000000     0.0000000     0.0000000     0.0000000 
          32.            0.       20.0000       0.79848        2.0636        2.0372        2.0322        2.0170         0.008       28.7966     0.1256154     0.0004607     0.0000000     0.0000000     0.0004607     0.0000000     0.0000000     0.0000000     0.0000000     0.0000000 
          32.            0.       20.0000       0.79669        2.0642        2.0374        2.0330        2.0177         0.008       28.7872     0.1252417     0.0004531     0.0000000     0.0000000     0.0004531     0.0000000     0.0000000     0.0000000     0.0000000     0.0000000 
          33.            0.       20.0000       0.79492        2.0649        2.0376        2.0336        2.0185         0.008       28.7781     0.1248741     0.0004456     0.0000000     0.0000000     0.0004456     0.0000000     0.0000000     0.0000000     0.0000000     0.0000000 
          34.            0.       20.0000       0.79318        2.0655        2.0378        2.0343        2.0192         0.008       28.7692     0.1245125     0.0004384     0.0000000     0.0000000     0.0004384     0.0000000     0.0000000     0.0000000     0.0000000     0.0000000 
          34.            0.       20.0000       0.79146        2.0662        2.0380        2.0350        2.0199         0.008       28.7605     0.1241570     0.0004314     0.0000000     0.0000000     0.0004314     0.0000000     0.0000000     0.0000000     0.0000000     0.0000000 
          34.            0.       20.0000       0.78977        2.0668        2.0382        2.0357        2.0206         0.008       28.7519     0.1238071     0.0004246     0.0000000     0.0000000     0.0004246     0.0000000     0.0000000     0.0000000     0.0000000     0.0000000 
          35.            0.       20.0000       0.78810        2.0674        2.0384        2.0363        2.0212         0.008       28.7436     0.1234627     0.0004180     0.0000000     0.0000000     0.0004180     0.0000000     0.0000000     0.0000000     0.0000000     0.0000000 
          36.            0.       20.0000       0.78645        2.0680        2.0386        2.0370        2.0219         0.008       28.7354     0.1231238     0.0004116     0.0000000     0.0000000     0.0004116     0.0000000     0.0000000     0.0000000     0.0000000     0.0000000 
          36.            0.       20.0000       0.78483        2.0686        2.0388        2.0376        2.0226         0.008       28.7275     0.1227901     0.0004054     0.0000000     0.0000000     0.0004054     0.0000000     0.0000000     0.0000000     0.0000000     0.0000000 
          36.            0.       20.0000       0.78323        2.0692        2.0390        2.0382        2.0232         0.008       28.7197     0.1224614     0.0003993     0.0000000     0.0000000     0.0003993     0.0000000     0.0000000     0.0000000     0.0000000     0.0000000 
          37.            0.       20.0000       0.78166        2.0698        2.0391        2.0388        2.0238         0.009       28.7121     0.1221376     0.0003934     0.0000000     0.0000000     0.0003934     0.0000000     0.0000000     0.0000000     0.0000000     0.0000000 
          38.            0.       20.0000       0.78010        2.0704        2.0393        2.0394        2.0245         0.009       28.7047     0.1218187     0.0003877     0.0000000     0.0000000     0.0003877     0.0000000     0.0000000     0.0000000     0.0000000     0.0000000 
          38.            0.       20.0000       0.77857        2.0709        2.0395        2.0400        2.0251         0.009       28.6974     0.1215044     0.0003821     0.0000000     0.0000000     0.0003821     0.0000000     0.0000000     0.0000000     0.0000000     0.0000000 
          38.            0.       19.5000       0.77705        2.0715        2.0397        2.0406        2.0257         0.009       28.6903     0.1211947     0.0003766     0.0000000     0.0000000     0.0003766     0.0000000     0.0000000     0.0000000     0.0000000     0.0000000 
          39.            0.       19.0000       0.77556        2.0720        2.0398        2.0412        2.0263         0.009       28.6834     0.1208894     0.0003713     0.0000000     0.0000000     0.0003713     0.0000000     0.0000000     0.0000000     0.0000000     0.0000000 
          40.            0.       18.0000       0.77408        2.0726        2.0400        2.0418        2.0269         0.009       28.6767     0.1205885     0.0003661     0.0000000     0.0000000     0.0003661     0.0000000     0.0000000     0.0000000     0.0000000     0.0000000 
          40.            0.       17.0000       0.77262        2.0731        2.0402        2.0424        2.0275         0.009       28.6701     0.1202917     0.0003611     0.0000000     0.0000000     0.0003611     0.0000000     0.0000000     0.0000000     0.0000000     0.0000000 
          40.            0.       16.0000       0.77118        2.0736        2.0404        2.0429        2.0281         0.009       28.6636     0.1199991     0.0003562     0.0000000     0.0000000     0.0003562     0.0000000     0.0000000     0.0000000     0.0000000     0.0000000 
          41.            0.       15.0000       0.76976        2.0742        2.0405        2.0435        2.0286         0.009       28.6573     0.1197103     0.0003514     0.0000000     0.0000000     0.0003514     0.0000000     0.0000000     0.0000000     0.0000000     0.0000000 
          42.            0.       14.0000       0.76836        2.0747        2.0407        2.0440        2.0292         0.009       28.6512     0.1194256     0.0003467     0.0000000     0.0000000     0.0003467     0.0000000     0.0000000     0.0000000     0.0000000     0.0000000 
          42.            0.       13.0000       0.76697        2.0752        2.0408        2.0446        2.0298         0.009       28.6452     0.1191446     0.0003421     0.0000000     0.0000000     0.0003421     0.0000000     0.0000000     0.0000000     0.0000000     0.0000000 
          42.            0.       12.0000       0.76560        2.0757        2.0410        2.0451        2.0303         0.009       28.6393     0.1188674     0.0003376     0.0000000     0.0000000     0.0003376     0.0000000     0.0000000     0.0000000     0.0000000     0.0000000 
          43.            0.       11.0000       0.76425        2.0762        2.0412        2.0456        2.0309         0.010       28.6334     0.1185944     0.0003333     0.0000000     0.0000000     0.0003333     0.0000000     0.0000000     0.0000000     0.0000000     0.0000000 
          44.            0.       10.0000       0.76290        2.0767        2.0413        2.0461        2.0314         0.010       28.6274     0.1183246     0.0003290     0.0000000     0.0000000     0.0003290     0.0000000     0.0000000     0.0000000     0.0000000     0.0000000 
          44.            0.        9.0000       0.76157        2.0771        2.0415        2.0466        2.0319         0.010       28.6210     0.1180605     0.0003249     0.0000000     0.0000000     0.0003249     0.0000000     0.0000000     0.0000000     0.0000000     0.0000000 
          44.            0.        8.0000       0.76021        2.0775        2.0416        2.0471        2.0324         0.010       28.6131     0.1177993     0.0003209     0.0000000     0.0000000     0.0003209     0.0000000     0.0000000     0.0000000     0.0000000     0.0000000 
          45.            0.        7.0000       0.75879        2.0778        2.0418        2.0474        2.0327         0.010       28.6006     0.1175470     0.0003170     0.0000000     0.0000000     0.0003170     0.0000000     0.0000000     0.0000000     0.0000000     0.0000000 
          46.            0.        6.0000       0.75715        2.0778        2.0419        2.0475        2.0329         0.010       28.5776     0.1173081     0.0003132     0.0000000     0.0000000     0.0003131     0.0000000     0.0000000     0.0000000     0.0000000     0.0000000 
          46.            0.        5.0000       0.75475        2.0770        2.0418        2.0470        2.0325         0.011       28.5262     0.1170631     0.0003090     0.0000000     0.0000001     0.0003089     0.0000000     0.0000000     0.0000000     0.0000000     0.0000000 
          46.            0.        4.0000       0.75000        2.0749        2.0413        2.0452        2.0308         0.011       28.3797     0.1167333     0.0003028     0.0000000     0.0000005     0.0003023     0.0000000     0.0000000     0.0000000     0.0000000     0.0000000 
          47.            0.        3.0000       0.73875        2.0711        2.0397        2.0416        2.0274         0.014       28.1294     0.1161369     0.0002909     0.0000000     0.0000022     0.0002886     0.0000000     0.0000000     0.0000000     0.0000000     0.0000000 
          48.            0.        2.5000       0.72672        2.0694        2.0385        2.0398        2.0255         0.018       27.7424     0.1155058     0.0002801     0.0000013     0.0000046     0.0002741     0.0000000     0.0000000     0.0000000     0.0000000     0.0000000 
          48.            0.        2.0000       0.71045        2.0695        2.0380        2.0395        2.0250         0.026       27.4472     0.1152746     0.0003259     0.0000555     0.0000099     0.0002606     0.0000000     0.0000000     0.0000000     0.0000000     0.0000000 
          48.            0.        2.0000       0.70891        2.0699        2.0381        2.0398        2.0254         0.030       27.3607     0.1149864     0.0003201     0.0000535     0.0000098     0.0002568     0.0000000     0.0000000     0.0000000     0.0000000     0.0000000 
          49.            0.        2.0000       0.70756        2.0703        2.0382        2.0402        2.0258         0.031       27.3152     0.1147255     0.0003150     0.0000517     0.0000098     0.0002535     0.0000000     0.0000000     0.0000000     0.0000000     0.0000000 
          50.            0.        2.0000       0.70631        2.0707        2.0383        2.0406        2.0262         0.031       27.2991     0.1144799     0.0003104     0.0000502     0.0000098     0.0002504     0.0000000     0.0000000     0.0000000     0.0000000     0.0000000 
          50.            0.        2.0000       0.70511        2.0711        2.0384        2.0411        2.0266         0.032       27.2929     0.1142417     0.0003059     0.0000487     0.0000098     0.0002474     0.0000000     0.0000000     0.0000000     0.0000000     0.0000000 
          50.            0.        2.0000       0.70393        2.0714        2.0386        2.0415        2.0271         0.032       27.2898     0.1140079     0.0003016     0.0000473     0.0000097     0.0002446     0.0000000     0.0000000     0.0000000     0.0000000     0.0000000 
          51.            0.        2.0000       0.70276        2.0718        2.0387        2.0419        2.0275         0.032       27.2865     0.1137775     0.0002974     0.0000460     0.0000097     0.0002417     0.0000000     0.0000000     0.0000000     0.0000000     0.0000000 
          52.            0.        2.0000       0.70161        2.0722        2.0388        2.0423        2.0279         0.032       27.2794     0.1135495     0.0002933     0.0000447     0.0000097     0.0002390     0.0000000     0.0000000     0.0000000     0.0000000     0.0000000 
          52.            0.        2.0000       0.70155        2.0729        2.0391        2.0430        2.0286         0.029       27.6102     0.1134713     0.0002925     0.0000446     0.0000097     0.0002382     0.0000000     0.0000000     0.0000000     0.0000000     0.0000000 
          52.            0.        2.5000       0.71667        2.0741        2.0401        2.0446        2.0305         0.023       28.2814     0.1133866     0.0002525     0.0000009     0.0000046     0.0002470     0.0000000     0.0000000     0.0000000     0.0000000     0.0000000 
          53.            0.        3.0000       0.72683        2.0770        2.0416        2.0476        2.0335         0.019       28.7676     0.1135970     0.0002572     0.0000000     0.0000022     0.0002550     0.0000000     0.0000000     0.0000000     0.0000000     0.0000000 
          54.            0.        4.0000       0.73588        2.0817        2.0435        2.0522        2.0379         0.017       29.0406     0.1137483     0.0002620     0.0000000     0.0000005     0.0002615     0.0000000     0.0000000     0.0000000     0.0000000     0.0000000 
          54.            0.        5.0000       0.73806        2.0845        2.0442        2.0546        2.0403         0.016       29.1049     0.1136015     0.0002611     0.0000000     0.0000001     0.0002610     0.0000000     0.0000000     0.0000000     0.0000000     0.0000000 
          54.            0.        6.0000       0.73803        2.0859        2.0446        2.0559        2.0415         0.016       29.1280     0.1133821     0.0002587     0.0000000     0.0000000     0.0002586     0.0000000     0.0000000     0.0000000     0.0000000     0.0000000 
          55.            0.        7.0000       0.73729        2.0868        2.0447        2.0567        2.0423         0.017       29.1302     0.1131526     0.0002559     0.0000000     0.0000000     0.0002558     0.0000000     0.0000000     0.0000000     0.0000000     0.0000000 
          56.            0.        8.0000       0.73631        2.0873        2.0449        2.0572        2.0428         0.018       29.1212     0.1129326     0.0002531     0.0000000     0.0000000     0.0002531     0.0000000     0.0000000     0.0000000     0.0000000     0.0000000 
          56.            0.        9.0000       0.73526        2.0877        2.0450        2.0577        2.0432         0.018       29.1082     0.1127200     0.0002504     0.0000000     0.0000000     0.0002504     0.0000000     0.0000000     0.0000000     0.0000000     0.0000000 
          56.            0.       10.0000       0.73419        2.0881        2.0451        2.0581        2.0437         0.019       29.0940     0.1125086     0.0002478     0.0000000     0.0000000     0.0002478     0.0000000     0.0000000     0.0000000     0.0000000     0.0000000 
          57.            0.       11.0000       0.73313        2.0885        2.0452        2.0584        2.0441         0.020       29.0793     0.1123013     0.0002452     0.0000000     0.0000000     0.0002452     0.0000000     0.0000000     0.0000000     0.0000000     0.0000000 
          58.            0.       12.0000       0.73207        2.0889        2.0453        2.0588        2.0444         0.021       29.0648     0.1120960     0.0002426     0.0000000     0.0000000     0.0002426     0.0000000     0.0000000     0.0000000     0.0000000     0.0000000 
          58.            0.       13.0000       0.73102        2.0892        2.0454        2.0592        2.0448         0.022       29.0505     0.1118935     0.0002402     0.0000000     0.0000000     0.0002402     0.0000000     0.0000000     0.0000000     0.0000000     0.0000000 
          58.            0.       14.0000       0.72998        2.0896        2.0456        2.0596        2.0452         0.023       29.0366     0.1116929     0.0002377     0.0000000     0.0000000     0.0002377     0.0000000     0.0000000     0.0000000     0.0000000     0.0000000 
          59.            0.       15.0000       0.72895        2.0899        2.0457        2.0599        2.0456         0.023       29.0229     0.1114944     0.0002353     0.0000000     0.0000000     0.0002353     0.0000000     0.0000000     0.0000000     0.0000000     0.0000000 
          60.            0.       16.0000       0.72794        2.0903        2.0458        2.0603        2.0460         0.024       29.0094     0.1112981     0.0002330     0.0000000     0.0000000     0.0002330     0.0000000     0.0000000     0.0000000     0.0000000     0.0000000 
          60.            0.       17.0000       0.72693        2.0906        2.0459        2.0607        2.0463         0.025       28.9962     0.1111036     0.0002307     0.0000000     0.0000000     0.0002307     0.0000000     0.0000000     0.0000000     0.0000000     0.0000000 
          60.            0.       18.0000       0.72593        2.0910        2.0460        2.0610        2.0467         0.026       28.9832     0.1109111     0.0002284     0.0000000     0.0000000     0.0002284     0.0000000     0.0000000     0.0000000     0.0000000     0.0000000 
          61.            0.       19.0000       0.72494        2.0913        2.0461        2.0614        2.0471         0.027       28.9704     0.1107205     0.0002262     0.0000000     0.0000000     0.0002262     0.0000000     0.0000000     0.0000000     0.0000000     0.0000000 
          62.            0.       19.5000       0.72396        2.0917        2.0462        2.0617        2.0474         0.029       28.9578     0.1105318     0.0002240     0.0000000     0.0000000     0.0002240     0.0000000     0.0000000     0.0000000     0.0000000     0.0000000 
          62.            0.       20.0000       0.72298        2.0920        2.0463        2.0621        2.0478         0.030       28.9454     0.1103449     0.0002219     0.0000000     0.0000000     0.0002219     0.0000000     0.0000000     0.0000000     0.0000000     0.0000000 
          62.            0.       20.0000       0.72202        2.0923        2.0464        2.0624        2.0481         0.031       28.9331     0.1101598     0.0002198     0.0000000     0.0000000     0.0002198     0.0000000     0.0000000     0.0000000     0.0000000     0.0000000 
          63.            0.       20.0000       0.72106        2.0927        2.0465        2.0628        2.0485         0.032       28.9211     0.1099764     0.0002177     0.0000000     0.0000000     0.0002177     0.0000000     0.0000000     0.0000000     0.0000000     0.0000000 
          64.            0.       20.0000       0.72012        2.0930        2.0467        2.0631        2.0488         0.033       28.9093     0.1097948     0.0002157     0.0000000     0.0000000     0.0002157     0.0000000     0.0000000     0.0000000     0.0000000     0.0000000 
          64.            0.       20.0000       0.71918        2.0933        2.0468        2.0634        2.0492         0.034       28.8976     0.1096148     0.0002137     0.0000000     0.0000000     0.0002137     0.0000000     0.0000000     0.0000000     0.0000000     0.0000000 
          64.            0.       20.0000       0.71825        2.0936        2.0469        2.0638        2.0495         0.036       28.8860     0.1094366     0.0002117     0.0000000     0.0000000     0.0002117     0.0000000     0.0000000     0.0000000     0.0000000     0.0000000 
          65.            0.       20.0000       0.71733        2.0940        2.0470        2.0641        2.0498         0.037       28.8747     0.1092600     0.0002098     0.0000000     0.0000000     0.0002098     0.0000000     0.0000000     0.0000000     0.0000000     0.0000000 
          66.            0.       20.0000       0.71641        2.0943        2.0471        2.0644        2.0502         0.038       28.8635     0.1090851     0.0002079     0.0000000     0.0000000     0.0002079     0.0000000     0.0000000     0.0000000     0.0000000     0.0000000 
          66.            0.       20.0000       0.71551        2.0946        2.0472        2.0648        2.0505         0.040       28.8525     0.1089116     0.0002060     0.0000000     0.0000000     0.0002060     0.0000000     0.0000000     0.0000000     0.0000000     0.0000000 
          66.            0.       20.0000       0.71461        2.0949        2.0473        2.0651        2.0508         0.041       28.8416     0.1087398     0.0002041     0.0000000     0.0000000     0.0002041     0.0000000     0.0000000     0.0000000     0.0000000     0.0000000 
          67.            0.       20.0000       0.71372        2.0952        2.0474        2.0654        2.0512         0.042       28.8308     0.1085695     0.0002023     0.0000000     0.0000000     0.0002023     0.0000000     0.0000000     0.0000000     0.0000000     0.0000000 
          68.            0.       20.0000       0.71283        2.0955        2.0475        2.0657        2.0515         0.044       28.8202     0.1084007     0.0002006     0.0000000     0.0000000     0.0002006     0.0000000     0.0000000     0.0000000     0.0000000     0.0000000 
          68.            0.       20.0000       0.71196        2.0958        2.0476        2.0660        2.0518         0.045       28.8098     0.1082334     0.0001988     0.0000000     0.0000000     0.0001988     0.0000000     0.0000000     0.0000000     0.0000000     0.0000000 
          68.            0.       20.0000       0.71109        2.0961        2.0477        2.0663        2.0521         0.047       28.7995     0.1080675     0.0001971     0.0000000     0.0000000     0.0001971     0.0000000     0.0000000     0.0000000     0.0000000     0.0000000 
          69.            0.       20.0000       0.71022        2.0964        2.0478        2.0666        2.0525         0.048       28.7893     0.1079031     0.0001954     0.0000000     0.0000000     0.0001954     0.0000000     0.0000000     0.0000000     0.0000000     0.0000000 
          70.            0.       20.0000       0.70937        2.0967        2.0479        2.0670        2.0528         0.050       28.7792     0.1077401     0.0001937     0.0000000     0.0000000     0.0001937     0.0000000     0.0000000     0.0000000     0.0000000     0.0000000 
          70.            0.       20.0000       0.70852        2.0970        2.0480        2.0673        2.0531         0.051       28.7693     0.1075785     0.0001921     0.0000000     0.0000000     0.0001921     0.0000000     0.0000000     0.0000000     0.0000000     0.0000000 
          70.            0.       20.0000       0.70768        2.0973        2.0481        2.0676        2.0534         0.053       28.7595     0.1074183     0.0001904     0.0000000     0.0000000     0.0001904     0.0000000     0.0000000     0.0000000     0.0000000     0.0000000 
          71.            0.       20.0000       0.70684        2.0976        2.0482        2.0679        2.0537         0.054       28.7499     0.1072594     0.0001888     0.0000000     0.0000000     0.0001888     0.0000000     0.0000000     0.0000000     0.0000000     0.0000000 
          72.            0.       20.0000       0.70601        2.0979        2.0483        2.0682        2.0540         0.056       28.7403     0.1071018     0.0001873     0.0000000     0.0000000     0.0001873     0.0000000     0.0000000     0.0000000     0.0000000     0.0000000 
          72.            0.       20.0000       0.70519        2.0982        2.0484        2.0685        2.0543         0.057       28.7309     0.1069456     0.0001857     0.0000000     0.0000000     0.0001857     0.0000000     0.0000000     0.0000000     0.0000000     0.0000000 
          72.            0.       20.0000       0.70438        2.0985        2.0485        2.0688        2.0546         0.059       28.7216     0.1067906     0.0001842     0.0000000     0.0000000     0.0001842     0.0000000     0.0000000     0.0000000     0.0000000     0.0000000 
          73.            0.       20.0000       0.70357        2.0987        2.0485        2.0690        2.0549         0.061       28.7125     0.1066369     0.0001827     0.0000000     0.0000000     0.0001827     0.0000000     0.0000000     0.0000000     0.0000000     0.0000000 
          74.            0.       20.0000       0.70276        2.0990        2.0486        2.0693        2.0552         0.062       28.7034     0.1064845     0.0001812     0.0000000     0.0000000     0.0001812     0.0000000     0.0000000     0.0000000     0.0000000     0.0000000 
          74.            0.       20.0000       0.70197        2.0993        2.0487        2.0696        2.0555         0.064       28.6944     0.1063333     0.0001797     0.0000000     0.0000000     0.0001797     0.0000000     0.0000000     0.0000000     0.0000000     0.0000000 
          74.            0.       20.0000       0.70117        2.0996        2.0488        2.0699        2.0558         0.066       28.6856     0.1061833     0.0001783     0.0000000     0.0000000     0.0001783     0.0000000     0.0000000     0.0000000     0.0000000     0.0000000 
          75.            0.       20.0000       0.70039        2.0999        2.0489        2.0702        2.0561         0.068       28.6768     0.1060345     0.0001769     0.0000000     0.0000000     0.0001769     0.0000000     0.0000000     0.0000000     0.0000000     0.0000000 
          76.            0.       20.0000       0.69961        2.1001        2.0490        2.0705        2.0564         0.069       28.6682     0.1058868     0.0001755     0.0000000     0.0000000     0.0001755     0.0000000     0.0000000     0.0000000     0.0000000     0.0000000 
          76.            0.       20.0000       0.69884        2.1004        2.0491        2.0708        2.0566         0.071       28.6597     0.1057403     0.0001741     0.0000000     0.0000000     0.0001741     0.0000000     0.0000000     0.0000000     0.0000000     0.0000000 
          76.            0.       20.0000       0.69807        2.1007        2.0492        2.0710        2.0569         0.073       28.6512     0.1055950     0.0001728     0.0000000     0.0000000     0.0001728     0.0000000     0.0000000     0.0000000     0.0000000     0.0000000 
          77.            0.       20.0000       0.69730        2.1009        2.0493        2.0713        2.0572         0.075       28.6429     0.1054508     0.0001714     0.0000000     0.0000000     0.0001714     0.0000000     0.0000000     0.0000000     0.0000000     0.0000000 
          78.            0.       20.0000       0.69655        2.1012        2.0494        2.0716        2.0575         0.077       28.6347     0.1053078     0.0001701     0.0000000     0.0000000     0.0001701     0.0000000     0.0000000     0.0000000     0.0000000     0.0000000 
          78.            0.       20.0000       0.69579        2.1015        2.0495        2.0719        2.0578         0.078       28.6265     0.1051658     0.0001688     0.0000000     0.0000000     0.0001688     0.0000000     0.0000000     0.0000000     0.0000000     0.0000000 
          78.            0.       20.0000       0.69505        2.1017        2.0495        2.0721        2.0580         0.080       28.6185     0.1050249     0.0001675     0.0000000     0.0000000     0.0001675     0.0000000     0.0000000     0.0000000     0.0000000     0.0000000 
          79.            0.       20.0000       0.69431        2.1020        2.0496        2.0724        2.0583         0.082       28.6105     0.1048851     0.0001662     0.0000000     0.0000000     0.0001662     0.0000000     0.0000000     0.0000000     0.0000000     0.0000000 
          80.            0.       20.0000       0.69357        2.1023        2.0497        2.0727        2.0586         0.084       28.6027     0.1047463     0.0001650     0.0000000     0.0000000     0.0001650     0.0000000     0.0000000     0.0000000     0.0000000     0.0000000 
          80.            0.       20.0000       0.69284        2.1025        2.0498        2.0729        2.0589         0.086       28.5949     0.1046086     0.0001638     0.0000000     0.0000000     0.0001638     0.0000000     0.0000000     0.0000000     0.0000000     0.0000000 
          80.            0.       20.0000       0.69211        2.1028        2.0499        2.0732        2.0591         0.088       28.5873     0.1044718     0.0001625     0.0000000     0.0000000     0.0001625     0.0000000     0.0000000     0.0000000     0.0000000     0.0000000 
          81.            0.       20.0000       0.69139        2.1030        2.0500        2.0735        2.0594         0.090       28.5797     0.1043362     0.0001613     0.0000000     0.0000000     0.0001613     0.0000000     0.0000000     0.0000000     0.0000000     0.0000000 
          82.            0.       20.0000       0.69068        2.1033        2.0501        2.0737        2.0597         0.092       28.5721     0.1042014     0.0001602     0.0000000     0.0000000     0.0001602     0.0000000     0.0000000     0.0000000     0.0000000     0.0000000 
          82.            0.       20.0000       0.68997        2.1035        2.0502        2.0740        2.0599         0.094       28.5647     0.1040677     0.0001590     0.0000000     0.0000000     0.0001590     0.0000000     0.0000000     0.0000000     0.0000000     0.0000000 
          82.            0.       20.0000       0.68926        2.1038        2.0502        2.0742        2.0602         0.096       28.5574     0.1039349     0.0001578     0.0000000     0.0000000     0.0001578     0.0000000     0.0000000     0.0000000     0.0000000     0.0000000 
          83.            0.       20.0000       0.68856        2.1040        2.0503        2.0745        2.0604         0.098       28.5501     0.1038031     0.0001567     0.0000000     0.0000000     0.0001567     0.0000000     0.0000000     0.0000000     0.0000000     0.0000000 
          84.            0.       20.0000       0.68786        2.1043        2.0504        2.0747        2.0607         0.100       28.5429     0.1036723     0.0001556     0.0000000     0.0000000     0.0001556     0.0000000     0.0000000     0.0000000     0.0000000     0.0000000 
          84.            0.       20.0000       0.68717        2.1045        2.0505        2.0750        2.0609         0.102       28.5358     0.1035424     0.0001545     0.0000000     0.0000000     0.0001545     0.0000000     0.0000000     0.0000000     0.0000000     0.0000000 
          84.            0.       20.0000       0.68648        2.1048        2.0506        2.0752        2.0612         0.104       28.5288     0.1034134     0.0001534     0.0000000     0.0000000     0.0001534     0.0000000     0.0000000     0.0000000     0.0000000     0.0000000 
          85.            0.       20.0000       0.68580        2.1050        2.0507        2.0755        2.0615         0.106       28.5218     0.1032853     0.0001523     0.0000000     0.0000000     0.0001523     0.0000000     0.0000000     0.0000000     0.0000000     0.0000000 
          86.            0.       20.0000       0.68512        2.1053        2.0507        2.0757        2.0617         0.108       28.5150     0.1031581     0.0001512     0.0000000     0.0000000     0.0001512     0.0000000     0.0000000     0.0000000     0.0000000     0.0000000 
          86.            0.       20.0000       0.68445        2.1055        2.0508        2.0760        2.0619         0.110       28.5082     0.1030319     0.0001502     0.0000000     0.0000000     0.0001502     0.0000000     0.0000000     0.0000000     0.0000000     0.0000000 
          86.            0.       20.0000       0.68378        2.1057        2.0509        2.0762        2.0622         0.113       28.5014     0.1029064     0.0001491     0.0000000     0.0000000     0.0001491     0.0000000     0.0000000     0.0000000     0.0000000     0.0000000 
          87.            0.       20.0000       0.68311        2.1060        2.0510        2.0765        2.0624         0.115       28.4948     0.1027819     0.0001481     0.0000000     0.0000000     0.0001481     0.0000000     0.0000000     0.0000000     0.0000000     0.0000000 
          88.            0.       20.0000       0.68245        2.1062        2.0511        2.0767        2.0627         0.117       28.4882     0.1026582     0.0001471     0.0000000     0.0000000     0.0001471     0.0000000     0.0000000     0.0000000     0.0000000     0.0000000 
          88.            0.       20.0000       0.68180        2.1064        2.0511        2.0769        2.0629         0.119       28.4816     0.1025354     0.0001461     0.0000000     0.0000000     0.0001461     0.0000000     0.0000000     0.0000000     0.0000000     0.0000000 
          88.            0.       20.0000       0.68114        2.1067        2.0512        2.0772        2.0632         0.121       28.4752     0.1024133     0.0001451     0.0000000     0.0000000     0.0001451     0.0000000     0.0000000     0.0000000     0.0000000     0.0000000 
          89.            0.       20.0000       0.68050        2.1069        2.0513        2.0774        2.0634         0.124       28.4688     0.1022921     0.0001441     0.0000000     0.0000000     0.0001441     0.0000000     0.0000000     0.0000000     0.0000000     0.0000000 
          90.            0.       20.0000       0.67985        2.1071        2.0514        2.0776        2.0636         0.126       28.4624     0.1021718     0.0001432     0.0000000     0.0000000     0.0001432     0.0000000     0.0000000     0.0000000     0.0000000     0.0000000 
          90.            0.       20.0000       0.67921        2.1074        2.0515        2.0779        2.0639         0.128       28.4562     0.1020522     0.0001422     0.0000000     0.0000000     0.0001422     0.0000000     0.0000000     0.0000000     0.0000000     0.0000000 
          90.            0.       20.0000       0.67857        2.1076        2.0515        2.0781        2.0641         0.130       28.4500     0.1019334     0.0001413     0.0000000     0.0000000     0.0001413     0.0000000     0.0000000     0.0000000     0.0000000     0.0000000 
          91.            0.       20.0000       0.67794        2.1078        2.0516        2.0783        2.0643         0.133       28.4438     0.1018154     0.0001403     0.0000000     0.0000000     0.0001403     0.0000000     0.0000000     0.0000000     0.0000000     0.0000000 
          92.            0.       20.0000       0.67731        2.1080        2.0517        2.0786        2.0646         0.135       28.4377     0.1016982     0.0001394     0.0000000     0.0000000     0.0001394     0.0000000     0.0000000     0.0000000     0.0000000     0.0000000 
          92.            0.       20.0000       0.67669        2.1083        2.0518        2.0788        2.0648         0.137       28.4317     0.1015817     0.0001385     0.0000000     0.0000000     0.0001385     0.0000000     0.0000000     0.0000000     0.0000000     0.0000000 
          92.            0.       20.0000       0.67607        2.1085        2.0518        2.0790        2.0650         0.140       28.4257     0.1014661     0.0001376     0.0000000     0.0000000     0.0001376     0.0000000     0.0000000     0.0000000     0.0000000     0.0000000 
          93.            0.       20.0000       0.67545        2.1087        2.0519        2.0792        2.0653         0.142       28.4198     0.1013511     0.0001367     0.0000000     0.0000000     0.0001367     0.0000000     0.0000000     0.0000000     0.0000000     0.0000000 
          94.            0.       20.0000       0.67484        2.1089        2.0520        2.0795        2.0655         0.145       28.4139     0.1012369     0.0001359     0.0000000     0.0000000     0.0001359     0.0000000     0.0000000     0.0000000     0.0000000     0.0000000 
          94.            0.       20.0000       0.67423        2.1091        2.0521        2.0797        2.0657         0.147       28.4081     0.1011235     0.0001350     0.0000000     0.0000000     0.0001350     0.0000000     0.0000000     0.0000000     0.0000000     0.0000000 
          94.            0.       20.0000       0.67362        2.1094        2.0521        2.0799        2.0659         0.150       28.4023     0.1010107     0.0001341     0.0000000     0.0000000     0.0001341     0.0000000     0.0000000     0.0000000     0.0000000     0.0000000 
          95.            0.       20.0000       0.67302        2.1096        2.0522        2.0801        2.0662         0.152       28.3967     0.1008987     0.0001333     0.0000000     0.0000000     0.0001333     0.0000000     0.0000000     0.0000000     0.0000000     0.0000000 
          96.            0.       20.0000       0.67242        2.1098        2.0523        2.0803        2.0664         0.155       28.3910     0.1007874     0.0001324     0.0000000     0.0000000     0.0001324     0.0000000     0.0000000     0.0000000     0.0000000     0.0000000 
          96.            0.       20.0000       0.67182        2.1100        2.0524        2.0806        2.0666         0.157       28.3854     0.1006767     0.0001316     0.0000000     0.0000000     0.0001316     0.0000000     0.0000000     0.0000000     0.0000000     0.0000000 
          96.            0.       20.0000       0.67123        2.1102        2.0524        2.0808        2.0668         0.160       28.3799     0.1005668     0.0001308     0.0000000     0.0000000     0.0001308     0.0000000     0.0000000     0.0000000     0.0000000     0.0000000 
          97.            0.       20.0000       0.67064        2.1104        2.0525        2.0810        2.0670         0.162       28.3744     0.1004576     0.0001300     0.0000000     0.0000000     0.0001300     0.0000000     0.0000000     0.0000000     0.0000000     0.0000000 
          98.            0.       20.0000       0.67006        2.1106        2.0526        2.0812        2.0672         0.165       28.3689     0.1003490     0.0001292     0.0000000     0.0000000     0.0001292     0.0000000     0.0000000     0.0000000     0.0000000     0.0000000 
          98.            0.       20.0000       0.66947        2.1108        2.0526        2.0814        2.0675         0.167       28.3635     0.1002411     0.0001284     0.0000000     0.0000000     0.0001284     0.0000000     0.0000000     0.0000000     0.0000000     0.0000000 
          98.            0.       20.0000       0.66890        2.1110        2.0527        2.0816        2.0677         0.170       28.3582     0.1001339     0.0001276     0.0000000     0.0000000     0.0001276     0.0000000     0.0000000     0.0000000     0.0000000     0.0000000 
          99.            0.       20.0000       0.66832        2.1113        2.0528        2.0818        2.0679         0.173       28.3529     0.1000273     0.0001268     0.0000000     0.0000000     0.0001268     0.0000000     0.0000000     0.0000000     0.0000000     0.0000000 
         100.            0.       20.0000       0.66775        2.1115        2.0529        2.0820        2.0681         0.175       28.3476     0.0999213     0.0001261     0.0000000     0.0000000     0.0001261     0.0000000     0.0000000     0.0000000     0.0000000     0.0000000 
         100.            0.       20.0000       0.66718        2.1117        2.0529        2.0822        2.0683         0.178       28.3424     0.0998164     0.0001253     0.0000000     0.0000000     0.0001253     0.0000000     0.0000000     0.0000000     0.0000000     0.0000000 
