%
%
% Run:2017  Table:COMPGRID          SWAN version:41.10A
%
%       Xp            Yp            Depth         Hsig          Tm_10         TPsmoo        Tm01          Tm02          Dir           Dspr          Steepn        Dissip        Ssurf         Sfric         Swcap         Redist        Snl3          Snl4          Genera        Swind    
%       [m]           [m]           [m]           [m]           [sec]         [sec]         [sec]         [sec]         [degr]        [degr]        [ ]           [m2/s]        [m2/s]        [m2/s]        [m2/s]        [m2/s]        [m2/s]        [m2/s]        [m2/s]        [m2/s]   
%
           0.            0.       21.0000       2.01114        3.6044        4.0071        3.2875        2.9407         0.043       31.9473     0.1489142     0.0000015     0.0000000     0.0000000     0.0000015     0.0000000     0.0000000     0.0000000     0.0000000     0.0000000 
           0.            0.       21.0000       2.00837        3.6091        4.0072        3.2984        2.9597         0.043       31.9320     0.1468056     0.0013692     0.0000000     0.0000001     0.0013691     0.0000000     0.0000000     0.0000000     0.0000000     0.0000000 
           1.            0.       21.0000       2.00569        3.6137        4.0073        3.3089        2.9783         0.042       31.9178     0.1447843     0.0013361     0.0000000     0.0000001     0.0013360     0.0000000     0.0000000     0.0000000     0.0000000     0.0000000 
           2.            0.       21.0000       2.00310        3.6180        4.0073        3.3190        2.9962         0.042       31.9048     0.1428727     0.0013050     0.0000000     0.0000001     0.0013049     0.0000000     0.0000000     0.0000000     0.0000000     0.0000000 
           2.            0.       21.0000       2.00061        3.6222        4.0074        3.3286        3.0134         0.042       31.8930     0.1410710     0.0012757     0.0000000     0.0000001     0.0012756     0.0000000     0.0000000     0.0000000     0.0000000     0.0000000 
           2.            0.       21.0000       1.99821        3.6262        4.0074        3.3377        3.0299         0.042       31.8822     0.1393724     0.0012481     0.0000000     0.0000001     0.0012480     0.0000000     0.0000000     0.0000000     0.0000000     0.0000000 
           3.            0.       21.0000       1.99590        3.6300        4.0075        3.3465        3.0457         0.042       31.8724     0.1377689     0.0012221     0.0000000     0.0000001     0.0012220     0.0000000     0.0000000     0.0000000     0.0000000     0.0000000 
           4.            0.       21.0000       1.99367        3.6337        4.0075        3.3548        3.0608         0.042       31.8634     0.1362530     0.0011975     0.0000000     0.0000001     0.0011974     0.0000000     0.0000000     0.0000000     0.0000000     0.0000000 
           4.            0.       21.0000       1.99152        3.6372        4.0076        3.3628        3.0754         0.042       31.8550     0.1348175     0.0011743     0.0000000     0.0000001     0.0011742     0.0000000     0.0000000     0.0000000     0.0000000     0.0000000 
           4.            0.       21.0000       1.98943        3.6406        4.0076        3.3705        3.0894         0.041       31.8472     0.1334563     0.0011522     0.0000000     0.0000001     0.0011521     0.0000000     0.0000000     0.0000000     0.0000000     0.0000000 
           5.            0.       21.0000       1.98741        3.6438        4.0077        3.3778        3.1029         0.041       31.8400     0.1321640     0.0011312     0.0000000     0.0000001     0.0011311     0.0000000     0.0000000     0.0000000     0.0000000     0.0000000 
           6.            0.       21.0000       1.98545        3.6469        4.0077        3.3848        3.1159         0.041       31.8332     0.1309353     0.0011113     0.0000000     0.0000001     0.0011112     0.0000000     0.0000000     0.0000000     0.0000000     0.0000000 
           6.            0.       21.0000       1.98355        3.6499        4.0078        3.3916        3.1284         0.041       31.8268     0.1297661     0.0010922     0.0000000     0.0000001     0.0010921     0.0000000     0.0000000     0.0000000     0.0000000     0.0000000 
           6.            0.       21.0000       1.98170        3.6528        4.0078        3.3980        3.1405         0.041       31.8208     0.1286520     0.0010741     0.0000000     0.0000001     0.0010740     0.0000000     0.0000000     0.0000000     0.0000000     0.0000000 
           7.            0.       21.0000       1.97991        3.6556        4.0078        3.4043        3.1521         0.041       31.8151     0.1275893     0.0010567     0.0000000     0.0000001     0.0010566     0.0000000     0.0000000     0.0000000     0.0000000     0.0000000 
           8.            0.       21.0000       1.97816        3.6583        4.0079        3.4103        3.1633         0.040       31.8097     0.1265750     0.0010401     0.0000000     0.0000001     0.0010400     0.0000000     0.0000000     0.0000000     0.0000000     0.0000000 
           8.            0.       21.0000       1.97645        3.6609        4.0079        3.4161        3.1741         0.040       31.8045     0.1256056     0.0010242     0.0000000     0.0000001     0.0010241     0.0000000     0.0000000     0.0000000     0.0000000     0.0000000 
           8.            0.       21.0000       1.97479        3.6634        4.0080        3.4217        3.1845         0.040       31.7997     0.1246787     0.0010090     0.0000000     0.0000001     0.0010089     0.0000000     0.0000000     0.0000000     0.0000000     0.0000000 
           9.            0.       21.0000       1.97317        3.6659        4.0080        3.4271        3.1946         0.040       31.7950     0.1237914     0.0009944     0.0000000     0.0000001     0.0009943     0.0000000     0.0000000     0.0000000     0.0000000     0.0000000 
          10.            0.       21.0000       1.97159        3.6683        4.0081        3.4323        3.2044         0.040       31.7905     0.1229414     0.0009803     0.0000000     0.0000001     0.0009802     0.0000000     0.0000000     0.0000000     0.0000000     0.0000000 
          10.            0.       21.0000       1.97004        3.6706        4.0081        3.4373        3.2138         0.040       31.7863     0.1221265     0.0009668     0.0000000     0.0000001     0.0009667     0.0000000     0.0000000     0.0000000     0.0000000     0.0000000 
          10.            0.       21.0000       1.96853        3.6728        4.0082        3.4421        3.2229         0.039       31.7823     0.1213447     0.0009538     0.0000000     0.0000001     0.0009537     0.0000000     0.0000000     0.0000000     0.0000000     0.0000000 
          11.            0.       21.0000       1.96701        3.6749        4.0082        3.4468        3.2316         0.039       31.7753     0.1205940     0.0009412     0.0000000     0.0000001     0.0009411     0.0000000     0.0000000     0.0000000     0.0000000     0.0000000 
          12.            0.       20.0000       1.96499        3.6764        4.0081        3.4508        3.2396         0.039       31.7631     0.1198846     0.0009292     0.0000000     0.0000001     0.0009291     0.0000000     0.0000000     0.0000000     0.0000000     0.0000000 
          12.            0.       19.0000       1.96279        3.6776        4.0080        3.4545        3.2472         0.039       31.7471     0.1192049     0.0009176     0.0000000     0.0000002     0.0009174     0.0000000     0.0000000     0.0000000     0.0000000     0.0000000 
          12.            0.       18.0000       1.96034        3.6785        4.0077        3.4578        3.2543         0.039       31.7269     0.1185564     0.0009064     0.0000000     0.0000002     0.0009061     0.0000000     0.0000000     0.0000000     0.0000000     0.0000000 
          13.            0.       17.0000       1.95753        3.6791        4.0073        3.4607        3.2609         0.040       31.7019     0.1179334     0.0008953     0.0000000     0.0000004     0.0008950     0.0000000     0.0000000     0.0000000     0.0000000     0.0000000 
          14.            0.       16.0000       1.95423        3.6792        4.0068        3.4631        3.2669         0.040       31.6700     0.1173370     0.0008844     0.0000000     0.0000005     0.0008839     0.0000000     0.0000000     0.0000000     0.0000000     0.0000000 
          14.            0.       15.0000       1.95026        3.6789        4.0061        3.4650        3.2721         0.041       31.6284     0.1167659     0.0008733     0.0000000     0.0000007     0.0008726     0.0000000     0.0000000     0.0000000     0.0000000     0.0000000 
          14.            0.       14.0000       1.94536        3.6779        4.0050        3.4661        3.2765         0.042       31.5733     0.1162220     0.0008622     0.0000000     0.0000010     0.0008611     0.0000000     0.0000000     0.0000000     0.0000000     0.0000000 
          15.            0.       13.0000       1.93919        3.6763        4.0037        3.4664        3.2799         0.043       31.4997     0.1156996     0.0008505     0.0000000     0.0000015     0.0008490     0.0000000     0.0000000     0.0000000     0.0000000     0.0000000 
          16.            0.       12.0000       1.93133        3.6739        4.0020        3.4657        3.2821         0.045       31.3998     0.1152033     0.0008381     0.0000000     0.0000022     0.0008359     0.0000000     0.0000000     0.0000000     0.0000000     0.0000000 
          16.            0.       11.0000       1.92125        3.6705        3.9999        3.4637        3.2829         0.048       31.2630     0.1147307     0.0008247     0.0000000     0.0000033     0.0008214     0.0000000     0.0000000     0.0000000     0.0000000     0.0000000 
          16.            0.       10.0000       1.90834        3.6663        3.9976        3.4605        3.2820         0.050       31.0769     0.1142925     0.0008103     0.0000000     0.0000049     0.0008053     0.0000000     0.0000000     0.0000000     0.0000000     0.0000000 
          17.            0.        9.0000       1.89197        3.6614        3.9954        3.4560        3.2794         0.053       30.8200     0.1139023     0.0007950     0.0000000     0.0000073     0.0007876     0.0000000     0.0000000     0.0000000     0.0000000     0.0000000 
          18.            0.        8.0000       1.87170        3.6561        3.9939        3.4503        3.2751         0.060       30.4623     0.1136024     0.0007802     0.0000000     0.0000110     0.0007691     0.0000000     0.0000000     0.0000000     0.0000000     0.0000000 
          18.            0.        7.0000       1.84742        3.6514        3.9940        3.4443        3.2698         0.071       29.9618     0.1134721     0.0007691     0.0000004     0.0000168     0.0007519     0.0000000     0.0000000     0.0000000     0.0000000     0.0000000 
          18.            0.        6.0000       1.81980        3.6488        3.9961        3.4395        3.2647         0.088       29.2626     0.1136705     0.0007791     0.0000127     0.0000257     0.0007407     0.0000000     0.0000000     0.0000000     0.0000000     0.0000000 
          19.            0.        5.0000       1.79046        3.6509        4.0004        3.4387        3.2628         0.109       28.2779     0.1145037     0.0010191     0.0002344     0.0000402     0.0007445     0.0000000     0.0000000     0.0000000     0.0000000     0.0000000 
          20.            0.        4.0000       1.76179        3.6618        4.0063        3.4468        3.2693         0.134       26.8395     0.1165114     0.0034133     0.0025679     0.0000652     0.0007802     0.0000000     0.0000000     0.0000000     0.0000000     0.0000000 
          20.            0.        3.0000       1.74168        3.6882        4.0130        3.4743        3.2973         0.141       25.5838     0.1210506     0.0178338     0.0168187     0.0001134     0.0009017     0.0000000     0.0000000     0.0000000     0.0000000     0.0000000 
          20.            0.        3.0000       1.72498        3.6925        4.0134        3.4814        3.3082         0.134       25.1253     0.1192543     0.0166179     0.0156662     0.0001115     0.0008403     0.0000000     0.0000000     0.0000000     0.0000000     0.0000000 
          21.            0.        3.0000       1.71067        3.6975        4.0138        3.4892        3.3200         0.135       24.9761     0.1175982     0.0156139     0.0147160     0.0001099     0.0007880     0.0000000     0.0000000     0.0000000     0.0000000     0.0000000 
          22.            0.        3.0000       1.69751        3.7023        4.0141        3.4969        3.3314         0.136       24.9179     0.1160594     0.0147262     0.0138759     0.0001085     0.0007418     0.0000000     0.0000000     0.0000000     0.0000000     0.0000000 
          22.            0.        3.0000       1.68516        3.7069        4.0145        3.5041        3.3422         0.137       24.8926     0.1146266     0.0139261     0.0131183     0.0001071     0.0007006     0.0000000     0.0000000     0.0000000     0.0000000     0.0000000 
          22.            0.        3.0000       1.67348        3.7112        4.0148        3.5109        3.3524         0.138       24.8804     0.1132887     0.0131983     0.0124289     0.0001059     0.0006635     0.0000000     0.0000000     0.0000000     0.0000000     0.0000000 
          23.            0.        3.0000       1.66238        3.7154        4.0151        3.5174        3.3619         0.139       24.8740     0.1120358     0.0125327     0.0117980     0.0001047     0.0006300     0.0000000     0.0000000     0.0000000     0.0000000     0.0000000 
          24.            0.        3.0000       1.65182        3.7193        4.0155        3.5235        3.3709         0.140       24.8709     0.1108596     0.0119216     0.0112185     0.0001036     0.0005995     0.0000000     0.0000000     0.0000000     0.0000000     0.0000000 
          24.            0.        3.0000       1.64173        3.7230        4.0158        3.5292        3.3793         0.141       24.8702     0.1097525     0.0113587     0.0106845     0.0001025     0.0005717     0.0000000     0.0000000     0.0000000     0.0000000     0.0000000 
          24.            0.        3.0000       1.63210        3.7265        4.0160        3.5346        3.3873         0.141       24.8712     0.1087083     0.0108389     0.0101912     0.0001015     0.0005462     0.0000000     0.0000000     0.0000000     0.0000000     0.0000000 
          25.            0.        3.0000       1.62287        3.7299        4.0163        3.5398        3.3948         0.142       24.8739     0.1077212     0.0103576     0.0097342     0.0001005     0.0005229     0.0000000     0.0000000     0.0000000     0.0000000     0.0000000 
          26.            0.        3.0000       1.61403        3.7331        4.0166        3.5447        3.4019         0.142       24.8780     0.1067866     0.0099110     0.0093101     0.0000996     0.0005013     0.0000000     0.0000000     0.0000000     0.0000000     0.0000000 
          26.            0.        3.0000       1.60555        3.7361        4.0169        3.5493        3.4086         0.143       24.8835     0.1059000     0.0094956     0.0089154     0.0000987     0.0004815     0.0000000     0.0000000     0.0000000     0.0000000     0.0000000 
          26.            0.        3.0000       1.59740        3.7390        4.0171        3.5538        3.4150         0.143       24.8902     0.1050575     0.0091085     0.0085476     0.0000978     0.0004631     0.0000000     0.0000000     0.0000000     0.0000000     0.0000000 
          27.            0.        3.0000       1.58956        3.7418        4.0174        3.5580        3.4210         0.144       24.8981     0.1042558     0.0087472     0.0082041     0.0000970     0.0004460     0.0000000     0.0000000     0.0000000     0.0000000     0.0000000 
          28.            0.        3.0000       1.58202        3.7445        4.0176        3.5620        3.4268         0.144       24.9072     0.1034918     0.0084092     0.0078828     0.0000962     0.0004301     0.0000000     0.0000000     0.0000000     0.0000000     0.0000000 
          28.            0.        3.0000       1.57475        3.7471        4.0178        3.5659        3.4323         0.145       24.9173     0.1027628     0.0080925     0.0075817     0.0000955     0.0004153     0.0000000     0.0000000     0.0000000     0.0000000     0.0000000 
          28.            0.        3.0000       1.56773        3.7496        4.0180        3.5696        3.4375         0.146       24.9283     0.1020663     0.0077953     0.0072991     0.0000947     0.0004015     0.0000000     0.0000000     0.0000000     0.0000000     0.0000000 
          29.            0.        3.0000       1.56096        3.7520        4.0183        3.5731        3.4424         0.147       24.9403     0.1013999     0.0075160     0.0070334     0.0000940     0.0003886     0.0000000     0.0000000     0.0000000     0.0000000     0.0000000 
          30.            0.        3.0000       1.55442        3.7542        4.0185        3.5765        3.4472         0.148       24.9532     0.1007617     0.0072531     0.0067834     0.0000933     0.0003764     0.0000000     0.0000000     0.0000000     0.0000000     0.0000000 
          30.            0.        3.0000       1.54809        3.7564        4.0187        3.5798        3.4517         0.149       24.9668     0.1001498     0.0070054     0.0065476     0.0000927     0.0003650     0.0000000     0.0000000     0.0000000     0.0000000     0.0000000 
          30.            0.        3.0000       1.54197        3.7586        4.0189        3.5829        3.4561         0.150       24.9811     0.0995624     0.0067714     0.0063251     0.0000920     0.0003543     0.0000000     0.0000000     0.0000000     0.0000000     0.0000000 
          31.            0.        3.0000       1.53604        3.7606        4.0191        3.5859        3.4602         0.151       24.9960     0.0989982     0.0065503     0.0061147     0.0000914     0.0003442     0.0000000     0.0000000     0.0000000     0.0000000     0.0000000 
          32.            0.        3.0000       1.53030        3.7626        4.0193        3.5888        3.4642         0.152       25.0115     0.0984555     0.0063410     0.0059155     0.0000908     0.0003347     0.0000000     0.0000000     0.0000000     0.0000000     0.0000000 
          32.            0.        3.0000       1.52472        3.7645        4.0194        3.5916        3.4680         0.153       25.0275     0.0979331     0.0061427     0.0057268     0.0000903     0.0003257     0.0000000     0.0000000     0.0000000     0.0000000     0.0000000 
          32.            0.        3.0000       1.51931        3.7664        4.0196        3.5943        3.4716         0.155       25.0440     0.0974298     0.0059546     0.0055478     0.0000897     0.0003171     0.0000000     0.0000000     0.0000000     0.0000000     0.0000000 
          33.            0.        3.0000       1.51406        3.7682        4.0198        3.5969        3.4751         0.156       25.0609     0.0969446     0.0057760     0.0053778     0.0000892     0.0003090     0.0000000     0.0000000     0.0000000     0.0000000     0.0000000 
          34.            0.        3.0000       1.50895        3.7699        4.0200        3.5994        3.4785         0.157       25.0782     0.0964763     0.0056062     0.0052162     0.0000886     0.0003014     0.0000000     0.0000000     0.0000000     0.0000000     0.0000000 
          34.            0.        3.0000       1.50399        3.7716        4.0201        3.6018        3.4817         0.159       25.0958     0.0960240     0.0054446     0.0050624     0.0000881     0.0002941     0.0000000     0.0000000     0.0000000     0.0000000     0.0000000 
          34.            0.        3.0000       1.49916        3.7732        4.0203        3.6041        3.4848         0.160       25.1137     0.0955868     0.0052907     0.0049159     0.0000876     0.0002871     0.0000000     0.0000000     0.0000000     0.0000000     0.0000000 
          35.            0.        3.0000       1.49447        3.7748        4.0204        3.6064        3.4878         0.161       25.1320     0.0951639     0.0051440     0.0047763     0.0000872     0.0002805     0.0000000     0.0000000     0.0000000     0.0000000     0.0000000 
          36.            0.        3.0000       1.48989        3.7764        4.0206        3.6086        3.4907         0.163       25.1504     0.0947546     0.0050040     0.0046431     0.0000867     0.0002742     0.0000000     0.0000000     0.0000000     0.0000000     0.0000000 
          36.            0.        3.0000       1.48543        3.7779        4.0208        3.6107        3.4935         0.164       25.1691     0.0943582     0.0048704     0.0045159     0.0000862     0.0002682     0.0000000     0.0000000     0.0000000     0.0000000     0.0000000 
          36.            0.        3.0000       1.48109        3.7793        4.0209        3.6127        3.4962         0.166       25.1880     0.0939739     0.0047426     0.0043943     0.0000858     0.0002625     0.0000000     0.0000000     0.0000000     0.0000000     0.0000000 
          37.            0.        3.0000       1.47685        3.7807        4.0211        3.6147        3.4988         0.167       25.2071     0.0936013     0.0046204     0.0042780     0.0000854     0.0002570     0.0000000     0.0000000     0.0000000     0.0000000     0.0000000 
          38.            0.        3.0000       1.47272        3.7821        4.0212        3.6166        3.5013         0.168       25.2264     0.0932396     0.0045035     0.0041667     0.0000849     0.0002518     0.0000000     0.0000000     0.0000000     0.0000000     0.0000000 
          38.            0.        3.0000       1.46868        3.7834        4.0213        3.6185        3.5037         0.170       25.2458     0.0928885     0.0043914     0.0040601     0.0000845     0.0002468     0.0000000     0.0000000     0.0000000     0.0000000     0.0000000 
          38.            0.        3.0000       1.46474        3.7847        4.0215        3.6203        3.5060         0.171       25.2654     0.0925472     0.0042840     0.0039580     0.0000841     0.0002419     0.0000000     0.0000000     0.0000000     0.0000000     0.0000000 
          39.            0.        3.0000       1.46089        3.7860        4.0216        3.6221        3.5082         0.173       25.2851     0.0922156     0.0041810     0.0038599     0.0000837     0.0002373     0.0000000     0.0000000     0.0000000     0.0000000     0.0000000 
          40.            0.        3.0000       1.45713        3.7872        4.0217        3.6238        3.5104         0.174       25.3050     0.0918929     0.0040821     0.0037658     0.0000834     0.0002329     0.0000000     0.0000000     0.0000000     0.0000000     0.0000000 
          40.            0.        3.0000       1.45345        3.7885        4.0219        3.6254        3.5125         0.176       25.3249     0.0915790     0.0039871     0.0036755     0.0000830     0.0002286     0.0000000     0.0000000     0.0000000     0.0000000     0.0000000 
          40.            0.        3.0000       1.44986        3.7896        4.0220        3.6271        3.5146         0.177       25.3449     0.0912733     0.0038958     0.0035886     0.0000826     0.0002245     0.0000000     0.0000000     0.0000000     0.0000000     0.0000000 
          41.            0.        3.0000       1.44634        3.7908        4.0221        3.6286        3.5166         0.179       25.3650     0.0909755     0.0038080     0.0035051     0.0000823     0.0002206     0.0000000     0.0000000     0.0000000     0.0000000     0.0000000 
          42.            0.        3.0000       1.44290        3.7919        4.0222        3.6302        3.5185         0.180       25.3852     0.0906853     0.0037235     0.0034248     0.0000819     0.0002168     0.0000000     0.0000000     0.0000000     0.0000000     0.0000000 
          42.            0.        3.0000       1.43952        3.7930        4.0224        3.6317        3.5204         0.182       25.4055     0.0904023     0.0036422     0.0033474     0.0000816     0.0002132     0.0000000     0.0000000     0.0000000     0.0000000     0.0000000 
          42.            0.        3.0000       1.43622        3.7941        4.0225        3.6331        3.5222         0.183       25.4258     0.0901262     0.0035638     0.0032729     0.0000813     0.0002096     0.0000000     0.0000000     0.0000000     0.0000000     0.0000000 
          43.            0.        3.0000       1.43299        3.7951        4.0226        3.6345        3.5239         0.185       25.4462     0.0898568     0.0034882     0.0032011     0.0000809     0.0002062     0.0000000     0.0000000     0.0000000     0.0000000     0.0000000 
          44.            0.        3.0000       1.42982        3.7961        4.0227        3.6359        3.5257         0.186       25.4666     0.0895938     0.0034154     0.0031318     0.0000806     0.0002030     0.0000000     0.0000000     0.0000000     0.0000000     0.0000000 
          44.            0.        3.0000       1.42672        3.7971        4.0228        3.6373        3.5273         0.188       25.4871     0.0893368     0.0033451     0.0030650     0.0000803     0.0001998     0.0000000     0.0000000     0.0000000     0.0000000     0.0000000 
          44.            0.        3.0000       1.42368        3.7981        4.0229        3.6386        3.5290         0.190       25.5077     0.0890858     0.0032772     0.0030005     0.0000800     0.0001967     0.0000000     0.0000000     0.0000000     0.0000000     0.0000000 
          45.            0.        3.0000       1.42069        3.7991        4.0230        3.6399        3.5305         0.191       25.5282     0.0888404     0.0032117     0.0029382     0.0000797     0.0001938     0.0000000     0.0000000     0.0000000     0.0000000     0.0000000 
          46.            0.        3.0000       1.41776        3.8000        4.0232        3.6411        3.5321         0.193       25.5488     0.0886004     0.0031484     0.0028780     0.0000794     0.0001909     0.0000000     0.0000000     0.0000000     0.0000000     0.0000000 
          46.            0.        3.0000       1.41489        3.8009        4.0233        3.6424        3.5336         0.194       25.5694     0.0883657     0.0030871     0.0028198     0.0000791     0.0001882     0.0000000     0.0000000     0.0000000     0.0000000     0.0000000 
          46.            0.        3.0000       1.41207        3.8018        4.0234        3.6436        3.5350         0.196       25.5901     0.0881359     0.0030279     0.0027636     0.0000788     0.0001855     0.0000000     0.0000000     0.0000000     0.0000000     0.0000000 
          47.            0.        3.0000       1.40930        3.8027        4.0235        3.6448        3.5365         0.198       25.6107     0.0879110     0.0029706     0.0027092     0.0000786     0.0001829     0.0000000     0.0000000     0.0000000     0.0000000     0.0000000 
          48.            0.        3.0000       1.40658        3.8035        4.0236        3.6459        3.5378         0.199       25.6314     0.0876908     0.0029152     0.0026565     0.0000783     0.0001804     0.0000000     0.0000000     0.0000000     0.0000000     0.0000000 
          48.            0.        3.0000       1.40391        3.8044        4.0237        3.6470        3.5392         0.201       25.6521     0.0874751     0.0028615     0.0026055     0.0000780     0.0001779     0.0000000     0.0000000     0.0000000     0.0000000     0.0000000 
          48.            0.        3.0000       1.40129        3.8052        4.0238        3.6481        3.5405         0.203       25.6728     0.0872637     0.0028094     0.0025561     0.0000778     0.0001756     0.0000000     0.0000000     0.0000000     0.0000000     0.0000000 
          49.            0.        3.0000       1.39871        3.8060        4.0239        3.6492        3.5418         0.205       25.6935     0.0870565     0.0027590     0.0025082     0.0000775     0.0001733     0.0000000     0.0000000     0.0000000     0.0000000     0.0000000 
          50.            0.        3.0000       1.39618        3.8068        4.0240        3.6503        3.5431         0.206       25.7142     0.0868533     0.0027101     0.0024618     0.0000773     0.0001710     0.0000000     0.0000000     0.0000000     0.0000000     0.0000000 
          50.            0.        3.0000       1.39369        3.8076        4.0240        3.6513        3.5443         0.208       25.7349     0.0866541     0.0026627     0.0024168     0.0000770     0.0001689     0.0000000     0.0000000     0.0000000     0.0000000     0.0000000 
          50.            0.        3.0000       1.39124        3.8084        4.0241        3.6523        3.5456         0.210       25.7556     0.0864586     0.0026167     0.0023732     0.0000768     0.0001668     0.0000000     0.0000000     0.0000000     0.0000000     0.0000000 
          51.            0.        3.0000       1.38884        3.8091        4.0242        3.6533        3.5467         0.212       25.7763     0.0862668     0.0025720     0.0023308     0.0000765     0.0001647     0.0000000     0.0000000     0.0000000     0.0000000     0.0000000 
          52.            0.        3.0000       1.38647        3.8099        4.0243        3.6543        3.5479         0.213       25.7970     0.0860785     0.0025287     0.0022896     0.0000763     0.0001627     0.0000000     0.0000000     0.0000000     0.0000000     0.0000000 
          52.            0.        3.0000       1.38414        3.8106        4.0244        3.6552        3.5490         0.215       25.8176     0.0858936     0.0024866     0.0022497     0.0000761     0.0001608     0.0000000     0.0000000     0.0000000     0.0000000     0.0000000 
          52.            0.        3.0000       1.38184        3.8113        4.0245        3.6561        3.5502         0.217       25.8383     0.0857121     0.0024456     0.0022109     0.0000759     0.0001589     0.0000000     0.0000000     0.0000000     0.0000000     0.0000000 
          53.            0.        3.0000       1.37959        3.8120        4.0246        3.6571        3.5512         0.219       25.8589     0.0855336     0.0024059     0.0021732     0.0000756     0.0001571     0.0000000     0.0000000     0.0000000     0.0000000     0.0000000 
          54.            0.        3.0000       1.37736        3.8127        4.0247        3.6580        3.5523         0.221       25.8795     0.0853584     0.0023672     0.0021365     0.0000754     0.0001553     0.0000000     0.0000000     0.0000000     0.0000000     0.0000000 
          54.            0.        3.0000       1.37518        3.8133        4.0247        3.6589        3.5534         0.223       25.9001     0.0851861     0.0023296     0.0021009     0.0000752     0.0001535     0.0000000     0.0000000     0.0000000     0.0000000     0.0000000 
          54.            0.        3.0000       1.37302        3.8140        4.0248        3.6597        3.5544         0.225       25.9207     0.0850169     0.0022930     0.0020662     0.0000750     0.0001518     0.0000000     0.0000000     0.0000000     0.0000000     0.0000000 
          55.            0.        3.0000       1.37090        3.8147        4.0249        3.6606        3.5554         0.226       25.9412     0.0848503     0.0022574     0.0020325     0.0000748     0.0001502     0.0000000     0.0000000     0.0000000     0.0000000     0.0000000 
          56.            0.        3.0000       1.36881        3.8153        4.0250        3.6614        3.5564         0.228       25.9617     0.0846866     0.0022228     0.0019996     0.0000746     0.0001486     0.0000000     0.0000000     0.0000000     0.0000000     0.0000000 
          56.            0.        3.0000       1.36675        3.8159        4.0251        3.6622        3.5574         0.230       25.9822     0.0845255     0.0021891     0.0019677     0.0000744     0.0001470     0.0000000     0.0000000     0.0000000     0.0000000     0.0000000 
          56.            0.        3.0000       1.36472        3.8165        4.0251        3.6630        3.5583         0.232       26.0026     0.0843669     0.0021562     0.0019366     0.0000742     0.0001455     0.0000000     0.0000000     0.0000000     0.0000000     0.0000000 
          57.            0.        3.0000       1.36272        3.8172        4.0252        3.6638        3.5593         0.234       26.0231     0.0842110     0.0021242     0.0019062     0.0000740     0.0001440     0.0000000     0.0000000     0.0000000     0.0000000     0.0000000 
          58.            0.        3.0000       1.36075        3.8178        4.0253        3.6646        3.5602         0.236       26.0434     0.0840575     0.0020930     0.0018767     0.0000738     0.0001425     0.0000000     0.0000000     0.0000000     0.0000000     0.0000000 
          58.            0.        3.0000       1.35881        3.8183        4.0254        3.6654        3.5611         0.238       26.0637     0.0839063     0.0020626     0.0018479     0.0000736     0.0001411     0.0000000     0.0000000     0.0000000     0.0000000     0.0000000 
          58.            0.        3.0000       1.35689        3.8189        4.0254        3.6661        3.5620         0.240       26.0841     0.0837575     0.0020329     0.0018198     0.0000734     0.0001397     0.0000000     0.0000000     0.0000000     0.0000000     0.0000000 
          59.            0.        3.0000       1.35500        3.8195        4.0255        3.6669        3.5629         0.242       26.1043     0.0836109     0.0020040     0.0017925     0.0000732     0.0001383     0.0000000     0.0000000     0.0000000     0.0000000     0.0000000 
          60.            0.        3.0000       1.35314        3.8201        4.0256        3.6676        3.5637         0.244       26.1245     0.0834664     0.0019758     0.0017658     0.0000730     0.0001370     0.0000000     0.0000000     0.0000000     0.0000000     0.0000000 
          60.            0.        3.0000       1.35130        3.8206        4.0257        3.6683        3.5646         0.246       26.1447     0.0833242     0.0019483     0.0017397     0.0000729     0.0001357     0.0000000     0.0000000     0.0000000     0.0000000     0.0000000 
          60.            0.        3.0000       1.34948        3.8212        4.0257        3.6690        3.5654         0.248       26.1648     0.0831841     0.0019214     0.0017143     0.0000727     0.0001344     0.0000000     0.0000000     0.0000000     0.0000000     0.0000000 
          61.            0.        3.0000       1.34769        3.8217        4.0258        3.6697        3.5662         0.250       26.1849     0.0830459     0.0018952     0.0016895     0.0000725     0.0001332     0.0000000     0.0000000     0.0000000     0.0000000     0.0000000 
          62.            0.        3.0000       1.34593        3.8222        4.0259        3.6704        3.5671         0.251       26.2049     0.0829096     0.0018696     0.0016653     0.0000723     0.0001319     0.0000000     0.0000000     0.0000000     0.0000000     0.0000000 
          62.            0.        3.0000       1.34418        3.8228        4.0259        3.6711        3.5679         0.253       26.2249     0.0827754     0.0018446     0.0016417     0.0000722     0.0001307     0.0000000     0.0000000     0.0000000     0.0000000     0.0000000 
          62.            0.        3.0000       1.34246        3.8233        4.0260        3.6718        3.5686         0.255       26.2449     0.0826430     0.0018202     0.0016186     0.0000720     0.0001296     0.0000000     0.0000000     0.0000000     0.0000000     0.0000000 
          63.            0.        3.0000       1.34076        3.8238        4.0261        3.6724        3.5694         0.257       26.2648     0.0825124     0.0017963     0.0015960     0.0000718     0.0001284     0.0000000     0.0000000     0.0000000     0.0000000     0.0000000 
          64.            0.        3.0000       1.33909        3.8243        4.0261        3.6731        3.5702         0.259       26.2847     0.0823836     0.0017730     0.0015740     0.0000717     0.0001273     0.0000000     0.0000000     0.0000000     0.0000000     0.0000000 
          64.            0.        3.0000       1.33743        3.8248        4.0262        3.6737        3.5709         0.261       26.3045     0.0822566     0.0017502     0.0015524     0.0000715     0.0001262     0.0000000     0.0000000     0.0000000     0.0000000     0.0000000 
          64.            0.        3.0000       1.33579        3.8253        4.0263        3.6743        3.5717         0.263       26.3243     0.0821313     0.0017279     0.0015314     0.0000714     0.0001251     0.0000000     0.0000000     0.0000000     0.0000000     0.0000000 
          65.            0.        3.0000       1.33418        3.8257        4.0263        3.6749        3.5724         0.265       26.3441     0.0820076     0.0017061     0.0015108     0.0000712     0.0001241     0.0000000     0.0000000     0.0000000     0.0000000     0.0000000 
          66.            0.        3.0000       1.33258        3.8262        4.0264        3.6756        3.5731         0.267       26.3639     0.0818855     0.0016848     0.0014907     0.0000710     0.0001231     0.0000000     0.0000000     0.0000000     0.0000000     0.0000000 
          66.            0.        3.0000       1.33101        3.8267        4.0264        3.6762        3.5738         0.269       26.3835     0.0817651     0.0016639     0.0014710     0.0000709     0.0001220     0.0000000     0.0000000     0.0000000     0.0000000     0.0000000 
          66.            0.        3.0000       1.32945        3.8271        4.0265        3.6767        3.5745         0.271       26.4032     0.0816461     0.0016435     0.0014517     0.0000707     0.0001211     0.0000000     0.0000000     0.0000000     0.0000000     0.0000000 
          67.            0.        3.0000       1.32791        3.8276        4.0266        3.6773        3.5752         0.273       26.4228     0.0815288     0.0016236     0.0014329     0.0000706     0.0001201     0.0000000     0.0000000     0.0000000     0.0000000     0.0000000 
          68.            0.        3.0000       1.32639        3.8280        4.0266        3.6779        3.5759         0.275       26.4424     0.0814129     0.0016040     0.0014144     0.0000705     0.0001191     0.0000000     0.0000000     0.0000000     0.0000000     0.0000000 
          68.            0.        3.0000       1.32489        3.8285        4.0267        3.6785        3.5766         0.277       26.4620     0.0812984     0.0015849     0.0013964     0.0000703     0.0001182     0.0000000     0.0000000     0.0000000     0.0000000     0.0000000 
          68.            0.        3.0000       1.32340        3.8289        4.0267        3.6790        3.5773         0.279       26.4815     0.0811855     0.0015662     0.0013787     0.0000702     0.0001173     0.0000000     0.0000000     0.0000000     0.0000000     0.0000000 
          69.            0.        3.0000       1.32193        3.8293        4.0268        3.6796        3.5779         0.281       26.5011     0.0810738     0.0015478     0.0013614     0.0000700     0.0001164     0.0000000     0.0000000     0.0000000     0.0000000     0.0000000 
          70.            0.        3.0000       1.32048        3.8298        4.0269        3.6801        3.5786         0.283       26.5206     0.0809636     0.0015299     0.0013445     0.0000699     0.0001155     0.0000000     0.0000000     0.0000000     0.0000000     0.0000000 
          70.            0.        3.0000       1.31905        3.8302        4.0269        3.6807        3.5792         0.285       26.5400     0.0808546     0.0015123     0.0013279     0.0000697     0.0001146     0.0000000     0.0000000     0.0000000     0.0000000     0.0000000 
          70.            0.        3.0000       1.31763        3.8306        4.0270        3.6812        3.5798         0.287       26.5595     0.0807470     0.0014950     0.0013117     0.0000696     0.0001138     0.0000000     0.0000000     0.0000000     0.0000000     0.0000000 
          71.            0.        3.0000       1.31622        3.8310        4.0270        3.6817        3.5805         0.289       26.5789     0.0806406     0.0014781     0.0012957     0.0000695     0.0001129     0.0000000     0.0000000     0.0000000     0.0000000     0.0000000 
          72.            0.        3.0000       1.31484        3.8314        4.0271        3.6822        3.5811         0.291       26.5983     0.0805356     0.0014616     0.0012801     0.0000693     0.0001121     0.0000000     0.0000000     0.0000000     0.0000000     0.0000000 
          72.            0.        3.0000       1.31346        3.8318        4.0271        3.6828        3.5817         0.293       26.6176     0.0804317     0.0014453     0.0012648     0.0000692     0.0001113     0.0000000     0.0000000     0.0000000     0.0000000     0.0000000 
          72.            0.        3.0000       1.31211        3.8322        4.0272        3.6833        3.5823         0.295       26.6369     0.0803290     0.0014294     0.0012498     0.0000691     0.0001105     0.0000000     0.0000000     0.0000000     0.0000000     0.0000000 
          73.            0.        3.0000       1.31076        3.8326        4.0272        3.6838        3.5829         0.297       26.6562     0.0802275     0.0014138     0.0012351     0.0000689     0.0001097     0.0000000     0.0000000     0.0000000     0.0000000     0.0000000 
          74.            0.        3.0000       1.30944        3.8329        4.0273        3.6842        3.5835         0.299       26.6755     0.0801271     0.0013985     0.0012207     0.0000688     0.0001090     0.0000000     0.0000000     0.0000000     0.0000000     0.0000000 
          74.            0.        3.0000       1.30812        3.8333        4.0273        3.6847        3.5841         0.301       26.6947     0.0800279     0.0013835     0.0012066     0.0000687     0.0001082     0.0000000     0.0000000     0.0000000     0.0000000     0.0000000 
          74.            0.        3.0000       1.30682        3.8337        4.0274        3.6852        3.5846         0.303       26.7140     0.0799298     0.0013688     0.0011927     0.0000686     0.0001075     0.0000000     0.0000000     0.0000000     0.0000000     0.0000000 
          75.            0.        3.0000       1.30554        3.8341        4.0274        3.6857        3.5852         0.306       26.7331     0.0798328     0.0013543     0.0011791     0.0000684     0.0001067     0.0000000     0.0000000     0.0000000     0.0000000     0.0000000 
          76.            0.        3.0000       1.30426        3.8344        4.0275        3.6862        3.5858         0.308       26.7522     0.0797368     0.0013401     0.0011658     0.0000683     0.0001060     0.0000000     0.0000000     0.0000000     0.0000000     0.0000000 
          76.            0.        3.0000       1.30300        3.8348        4.0275        3.6866        3.5863         0.310       26.7714     0.0796419     0.0013262     0.0011527     0.0000682     0.0001053     0.0000000     0.0000000     0.0000000     0.0000000     0.0000000 
          76.            0.        3.0000       1.30175        3.8351        4.0276        3.6871        3.5869         0.312       26.7905     0.0795480     0.0013125     0.0011398     0.0000681     0.0001046     0.0000000     0.0000000     0.0000000     0.0000000     0.0000000 
          77.            0.        3.0000       1.30052        3.8355        4.0276        3.6875        3.5874         0.314       26.8098     0.0794552     0.0012991     0.0011272     0.0000680     0.0001039     0.0000000     0.0000000     0.0000000     0.0000000     0.0000000 
          78.            0.        3.0000       1.29930        3.8358        4.0277        3.6880        3.5880         0.316       26.8295     0.0793634     0.0012860     0.0011149     0.0000679     0.0001033     0.0000000     0.0000000     0.0000000     0.0000000     0.0000000 
          78.            0.        3.0000       1.29810        3.8362        4.0277        3.6884        3.5885         0.318       26.8507     0.0792730     0.0012732     0.0011028     0.0000677     0.0001026     0.0000000     0.0000000     0.0000000     0.0000000     0.0000000 
          78.            0.        3.0000       1.29694        3.8365        4.0278        3.6889        3.5890         0.321       26.8763     0.0791844     0.0012608     0.0010912     0.0000676     0.0001020     0.0000000     0.0000000     0.0000000     0.0000000     0.0000000 
          79.            0.        3.0000       1.29585        3.8369        4.0278        3.6893        3.5896         0.323       26.9150     0.0790997     0.0012493     0.0010804     0.0000675     0.0001014     0.0000000     0.0000000     0.0000000     0.0000000     0.0000000 
          80.            0.        3.0000       1.29498        3.8374        4.0279        3.6899        3.5903         0.326       26.9915     0.0790247     0.0012401     0.0010718     0.0000675     0.0001008     0.0000000     0.0000000     0.0000000     0.0000000     0.0000000 
          80.            0.        3.0000       1.30014        3.8385        4.0278        3.6917        3.5926         0.343       28.0545     0.0792655     0.0012926     0.0011216     0.0000680     0.0001029     0.0000000     0.0000000     0.0000000     0.0000000     0.0000000 
          80.            0.        4.0000       1.31040        3.8197        4.0220        3.6736        3.5757         0.364       30.2862     0.0745510     0.0001493     0.0000276     0.0000396     0.0000821     0.0000000     0.0000000     0.0000000     0.0000000     0.0000000 
          81.            0.        5.0000       1.33176        3.8116        4.0177        3.6679        3.5722         0.360       31.9723     0.0724577     0.0001009     0.0000003     0.0000248     0.0000758     0.0000000     0.0000000     0.0000000     0.0000000     0.0000000 
          82.            0.        6.0000       1.35330        3.8099        4.0150        3.6688        3.5751         0.347       32.8948     0.0714322     0.0000899     0.0000000     0.0000160     0.0000739     0.0000000     0.0000000     0.0000000     0.0000000     0.0000000 
          82.            0.        7.0000       1.37200        3.8115        4.0138        3.6727        3.5805         0.333       33.2946     0.0709111     0.0000842     0.0000000     0.0000105     0.0000736     0.0000000     0.0000000     0.0000000     0.0000000     0.0000000 
          82.            0.        8.0000       1.38721        3.8146        4.0139        3.6776        3.5865         0.322       33.3929     0.0706415     0.0000809     0.0000000     0.0000070     0.0000740     0.0000000     0.0000000     0.0000000     0.0000000     0.0000000 
          83.            0.        9.0000       1.39912        3.8183        4.0148        3.6824        3.5921         0.313       33.3419     0.0704983     0.0000791     0.0000000     0.0000046     0.0000745     0.0000000     0.0000000     0.0000000     0.0000000     0.0000000 
          84.            0.       10.0000       1.40821        3.8219        4.0160        3.6869        3.5971         0.306       33.2319     0.0704181     0.0000781     0.0000000     0.0000031     0.0000750     0.0000000     0.0000000     0.0000000     0.0000000     0.0000000 
          84.            0.       11.0000       1.41502        3.8252        4.0174        3.6907        3.6013         0.301       33.1095     0.0703661     0.0000775     0.0000000     0.0000021     0.0000754     0.0000000     0.0000000     0.0000000     0.0000000     0.0000000 
          84.            0.       12.0000       1.42005        3.8281        4.0186        3.6939        3.6047         0.297       32.9955     0.0703281     0.0000771     0.0000000     0.0000014     0.0000757     0.0000000     0.0000000     0.0000000     0.0000000     0.0000000 
          85.            0.       13.0000       1.42370        3.8306        4.0197        3.6966        3.6075         0.295       32.8970     0.0702943     0.0000768     0.0000000     0.0000010     0.0000758     0.0000000     0.0000000     0.0000000     0.0000000     0.0000000 
          86.            0.       14.0000       1.42633        3.8326        4.0206        3.6987        3.6097         0.294       32.8153     0.0702644     0.0000766     0.0000000     0.0000007     0.0000759     0.0000000     0.0000000     0.0000000     0.0000000     0.0000000 
          86.            0.       15.0000       1.42820        3.8343        4.0213        3.7004        3.6115         0.293       32.7484     0.0702340     0.0000764     0.0000000     0.0000005     0.0000759     0.0000000     0.0000000     0.0000000     0.0000000     0.0000000 
          86.            0.       16.0000       1.42951        3.8357        4.0219        3.7017        3.6129         0.293       32.6942     0.0702066     0.0000762     0.0000000     0.0000003     0.0000759     0.0000000     0.0000000     0.0000000     0.0000000     0.0000000 
          87.            0.       17.0000       1.43043        3.8368        4.0222        3.7028        3.6140         0.294       32.6507     0.0701805     0.0000761     0.0000000     0.0000002     0.0000758     0.0000000     0.0000000     0.0000000     0.0000000     0.0000000 
          88.            0.       18.0000       1.43105        3.8377        4.0225        3.7037        3.6150         0.294       32.6159     0.0701555     0.0000759     0.0000000     0.0000002     0.0000758     0.0000000     0.0000000     0.0000000     0.0000000     0.0000000 
          88.            0.       19.0000       1.43146        3.8385        4.0227        3.7044        3.6157         0.295       32.5879     0.0701299     0.0000758     0.0000000     0.0000001     0.0000757     0.0000000     0.0000000     0.0000000     0.0000000     0.0000000 
          88.            0.       20.0000       1.43173        3.8391        4.0228        3.7050        3.6164         0.296       32.5662     0.0701076     0.0000757     0.0000000     0.0000001     0.0000756     0.0000000     0.0000000     0.0000000     0.0000000     0.0000000 
          89.            0.       21.0000       1.43190        3.8396        4.0229        3.7055        3.6169         0.297       32.5494     0.0700865     0.0000756     0.0000000     0.0000001     0.0000755     0.0000000     0.0000000     0.0000000     0.0000000     0.0000000 
          90.            0.       21.0000       1.43173        3.8396        4.0229        3.7056        3.6171         0.298       32.5415     0.0700715     0.0000755     0.0000000     0.0000001     0.0000755     0.0000000     0.0000000     0.0000000     0.0000000     0.0000000 
          90.            0.       21.0000       1.43163        3.8397        4.0229        3.7057        3.6173         0.300       32.5414     0.0700571     0.0000755     0.0000000     0.0000001     0.0000754     0.0000000     0.0000000     0.0000000     0.0000000     0.0000000 
          90.            0.       21.0000       1.43152        3.8398        4.0230        3.7059        3.6176         0.301       32.5407     0.0700426     0.0000754     0.0000000     0.0000001     0.0000753     0.0000000     0.0000000     0.0000000     0.0000000     0.0000000 
          91.            0.       21.0000       1.43142        3.8399        4.0230        3.7061        3.6178         0.302       32.5398     0.0700282     0.0000753     0.0000000     0.0000001     0.0000753     0.0000000     0.0000000     0.0000000     0.0000000     0.0000000 
          92.            0.       21.0000       1.43131        3.8400        4.0230        3.7062        3.6180         0.304       32.5388     0.0700138     0.0000753     0.0000000     0.0000001     0.0000752     0.0000000     0.0000000     0.0000000     0.0000000     0.0000000 
          92.            0.       21.0000       1.43120        3.8401        4.0230        3.7064        3.6183         0.305       32.5378     0.0699994     0.0000752     0.0000000     0.0000001     0.0000751     0.0000000     0.0000000     0.0000000     0.0000000     0.0000000 
          92.            0.       21.0000       1.43109        3.8402        4.0230        3.7065        3.6185         0.307       32.5368     0.0699851     0.0000751     0.0000000     0.0000001     0.0000751     0.0000000     0.0000000     0.0000000     0.0000000     0.0000000 
          93.            0.       21.0000       1.43099        3.8403        4.0230        3.7067        3.6187         0.308       32.5357     0.0699708     0.0000751     0.0000000     0.0000001     0.0000750     0.0000000     0.0000000     0.0000000     0.0000000     0.0000000 
          94.            0.       21.0000       1.43088        3.8404        4.0230        3.7068        3.6190         0.310       32.5348     0.0699565     0.0000750     0.0000000     0.0000001     0.0000750     0.0000000     0.0000000     0.0000000     0.0000000     0.0000000 
          94.            0.       21.0000       1.43077        3.8405        4.0230        3.7070        3.6192         0.311       32.5338     0.0699423     0.0000749     0.0000000     0.0000001     0.0000749     0.0000000     0.0000000     0.0000000     0.0000000     0.0000000 
          94.            0.       21.0000       1.43067        3.8406        4.0230        3.7071        3.6194         0.313       32.5328     0.0699281     0.0000749     0.0000000     0.0000001     0.0000748     0.0000000     0.0000000     0.0000000     0.0000000     0.0000000 
          95.            0.       21.0000       1.43056        3.8407        4.0230        3.7073        3.6197         0.314       32.5318     0.0699139     0.0000748     0.0000000     0.0000001     0.0000748     0.0000000     0.0000000     0.0000000     0.0000000     0.0000000 
          96.            0.       21.0000       1.43045        3.8408        4.0231        3.7074        3.6199         0.316       32.5308     0.0698998     0.0000748     0.0000000     0.0000001     0.0000747     0.0000000     0.0000000     0.0000000     0.0000000     0.0000000 
          96.            0.       21.0000       1.43035        3.8409        4.0231        3.7076        3.6201         0.317       32.5298     0.0698858     0.0000747     0.0000000     0.0000001     0.0000746     0.0000000     0.0000000     0.0000000     0.0000000     0.0000000 
          96.            0.       21.0000       1.43024        3.8410        4.0231        3.7077        3.6204         0.319       32.5289     0.0698717     0.0000746     0.0000000     0.0000001     0.0000746     0.0000000     0.0000000     0.0000000     0.0000000     0.0000000 
          97.            0.       21.0000       1.43014        3.8411        4.0231        3.7079        3.6206         0.321       32.5279     0.0698578     0.0000746     0.0000000     0.0000001     0.0000745     0.0000000     0.0000000     0.0000000     0.0000000     0.0000000 
          98.            0.       21.0000       1.43003        3.8412        4.0231        3.7080        3.6208         0.322       32.5270     0.0698438     0.0000745     0.0000000     0.0000001     0.0000745     0.0000000     0.0000000     0.0000000     0.0000000     0.0000000 
          98.            0.       21.0000       1.42992        3.8412        4.0231        3.7082        3.6210         0.324       32.5260     0.0698299     0.0000745     0.0000000     0.0000001     0.0000744     0.0000000     0.0000000     0.0000000     0.0000000     0.0000000 
          98.            0.       21.0000       1.42982        3.8413        4.0231        3.7083        3.6213         0.325       32.5251     0.0698160     0.0000744     0.0000000     0.0000001     0.0000743     0.0000000     0.0000000     0.0000000     0.0000000     0.0000000 
          99.            0.       21.0000       1.42971        3.8414        4.0231        3.7085        3.6215         0.327       32.5242     0.0698022     0.0000743     0.0000000     0.0000001     0.0000743     0.0000000     0.0000000     0.0000000     0.0000000     0.0000000 
         100.            0.       21.0000       1.42961        3.8415        4.0231        3.7086        3.6217         0.329       32.5232     0.0697884     0.0000743     0.0000000     0.0000001     0.0000742     0.0000000     0.0000000     0.0000000     0.0000000     0.0000000 
         100.            0.       21.0000       1.42950        3.8416        4.0231        3.7088        3.6219         0.330       32.5223     0.0697746     0.0000742     0.0000000     0.0000001     0.0000742     0.0000000     0.0000000     0.0000000     0.0000000     0.0000000 
