%
%
% Run:2017  Table:COMPGRID          SWAN version:41.10A
%
%       Xp            Yp            Depth         Hsig          Tm_10         TPsmoo        Tm01          Tm02          Dir           Dspr          Steepn        Dissip        Ssurf         Sfric         Swcap         Redist        Snl3          Snl4          Genera        Swind    
%       [m]           [m]           [m]           [m]           [sec]         [sec]         [sec]         [sec]         [degr]        [degr]        [ ]           [m2/s]        [m2/s]        [m2/s]        [m2/s]        [m2/s]        [m2/s]        [m2/s]        [m2/s]        [m2/s]   
%
           0.            0.       22.0000       2.04996        7.2238        8.0148        6.6005        5.9171         0.016       36.4288     0.0390257     0.0000006     0.0000000     0.0000005     0.0000001     0.0000000     0.0000000     0.0000000     0.0000000     0.0000000 
           0.            0.       22.0000       2.04995        7.2238        8.0148        6.6005        5.9171         0.016       36.4289     0.0390250     0.0000140     0.0000000     0.0000103     0.0000037     0.0000000     0.0000000     0.0000000     0.0000000     0.0000000 
           1.            0.       22.0000       2.04995        7.2238        8.0148        6.6006        5.9172         0.015       36.4291     0.0390244     0.0000140     0.0000000     0.0000103     0.0000037     0.0000000     0.0000000     0.0000000     0.0000000     0.0000000 
           2.            0.       22.0000       2.04994        7.2238        8.0148        6.6006        5.9172         0.015       36.4292     0.0390237     0.0000140     0.0000000     0.0000103     0.0000037     0.0000000     0.0000000     0.0000000     0.0000000     0.0000000 
           2.            0.       22.0000       2.04994        7.2238        8.0148        6.6006        5.9172         0.015       36.4293     0.0390230     0.0000140     0.0000000     0.0000103     0.0000037     0.0000000     0.0000000     0.0000000     0.0000000     0.0000000 
           2.            0.       22.0000       2.04993        7.2238        8.0148        6.6006        5.9173         0.015       36.4294     0.0390223     0.0000140     0.0000000     0.0000103     0.0000037     0.0000000     0.0000000     0.0000000     0.0000000     0.0000000 
           3.            0.       22.0000       2.04993        7.2239        8.0148        6.6007        5.9173         0.015       36.4295     0.0390217     0.0000140     0.0000000     0.0000103     0.0000037     0.0000000     0.0000000     0.0000000     0.0000000     0.0000000 
           4.            0.       22.0000       2.04992        7.2239        8.0148        6.6007        5.9174         0.015       36.4296     0.0390210     0.0000140     0.0000000     0.0000103     0.0000037     0.0000000     0.0000000     0.0000000     0.0000000     0.0000000 
           4.            0.       22.0000       2.04992        7.2239        8.0148        6.6007        5.9174         0.015       36.4297     0.0390203     0.0000140     0.0000000     0.0000103     0.0000037     0.0000000     0.0000000     0.0000000     0.0000000     0.0000000 
           4.            0.       22.0000       2.04991        7.2239        8.0148        6.6007        5.9175         0.015       36.4298     0.0390196     0.0000140     0.0000000     0.0000103     0.0000037     0.0000000     0.0000000     0.0000000     0.0000000     0.0000000 
           5.            0.       22.0000       2.04990        7.2239        8.0148        6.6008        5.9175         0.015       36.4300     0.0390189     0.0000140     0.0000000     0.0000103     0.0000037     0.0000000     0.0000000     0.0000000     0.0000000     0.0000000 
           6.            0.       22.0000       2.04990        7.2239        8.0148        6.6008        5.9176         0.015       36.4301     0.0390182     0.0000140     0.0000000     0.0000103     0.0000037     0.0000000     0.0000000     0.0000000     0.0000000     0.0000000 
           6.            0.       22.0000       2.04989        7.2239        8.0148        6.6008        5.9176         0.015       36.4302     0.0390176     0.0000140     0.0000000     0.0000103     0.0000037     0.0000000     0.0000000     0.0000000     0.0000000     0.0000000 
           6.            0.       22.0000       2.04989        7.2239        8.0148        6.6008        5.9177         0.015       36.4303     0.0390169     0.0000140     0.0000000     0.0000103     0.0000037     0.0000000     0.0000000     0.0000000     0.0000000     0.0000000 
           7.            0.       22.0000       2.04988        7.2239        8.0148        6.6009        5.9177         0.015       36.4304     0.0390162     0.0000140     0.0000000     0.0000103     0.0000037     0.0000000     0.0000000     0.0000000     0.0000000     0.0000000 
           8.            0.       22.0000       2.04988        7.2239        8.0148        6.6009        5.9178         0.015       36.4305     0.0390155     0.0000140     0.0000000     0.0000103     0.0000037     0.0000000     0.0000000     0.0000000     0.0000000     0.0000000 
           8.            0.       22.0000       2.04987        7.2239        8.0148        6.6009        5.9178         0.014       36.4306     0.0390149     0.0000140     0.0000000     0.0000103     0.0000037     0.0000000     0.0000000     0.0000000     0.0000000     0.0000000 
           8.            0.       22.0000       2.04987        7.2240        8.0148        6.6009        5.9178         0.014       36.4307     0.0390142     0.0000140     0.0000000     0.0000103     0.0000037     0.0000000     0.0000000     0.0000000     0.0000000     0.0000000 
           9.            0.       22.0000       2.04986        7.2240        8.0148        6.6010        5.9179         0.014       36.4308     0.0390135     0.0000140     0.0000000     0.0000103     0.0000037     0.0000000     0.0000000     0.0000000     0.0000000     0.0000000 
          10.            0.       22.0000       2.04985        7.2240        8.0148        6.6010        5.9179         0.014       36.4310     0.0390128     0.0000140     0.0000000     0.0000103     0.0000037     0.0000000     0.0000000     0.0000000     0.0000000     0.0000000 
          10.            0.       22.0000       2.04985        7.2240        8.0148        6.6010        5.9180         0.014       36.4310     0.0390121     0.0000140     0.0000000     0.0000103     0.0000037     0.0000000     0.0000000     0.0000000     0.0000000     0.0000000 
          10.            0.       22.0000       2.04984        7.2240        8.0148        6.6010        5.9180         0.014       36.4311     0.0390115     0.0000140     0.0000000     0.0000103     0.0000037     0.0000000     0.0000000     0.0000000     0.0000000     0.0000000 
          11.            0.       22.0000       2.04984        7.2240        8.0148        6.6011        5.9181         0.014       36.4313     0.0390108     0.0000140     0.0000000     0.0000103     0.0000037     0.0000000     0.0000000     0.0000000     0.0000000     0.0000000 
          12.            0.       22.0000       2.04983        7.2240        8.0148        6.6011        5.9181         0.014       36.4314     0.0390101     0.0000140     0.0000000     0.0000103     0.0000037     0.0000000     0.0000000     0.0000000     0.0000000     0.0000000 
          12.            0.       22.0000       2.04983        7.2240        8.0148        6.6011        5.9182         0.014       36.4315     0.0390094     0.0000140     0.0000000     0.0000103     0.0000037     0.0000000     0.0000000     0.0000000     0.0000000     0.0000000 
          12.            0.       22.0000       2.04982        7.2240        8.0148        6.6011        5.9182         0.014       36.4316     0.0390087     0.0000140     0.0000000     0.0000103     0.0000037     0.0000000     0.0000000     0.0000000     0.0000000     0.0000000 
          13.            0.       22.0000       2.04982        7.2240        8.0148        6.6012        5.9183         0.014       36.4317     0.0390080     0.0000140     0.0000000     0.0000103     0.0000037     0.0000000     0.0000000     0.0000000     0.0000000     0.0000000 
          14.            0.       22.0000       2.04981        7.2240        8.0148        6.6012        5.9183         0.014       36.4318     0.0390074     0.0000140     0.0000000     0.0000103     0.0000037     0.0000000     0.0000000     0.0000000     0.0000000     0.0000000 
          14.            0.       22.0000       2.04981        7.2241        8.0148        6.6012        5.9183         0.014       36.4319     0.0390067     0.0000140     0.0000000     0.0000103     0.0000037     0.0000000     0.0000000     0.0000000     0.0000000     0.0000000 
          14.            0.       22.0000       2.04980        7.2241        8.0148        6.6012        5.9184         0.014       36.4320     0.0390060     0.0000140     0.0000000     0.0000103     0.0000037     0.0000000     0.0000000     0.0000000     0.0000000     0.0000000 
          15.            0.       22.0000       2.04979        7.2241        8.0148        6.6013        5.9184         0.014       36.4321     0.0390053     0.0000140     0.0000000     0.0000103     0.0000037     0.0000000     0.0000000     0.0000000     0.0000000     0.0000000 
          16.            0.       22.0000       2.04979        7.2241        8.0148        6.6013        5.9185         0.014       36.4322     0.0390046     0.0000140     0.0000000     0.0000103     0.0000037     0.0000000     0.0000000     0.0000000     0.0000000     0.0000000 
          16.            0.       22.0000       2.04978        7.2241        8.0148        6.6013        5.9185         0.014       36.4323     0.0390040     0.0000140     0.0000000     0.0000103     0.0000037     0.0000000     0.0000000     0.0000000     0.0000000     0.0000000 
          16.            0.       22.0000       2.04978        7.2241        8.0148        6.6013        5.9186         0.014       36.4324     0.0390033     0.0000140     0.0000000     0.0000103     0.0000037     0.0000000     0.0000000     0.0000000     0.0000000     0.0000000 
          17.            0.       22.0000       2.04977        7.2241        8.0148        6.6013        5.9186         0.013       36.4325     0.0390026     0.0000140     0.0000000     0.0000103     0.0000037     0.0000000     0.0000000     0.0000000     0.0000000     0.0000000 
          18.            0.       22.0000       2.04977        7.2241        8.0148        6.6014        5.9187         0.013       36.4326     0.0390019     0.0000140     0.0000000     0.0000103     0.0000037     0.0000000     0.0000000     0.0000000     0.0000000     0.0000000 
          18.            0.       22.0000       2.04976        7.2241        8.0148        6.6014        5.9187         0.013       36.4327     0.0390013     0.0000140     0.0000000     0.0000103     0.0000037     0.0000000     0.0000000     0.0000000     0.0000000     0.0000000 
          18.            0.       22.0000       2.04976        7.2241        8.0148        6.6014        5.9188         0.013       36.4328     0.0390006     0.0000140     0.0000000     0.0000103     0.0000037     0.0000000     0.0000000     0.0000000     0.0000000     0.0000000 
          19.            0.       22.0000       2.04975        7.2241        8.0148        6.6014        5.9188         0.013       36.4329     0.0389999     0.0000140     0.0000000     0.0000103     0.0000037     0.0000000     0.0000000     0.0000000     0.0000000     0.0000000 
          20.            0.       22.0000       2.04974        7.2241        8.0148        6.6015        5.9188         0.013       36.4330     0.0389992     0.0000140     0.0000000     0.0000103     0.0000037     0.0000000     0.0000000     0.0000000     0.0000000     0.0000000 
          20.            0.       22.0000       2.04974        7.2242        8.0148        6.6015        5.9189         0.013       36.4331     0.0389985     0.0000140     0.0000000     0.0000103     0.0000037     0.0000000     0.0000000     0.0000000     0.0000000     0.0000000 
          20.            0.       22.0000       2.04973        7.2242        8.0148        6.6015        5.9189         0.013       36.4332     0.0389979     0.0000140     0.0000000     0.0000103     0.0000037     0.0000000     0.0000000     0.0000000     0.0000000     0.0000000 
          21.            0.       22.0000       2.04973        7.2242        8.0148        6.6015        5.9190         0.013       36.4333     0.0389972     0.0000140     0.0000000     0.0000103     0.0000037     0.0000000     0.0000000     0.0000000     0.0000000     0.0000000 
          22.            0.       22.0000       2.04972        7.2242        8.0148        6.6016        5.9190         0.013       36.4334     0.0389965     0.0000140     0.0000000     0.0000103     0.0000037     0.0000000     0.0000000     0.0000000     0.0000000     0.0000000 
          22.            0.       22.0000       2.04972        7.2242        8.0148        6.6016        5.9191         0.013       36.4335     0.0389958     0.0000140     0.0000000     0.0000103     0.0000037     0.0000000     0.0000000     0.0000000     0.0000000     0.0000000 
          22.            0.       22.0000       2.04971        7.2242        8.0148        6.6016        5.9191         0.013       36.4336     0.0389951     0.0000140     0.0000000     0.0000103     0.0000037     0.0000000     0.0000000     0.0000000     0.0000000     0.0000000 
          23.            0.       22.0000       2.04970        7.2242        8.0148        6.6016        5.9192         0.013       36.4337     0.0389944     0.0000140     0.0000000     0.0000103     0.0000037     0.0000000     0.0000000     0.0000000     0.0000000     0.0000000 
          24.            0.       22.0000       2.04970        7.2242        8.0148        6.6017        5.9192         0.013       36.4338     0.0389938     0.0000140     0.0000000     0.0000103     0.0000037     0.0000000     0.0000000     0.0000000     0.0000000     0.0000000 
          24.            0.       22.0000       2.04969        7.2242        8.0148        6.6017        5.9193         0.013       36.4339     0.0389931     0.0000140     0.0000000     0.0000103     0.0000037     0.0000000     0.0000000     0.0000000     0.0000000     0.0000000 
          24.            0.       22.0000       2.04969        7.2242        8.0148        6.6017        5.9193         0.013       36.4340     0.0389924     0.0000140     0.0000000     0.0000103     0.0000037     0.0000000     0.0000000     0.0000000     0.0000000     0.0000000 
          25.            0.       22.0000       2.04968        7.2243        8.0148        6.6017        5.9193         0.013       36.4341     0.0389917     0.0000140     0.0000000     0.0000103     0.0000037     0.0000000     0.0000000     0.0000000     0.0000000     0.0000000 
          26.            0.       22.0000       2.04968        7.2243        8.0148        6.6018        5.9194         0.013       36.4342     0.0389910     0.0000140     0.0000000     0.0000103     0.0000037     0.0000000     0.0000000     0.0000000     0.0000000     0.0000000 
          26.            0.       22.0000       2.04967        7.2243        8.0148        6.6018        5.9194         0.013       36.4343     0.0389904     0.0000140     0.0000000     0.0000103     0.0000037     0.0000000     0.0000000     0.0000000     0.0000000     0.0000000 
          26.            0.       22.0000       2.04967        7.2243        8.0148        6.6018        5.9195         0.013       36.4344     0.0389897     0.0000140     0.0000000     0.0000103     0.0000037     0.0000000     0.0000000     0.0000000     0.0000000     0.0000000 
          27.            0.       22.0000       2.04966        7.2243        8.0148        6.6018        5.9195         0.013       36.4345     0.0389890     0.0000140     0.0000000     0.0000103     0.0000037     0.0000000     0.0000000     0.0000000     0.0000000     0.0000000 
          28.            0.       22.0000       2.04965        7.2243        8.0148        6.6019        5.9196         0.013       36.4346     0.0389883     0.0000140     0.0000000     0.0000103     0.0000037     0.0000000     0.0000000     0.0000000     0.0000000     0.0000000 
          28.            0.       22.0000       2.04965        7.2243        8.0148        6.6019        5.9196         0.013       36.4347     0.0389876     0.0000140     0.0000000     0.0000103     0.0000037     0.0000000     0.0000000     0.0000000     0.0000000     0.0000000 
          28.            0.       22.0000       2.04964        7.2243        8.0148        6.6019        5.9197         0.012       36.4348     0.0389870     0.0000140     0.0000000     0.0000103     0.0000037     0.0000000     0.0000000     0.0000000     0.0000000     0.0000000 
          29.            0.       22.0000       2.04964        7.2243        8.0148        6.6019        5.9197         0.012       36.4348     0.0389862     0.0000140     0.0000000     0.0000103     0.0000037     0.0000000     0.0000000     0.0000000     0.0000000     0.0000000 
          30.            0.       22.0000       2.04963        7.2243        8.0148        6.6020        5.9198         0.012       36.4349     0.0389856     0.0000140     0.0000000     0.0000103     0.0000037     0.0000000     0.0000000     0.0000000     0.0000000     0.0000000 
          30.            0.       22.0000       2.04963        7.2243        8.0148        6.6020        5.9198         0.012       36.4350     0.0389849     0.0000140     0.0000000     0.0000103     0.0000037     0.0000000     0.0000000     0.0000000     0.0000000     0.0000000 
          30.            0.       22.0000       2.04962        7.2244        8.0148        6.6020        5.9198         0.012       36.4351     0.0389842     0.0000140     0.0000000     0.0000103     0.0000037     0.0000000     0.0000000     0.0000000     0.0000000     0.0000000 
          31.            0.       22.0000       2.04961        7.2244        8.0148        6.6020        5.9199         0.012       36.4352     0.0389835     0.0000140     0.0000000     0.0000103     0.0000037     0.0000000     0.0000000     0.0000000     0.0000000     0.0000000 
          32.            0.       22.0000       2.04961        7.2244        8.0148        6.6021        5.9199         0.012       36.4353     0.0389828     0.0000140     0.0000000     0.0000103     0.0000037     0.0000000     0.0000000     0.0000000     0.0000000     0.0000000 
          32.            0.       22.0000       2.04960        7.2244        8.0148        6.6021        5.9200         0.012       36.4354     0.0389822     0.0000140     0.0000000     0.0000103     0.0000037     0.0000000     0.0000000     0.0000000     0.0000000     0.0000000 
          32.            0.       22.0000       2.04960        7.2244        8.0148        6.6021        5.9200         0.012       36.4355     0.0389815     0.0000140     0.0000000     0.0000103     0.0000037     0.0000000     0.0000000     0.0000000     0.0000000     0.0000000 
          33.            0.       22.0000       2.04959        7.2244        8.0148        6.6021        5.9201         0.012       36.4356     0.0389808     0.0000140     0.0000000     0.0000103     0.0000037     0.0000000     0.0000000     0.0000000     0.0000000     0.0000000 
          34.            0.       22.0000       2.04959        7.2244        8.0148        6.6022        5.9201         0.012       36.4357     0.0389801     0.0000140     0.0000000     0.0000103     0.0000037     0.0000000     0.0000000     0.0000000     0.0000000     0.0000000 
          34.            0.       22.0000       2.04958        7.2244        8.0148        6.6022        5.9202         0.012       36.4358     0.0389794     0.0000140     0.0000000     0.0000103     0.0000037     0.0000000     0.0000000     0.0000000     0.0000000     0.0000000 
          34.            0.       22.0000       2.04958        7.2244        8.0148        6.6022        5.9202         0.012       36.4359     0.0389788     0.0000140     0.0000000     0.0000103     0.0000037     0.0000000     0.0000000     0.0000000     0.0000000     0.0000000 
          35.            0.       22.0000       2.04957        7.2244        8.0148        6.6022        5.9203         0.012       36.4360     0.0389781     0.0000140     0.0000000     0.0000103     0.0000037     0.0000000     0.0000000     0.0000000     0.0000000     0.0000000 
          36.            0.       22.0000       2.04957        7.2245        8.0148        6.6023        5.9203         0.012       36.4361     0.0389774     0.0000140     0.0000000     0.0000103     0.0000037     0.0000000     0.0000000     0.0000000     0.0000000     0.0000000 
          36.            0.       22.0000       2.04956        7.2245        8.0148        6.6023        5.9204         0.012       36.4363     0.0389767     0.0000140     0.0000000     0.0000103     0.0000037     0.0000000     0.0000000     0.0000000     0.0000000     0.0000000 
          36.            0.       22.0000       2.04956        7.2245        8.0148        6.6023        5.9204         0.012       36.4368     0.0389760     0.0000140     0.0000000     0.0000103     0.0000037     0.0000000     0.0000000     0.0000000     0.0000000     0.0000000 
          37.            0.       22.0000       2.04956        7.2245        8.0148        6.6023        5.9205         0.012       36.4381     0.0389754     0.0000140     0.0000000     0.0000103     0.0000037     0.0000000     0.0000000     0.0000000     0.0000000     0.0000000 
          38.            0.       22.0000       2.04958        7.2245        8.0148        6.6024        5.9205         0.012       36.4419     0.0389748     0.0000140     0.0000000     0.0000103     0.0000037     0.0000000     0.0000000     0.0000000     0.0000000     0.0000000 
          38.            0.       22.0000       2.04939        7.2244        8.0148        6.6022        5.9204         0.012       36.4278     0.0389733     0.0000140     0.0000000     0.0000103     0.0000037     0.0000000     0.0000000     0.0000000     0.0000000     0.0000000 
          38.            0.       21.5000       2.04639        7.2246        8.0158        6.6010        5.9179         0.013       36.4002     0.0390380     0.0000146     0.0000000     0.0000109     0.0000038     0.0000000     0.0000000     0.0000000     0.0000000     0.0000000 
          39.            0.       21.0000       2.04322        7.2248        8.0168        6.5998        5.9154         0.013       36.3562     0.0391062     0.0000153     0.0000000     0.0000115     0.0000038     0.0000000     0.0000000     0.0000000     0.0000000     0.0000000 
          40.            0.       20.0000       2.03750        7.2263        8.0191        6.5983        5.9114         0.014       36.2964     0.0392607     0.0000168     0.0000000     0.0000129     0.0000038     0.0000000     0.0000000     0.0000000     0.0000000     0.0000000 
          40.            0.       19.0000       2.03226        7.2291        8.0216        6.5982        5.9085         0.016       36.2493     0.0394396     0.0000184     0.0000000     0.0000146     0.0000039     0.0000000     0.0000000     0.0000000     0.0000000     0.0000000 
          40.            0.       18.0000       2.02763        7.2332        8.0243        6.5995        5.9069         0.017       36.2118     0.0396469     0.0000204     0.0000000     0.0000165     0.0000040     0.0000000     0.0000000     0.0000000     0.0000000     0.0000000 
          41.            0.       17.0000       2.02386        7.2389        8.0271        6.6025        5.9070         0.019       36.1924     0.0398892     0.0000227     0.0000000     0.0000187     0.0000041     0.0000000     0.0000000     0.0000000     0.0000000     0.0000000 
          42.            0.       16.0000       2.02119        7.2465        8.0302        6.6078        5.9093         0.020       36.1981     0.0401741     0.0000254     0.0000000     0.0000212     0.0000042     0.0000000     0.0000000     0.0000000     0.0000000     0.0000000 
          42.            0.       15.0000       2.01994        7.2563        8.0334        6.6156        5.9140         0.023       36.2362     0.0405120     0.0000286     0.0000000     0.0000243     0.0000044     0.0000000     0.0000000     0.0000000     0.0000000     0.0000000 
          42.            0.       14.0000       2.02045        7.2685        8.0368        6.6264        5.9219         0.025       36.3146     0.0409151     0.0000325     0.0000000     0.0000280     0.0000046     0.0000000     0.0000000     0.0000000     0.0000000     0.0000000 
          43.            0.       13.0000       2.02319        7.2833        8.0403        6.6406        5.9335         0.028       36.4412     0.0414040     0.0000373     0.0000000     0.0000324     0.0000049     0.0000000     0.0000000     0.0000000     0.0000000     0.0000000 
          44.            0.       12.0000       2.02867        7.3010        8.0440        6.6588        5.9495         0.032       36.6236     0.0419978     0.0000431     0.0000000     0.0000379     0.0000052     0.0000000     0.0000000     0.0000000     0.0000000     0.0000000 
          44.            0.       11.0000       2.03755        7.3218        8.0477        6.6816        5.9707         0.036       36.8671     0.0427305     0.0000505     0.0000000     0.0000448     0.0000057     0.0000000     0.0000000     0.0000000     0.0000000     0.0000000 
          44.            0.       10.0000       2.05059        7.3458        8.0515        6.7094        5.9982         0.042       37.1715     0.0436458     0.0000600     0.0000000     0.0000535     0.0000065     0.0000000     0.0000000     0.0000000     0.0000000     0.0000000 
          45.            0.        9.0000       2.06869        7.3730        8.0553        6.7428        6.0329         0.050       37.5255     0.0448045     0.0000724     0.0000000     0.0000649     0.0000075     0.0000000     0.0000000     0.0000000     0.0000000     0.0000000 
          46.            0.        8.0000       2.09284        7.4033        8.0590        6.7823        6.0764         0.060       37.8982     0.0462924     0.0000892     0.0000002     0.0000801     0.0000090     0.0000000     0.0000000     0.0000000     0.0000000     0.0000000 
          46.            0.        7.0000       2.12413        7.4365        8.0626        6.8283        6.1306         0.074       38.2268     0.0482337     0.0001210     0.0000088     0.0001009     0.0000113     0.0000000     0.0000000     0.0000000     0.0000000     0.0000000 
          46.            0.        6.0000       2.16383        7.4724        8.0662        6.8819        6.1987         0.093       38.4019     0.0508201     0.0003351     0.0001893     0.0001307     0.0000151     0.0000000     0.0000000     0.0000000     0.0000000     0.0000000 
          47.            0.        5.0000       2.21439        7.5107        8.0697        6.9436        6.2839         0.117       38.3766     0.0544153     0.0023113     0.0021139     0.0001754     0.0000220     0.0000000     0.0000000     0.0000000     0.0000000     0.0000000 
          48.            0.        4.5000       2.24077        7.5312        8.0715        6.9781        6.3344         0.141       38.0392     0.0566786     0.0057446     0.0055111     0.0002061     0.0000274     0.0000000     0.0000000     0.0000000     0.0000000     0.0000000 
          48.            0.        4.0000       2.27094        7.5524        8.0733        7.0151        6.3905         0.161       37.6240     0.0594816     0.0128675     0.0125863     0.0002459     0.0000353     0.0000000     0.0000000     0.0000000     0.0000000     0.0000000 
          48.            0.        4.0000       2.26285        7.5532        8.0733        7.0164        6.3926         0.171       37.4476     0.0592462     0.0125408     0.0122621     0.0002442     0.0000345     0.0000000     0.0000000     0.0000000     0.0000000     0.0000000 
          49.            0.        4.0000       2.25863        7.5544        8.0734        7.0190        6.3970         0.173       37.5017     0.0590892     0.0123681     0.0120907     0.0002433     0.0000341     0.0000000     0.0000000     0.0000000     0.0000000     0.0000000 
          50.            0.        4.0000       2.25483        7.5557        8.0735        7.0216        6.4013         0.174       37.5912     0.0589430     0.0122131     0.0119368     0.0002425     0.0000337     0.0000000     0.0000000     0.0000000     0.0000000     0.0000000 
          50.            0.        4.0000       2.25122        7.5569        8.0735        7.0241        6.4057         0.175       37.6935     0.0588025     0.0120669     0.0117917     0.0002418     0.0000334     0.0000000     0.0000000     0.0000000     0.0000000     0.0000000 
          50.            0.        4.0000       2.24774        7.5582        8.0736        7.0266        6.4100         0.176       37.8011     0.0586660     0.0119271     0.0116530     0.0002411     0.0000330     0.0000000     0.0000000     0.0000000     0.0000000     0.0000000 
          51.            0.        4.0000       2.24442        7.5594        8.0737        7.0291        6.4143         0.176       37.9125     0.0585337     0.0117942     0.0115212     0.0002404     0.0000327     0.0000000     0.0000000     0.0000000     0.0000000     0.0000000 
          52.            0.        4.0000       2.24140        7.5607        8.0737        7.0317        6.4187         0.175       38.0294     0.0584083     0.0116732     0.0114011     0.0002398     0.0000324     0.0000000     0.0000000     0.0000000     0.0000000     0.0000000 
          52.            0.        4.0000       2.24350        7.5620        8.0738        7.0346        6.4240         0.168       38.4663     0.0584074     0.0117452     0.0114724     0.0002403     0.0000325     0.0000000     0.0000000     0.0000000     0.0000000     0.0000000 
          52.            0.        4.5000       2.20984        7.5423        8.0721        7.0009        6.3736         0.149       39.1154     0.0554806     0.0050660     0.0048403     0.0002008     0.0000249     0.0000000     0.0000000     0.0000000     0.0000000     0.0000000 
          53.            0.        5.0000       2.18329        7.5214        8.0702        6.9670        6.3256         0.124       39.6503     0.0532038     0.0019883     0.0017975     0.0001708     0.0000200     0.0000000     0.0000000     0.0000000     0.0000000     0.0000000 
          54.            0.        6.0000       2.13740        7.4820        8.0664        6.9060        6.2440         0.099       40.0332     0.0497051     0.0002953     0.0001538     0.0001277     0.0000139     0.0000000     0.0000000     0.0000000     0.0000000     0.0000000 
          54.            0.        7.0000       2.10513        7.4468        8.0625        6.8560        6.1829         0.079       40.2662     0.0472211     0.0001170     0.0000071     0.0000993     0.0000105     0.0000000     0.0000000     0.0000000     0.0000000     0.0000000 
          54.            0.        8.0000       2.08237        7.4166        8.0587        6.8161        6.1378         0.065       40.4518     0.0453688     0.0000882     0.0000002     0.0000795     0.0000085     0.0000000     0.0000000     0.0000000     0.0000000     0.0000000 
          55.            0.        9.0000       2.06600        7.3909        8.0550        6.7843        6.1039         0.054       40.5760     0.0439370     0.0000722     0.0000000     0.0000650     0.0000072     0.0000000     0.0000000     0.0000000     0.0000000     0.0000000 
          56.            0.       10.0000       2.05392        7.3690        8.0514        6.7584        6.0778         0.046       40.6256     0.0428006     0.0000603     0.0000000     0.0000540     0.0000063     0.0000000     0.0000000     0.0000000     0.0000000     0.0000000 
          56.            0.       11.0000       2.04470        7.3501        8.0480        6.7371        6.0570         0.039       40.5966     0.0418801     0.0000510     0.0000000     0.0000454     0.0000056     0.0000000     0.0000000     0.0000000     0.0000000     0.0000000 
          56.            0.       12.0000       2.03744        7.3336        8.0448        6.7191        6.0401         0.034       40.4913     0.0411222     0.0000437     0.0000000     0.0000385     0.0000051     0.0000000     0.0000000     0.0000000     0.0000000     0.0000000 
          57.            0.       13.0000       2.03152        7.3189        8.0417        6.7037        6.0259         0.030       40.3154     0.0404899     0.0000377     0.0000000     0.0000330     0.0000047     0.0000000     0.0000000     0.0000000     0.0000000     0.0000000 
          58.            0.       14.0000       2.02654        7.3059        8.0387        6.6903        6.0139         0.027       40.0743     0.0399544     0.0000328     0.0000000     0.0000284     0.0000044     0.0000000     0.0000000     0.0000000     0.0000000     0.0000000 
          58.            0.       15.0000       2.02215        7.2940        8.0357        6.6784        6.0032         0.024       39.7716     0.0394999     0.0000288     0.0000000     0.0000246     0.0000042     0.0000000     0.0000000     0.0000000     0.0000000     0.0000000 
          58.            0.       16.0000       2.01808        7.2832        8.0328        6.6676        5.9936         0.022       39.4077     0.0391090     0.0000253     0.0000000     0.0000214     0.0000039     0.0000000     0.0000000     0.0000000     0.0000000     0.0000000 
          59.            0.       17.0000       2.01405        7.2729        8.0300        6.6575        5.9846         0.020       38.9792     0.0387706     0.0000224     0.0000000     0.0000187     0.0000038     0.0000000     0.0000000     0.0000000     0.0000000     0.0000000 
          60.            0.       18.0000       2.00982        7.2629        8.0271        6.6477        5.9757         0.019       38.4800     0.0384755     0.0000199     0.0000000     0.0000163     0.0000036     0.0000000     0.0000000     0.0000000     0.0000000     0.0000000 
          60.            0.       19.0000       2.00519        7.2529        8.0241        6.6378        5.9666         0.017       37.9042     0.0382169     0.0000178     0.0000000     0.0000143     0.0000035     0.0000000     0.0000000     0.0000000     0.0000000     0.0000000 
          60.            0.       20.0000       2.00015        7.2426        8.0209        6.6276        5.9571         0.016       37.2580     0.0379899     0.0000159     0.0000000     0.0000125     0.0000033     0.0000000     0.0000000     0.0000000     0.0000000     0.0000000 
          61.            0.       21.0000       1.99510        7.2324        8.0174        6.6176        5.9477         0.015       36.5546     0.0377926     0.0000142     0.0000000     0.0000110     0.0000032     0.0000000     0.0000000     0.0000000     0.0000000     0.0000000 
          62.            0.       21.5000       1.98965        7.2245        8.0150        6.6091        5.9392         0.014       35.9757     0.0376935     0.0000134     0.0000000     0.0000103     0.0000032     0.0000000     0.0000000     0.0000000     0.0000000     0.0000000 
          62.            0.       22.0000       1.98691        7.2189        8.0130        6.6037        5.9342         0.013       35.5830     0.0376110     0.0000128     0.0000000     0.0000096     0.0000031     0.0000000     0.0000000     0.0000000     0.0000000     0.0000000 
          62.            0.       22.0000       1.98437        7.2163        8.0124        6.6007        5.9309         0.013       35.3876     0.0376026     0.0000127     0.0000000     0.0000096     0.0000031     0.0000000     0.0000000     0.0000000     0.0000000     0.0000000 
          63.            0.       22.0000       1.98446        7.2164        8.0124        6.6008        5.9310         0.013       35.4012     0.0376025     0.0000127     0.0000000     0.0000096     0.0000031     0.0000000     0.0000000     0.0000000     0.0000000     0.0000000 
          64.            0.       22.0000       1.98449        7.2165        8.0124        6.6009        5.9311         0.013       35.4057     0.0376021     0.0000127     0.0000000     0.0000096     0.0000031     0.0000000     0.0000000     0.0000000     0.0000000     0.0000000 
          64.            0.       22.0000       1.98449        7.2165        8.0124        6.6009        5.9311         0.013       35.4070     0.0376016     0.0000127     0.0000000     0.0000096     0.0000031     0.0000000     0.0000000     0.0000000     0.0000000     0.0000000 
          64.            0.       22.0000       1.98449        7.2165        8.0124        6.6009        5.9312         0.013       35.4074     0.0376011     0.0000127     0.0000000     0.0000096     0.0000031     0.0000000     0.0000000     0.0000000     0.0000000     0.0000000 
          65.            0.       22.0000       1.98448        7.2165        8.0124        6.6009        5.9312         0.013       35.4074     0.0376005     0.0000127     0.0000000     0.0000096     0.0000031     0.0000000     0.0000000     0.0000000     0.0000000     0.0000000 
          66.            0.       22.0000       1.98447        7.2165        8.0124        6.6009        5.9312         0.013       35.4073     0.0376000     0.0000127     0.0000000     0.0000096     0.0000031     0.0000000     0.0000000     0.0000000     0.0000000     0.0000000 
          66.            0.       22.0000       1.98446        7.2165        8.0124        6.6010        5.9313         0.013       35.4071     0.0375994     0.0000127     0.0000000     0.0000096     0.0000031     0.0000000     0.0000000     0.0000000     0.0000000     0.0000000 
          66.            0.       22.0000       1.98446        7.2165        8.0124        6.6010        5.9313         0.013       35.4070     0.0375989     0.0000127     0.0000000     0.0000096     0.0000031     0.0000000     0.0000000     0.0000000     0.0000000     0.0000000 
          67.            0.       22.0000       1.98445        7.2165        8.0124        6.6010        5.9313         0.013       35.4068     0.0375984     0.0000127     0.0000000     0.0000096     0.0000031     0.0000000     0.0000000     0.0000000     0.0000000     0.0000000 
          68.            0.       22.0000       1.98444        7.2165        8.0124        6.6010        5.9314         0.013       35.4067     0.0375978     0.0000127     0.0000000     0.0000096     0.0000031     0.0000000     0.0000000     0.0000000     0.0000000     0.0000000 
          68.            0.       22.0000       1.98443        7.2165        8.0124        6.6010        5.9314         0.013       35.4065     0.0375973     0.0000127     0.0000000     0.0000096     0.0000031     0.0000000     0.0000000     0.0000000     0.0000000     0.0000000 
          68.            0.       22.0000       1.98442        7.2165        8.0124        6.6010        5.9314         0.013       35.4063     0.0375968     0.0000127     0.0000000     0.0000096     0.0000031     0.0000000     0.0000000     0.0000000     0.0000000     0.0000000 
          69.            0.       22.0000       1.98442        7.2165        8.0124        6.6011        5.9315         0.013       35.4062     0.0375962     0.0000127     0.0000000     0.0000096     0.0000031     0.0000000     0.0000000     0.0000000     0.0000000     0.0000000 
          70.            0.       22.0000       1.98441        7.2165        8.0124        6.6011        5.9315         0.013       35.4060     0.0375957     0.0000127     0.0000000     0.0000096     0.0000031     0.0000000     0.0000000     0.0000000     0.0000000     0.0000000 
          70.            0.       22.0000       1.98440        7.2165        8.0124        6.6011        5.9315         0.013       35.4058     0.0375952     0.0000127     0.0000000     0.0000096     0.0000031     0.0000000     0.0000000     0.0000000     0.0000000     0.0000000 
          70.            0.       22.0000       1.98439        7.2166        8.0124        6.6011        5.9316         0.013       35.4057     0.0375947     0.0000127     0.0000000     0.0000096     0.0000031     0.0000000     0.0000000     0.0000000     0.0000000     0.0000000 
          71.            0.       22.0000       1.98438        7.2166        8.0124        6.6011        5.9316         0.013       35.4055     0.0375941     0.0000127     0.0000000     0.0000096     0.0000031     0.0000000     0.0000000     0.0000000     0.0000000     0.0000000 
          72.            0.       22.0000       1.98438        7.2166        8.0124        6.6011        5.9316         0.013       35.4054     0.0375936     0.0000127     0.0000000     0.0000096     0.0000031     0.0000000     0.0000000     0.0000000     0.0000000     0.0000000 
          72.            0.       22.0000       1.98437        7.2166        8.0124        6.6012        5.9316         0.013       35.4052     0.0375931     0.0000127     0.0000000     0.0000096     0.0000031     0.0000000     0.0000000     0.0000000     0.0000000     0.0000000 
          72.            0.       22.0000       1.98436        7.2166        8.0124        6.6012        5.9317         0.013       35.4050     0.0375926     0.0000127     0.0000000     0.0000096     0.0000031     0.0000000     0.0000000     0.0000000     0.0000000     0.0000000 
          73.            0.       22.0000       1.98435        7.2166        8.0124        6.6012        5.9317         0.013       35.4049     0.0375921     0.0000127     0.0000000     0.0000096     0.0000031     0.0000000     0.0000000     0.0000000     0.0000000     0.0000000 
          74.            0.       22.0000       1.98435        7.2166        8.0124        6.6012        5.9317         0.013       35.4047     0.0375916     0.0000127     0.0000000     0.0000096     0.0000031     0.0000000     0.0000000     0.0000000     0.0000000     0.0000000 
          74.            0.       22.0000       1.98434        7.2166        8.0124        6.6012        5.9318         0.013       35.4046     0.0375911     0.0000127     0.0000000     0.0000096     0.0000031     0.0000000     0.0000000     0.0000000     0.0000000     0.0000000 
          74.            0.       22.0000       1.98433        7.2166        8.0124        6.6012        5.9318         0.013       35.4044     0.0375906     0.0000127     0.0000000     0.0000096     0.0000031     0.0000000     0.0000000     0.0000000     0.0000000     0.0000000 
          75.            0.       22.0000       1.98432        7.2166        8.0124        6.6012        5.9318         0.013       35.4042     0.0375900     0.0000127     0.0000000     0.0000096     0.0000031     0.0000000     0.0000000     0.0000000     0.0000000     0.0000000 
          76.            0.       22.0000       1.98431        7.2166        8.0124        6.6013        5.9319         0.013       35.4041     0.0375896     0.0000127     0.0000000     0.0000096     0.0000031     0.0000000     0.0000000     0.0000000     0.0000000     0.0000000 
          76.            0.       22.0000       1.98431        7.2166        8.0124        6.6013        5.9319         0.014       35.4039     0.0375891     0.0000127     0.0000000     0.0000096     0.0000031     0.0000000     0.0000000     0.0000000     0.0000000     0.0000000 
          76.            0.       22.0000       1.98430        7.2166        8.0124        6.6013        5.9319         0.014       35.4038     0.0375885     0.0000127     0.0000000     0.0000096     0.0000031     0.0000000     0.0000000     0.0000000     0.0000000     0.0000000 
          77.            0.       22.0000       1.98429        7.2166        8.0124        6.6013        5.9319         0.014       35.4036     0.0375881     0.0000127     0.0000000     0.0000096     0.0000031     0.0000000     0.0000000     0.0000000     0.0000000     0.0000000 
          78.            0.       22.0000       1.98428        7.2166        8.0124        6.6013        5.9320         0.014       35.4035     0.0375876     0.0000127     0.0000000     0.0000096     0.0000031     0.0000000     0.0000000     0.0000000     0.0000000     0.0000000 
          78.            0.       22.0000       1.98428        7.2166        8.0124        6.6013        5.9320         0.014       35.4033     0.0375871     0.0000127     0.0000000     0.0000096     0.0000031     0.0000000     0.0000000     0.0000000     0.0000000     0.0000000 
          78.            0.       22.0000       1.98427        7.2166        8.0124        6.6014        5.9320         0.014       35.4032     0.0375866     0.0000127     0.0000000     0.0000096     0.0000031     0.0000000     0.0000000     0.0000000     0.0000000     0.0000000 
          79.            0.       22.0000       1.98426        7.2166        8.0124        6.6014        5.9320         0.014       35.4030     0.0375861     0.0000127     0.0000000     0.0000096     0.0000031     0.0000000     0.0000000     0.0000000     0.0000000     0.0000000 
          80.            0.       22.0000       1.98425        7.2166        8.0124        6.6014        5.9321         0.014       35.4029     0.0375857     0.0000127     0.0000000     0.0000096     0.0000031     0.0000000     0.0000000     0.0000000     0.0000000     0.0000000 
          80.            0.       22.0000       1.98424        7.2166        8.0124        6.6014        5.9321         0.014       35.4027     0.0375852     0.0000127     0.0000000     0.0000096     0.0000031     0.0000000     0.0000000     0.0000000     0.0000000     0.0000000 
          80.            0.       22.0000       1.98424        7.2166        8.0124        6.6014        5.9321         0.014       35.4026     0.0375847     0.0000127     0.0000000     0.0000096     0.0000031     0.0000000     0.0000000     0.0000000     0.0000000     0.0000000 
          81.            0.       22.0000       1.98423        7.2167        8.0124        6.6014        5.9322         0.014       35.4024     0.0375842     0.0000127     0.0000000     0.0000096     0.0000031     0.0000000     0.0000000     0.0000000     0.0000000     0.0000000 
          82.            0.       22.0000       1.98422        7.2167        8.0124        6.6014        5.9322         0.014       35.4022     0.0375838     0.0000127     0.0000000     0.0000096     0.0000031     0.0000000     0.0000000     0.0000000     0.0000000     0.0000000 
          82.            0.       22.0000       1.98421        7.2167        8.0124        6.6014        5.9322         0.014       35.4021     0.0375833     0.0000127     0.0000000     0.0000096     0.0000031     0.0000000     0.0000000     0.0000000     0.0000000     0.0000000 
          82.            0.       22.0000       1.98421        7.2167        8.0124        6.6015        5.9322         0.014       35.4020     0.0375828     0.0000127     0.0000000     0.0000096     0.0000031     0.0000000     0.0000000     0.0000000     0.0000000     0.0000000 
          83.            0.       22.0000       1.98420        7.2167        8.0124        6.6015        5.9323         0.014       35.4018     0.0375824     0.0000127     0.0000000     0.0000096     0.0000031     0.0000000     0.0000000     0.0000000     0.0000000     0.0000000 
          84.            0.       22.0000       1.98419        7.2167        8.0124        6.6015        5.9323         0.014       35.4017     0.0375819     0.0000127     0.0000000     0.0000096     0.0000031     0.0000000     0.0000000     0.0000000     0.0000000     0.0000000 
          84.            0.       22.0000       1.98418        7.2167        8.0124        6.6015        5.9323         0.014       35.4015     0.0375815     0.0000127     0.0000000     0.0000096     0.0000031     0.0000000     0.0000000     0.0000000     0.0000000     0.0000000 
          84.            0.       22.0000       1.98418        7.2167        8.0124        6.6015        5.9323         0.014       35.4014     0.0375810     0.0000127     0.0000000     0.0000096     0.0000031     0.0000000     0.0000000     0.0000000     0.0000000     0.0000000 
          85.            0.       22.0000       1.98417        7.2167        8.0124        6.6015        5.9324         0.014       35.4012     0.0375806     0.0000127     0.0000000     0.0000096     0.0000031     0.0000000     0.0000000     0.0000000     0.0000000     0.0000000 
          86.            0.       22.0000       1.98416        7.2167        8.0124        6.6015        5.9324         0.014       35.4011     0.0375801     0.0000127     0.0000000     0.0000096     0.0000031     0.0000000     0.0000000     0.0000000     0.0000000     0.0000000 
          86.            0.       22.0000       1.98415        7.2167        8.0124        6.6016        5.9324         0.014       35.4009     0.0375797     0.0000127     0.0000000     0.0000096     0.0000031     0.0000000     0.0000000     0.0000000     0.0000000     0.0000000 
          86.            0.       22.0000       1.98415        7.2167        8.0124        6.6016        5.9324         0.014       35.4008     0.0375793     0.0000127     0.0000000     0.0000096     0.0000031     0.0000000     0.0000000     0.0000000     0.0000000     0.0000000 
          87.            0.       22.0000       1.98414        7.2167        8.0124        6.6016        5.9325         0.014       35.4006     0.0375788     0.0000127     0.0000000     0.0000096     0.0000031     0.0000000     0.0000000     0.0000000     0.0000000     0.0000000 
          88.            0.       22.0000       1.98413        7.2167        8.0124        6.6016        5.9325         0.014       35.4005     0.0375784     0.0000127     0.0000000     0.0000096     0.0000031     0.0000000     0.0000000     0.0000000     0.0000000     0.0000000 
          88.            0.       22.0000       1.98412        7.2167        8.0124        6.6016        5.9325         0.014       35.4004     0.0375780     0.0000127     0.0000000     0.0000096     0.0000031     0.0000000     0.0000000     0.0000000     0.0000000     0.0000000 
          88.            0.       22.0000       1.98412        7.2167        8.0124        6.6016        5.9325         0.015       35.4002     0.0375776     0.0000127     0.0000000     0.0000096     0.0000031     0.0000000     0.0000000     0.0000000     0.0000000     0.0000000 
          89.            0.       22.0000       1.98411        7.2167        8.0124        6.6016        5.9326         0.015       35.4001     0.0375771     0.0000127     0.0000000     0.0000096     0.0000031     0.0000000     0.0000000     0.0000000     0.0000000     0.0000000 
          90.            0.       22.0000       1.98410        7.2167        8.0124        6.6016        5.9326         0.015       35.3999     0.0375767     0.0000127     0.0000000     0.0000096     0.0000031     0.0000000     0.0000000     0.0000000     0.0000000     0.0000000 
          90.            0.       22.0000       1.98409        7.2167        8.0124        6.6016        5.9326         0.015       35.3998     0.0375763     0.0000127     0.0000000     0.0000096     0.0000031     0.0000000     0.0000000     0.0000000     0.0000000     0.0000000 
          90.            0.       22.0000       1.98409        7.2167        8.0124        6.6017        5.9326         0.015       35.3997     0.0375759     0.0000127     0.0000000     0.0000096     0.0000031     0.0000000     0.0000000     0.0000000     0.0000000     0.0000000 
          91.            0.       22.0000       1.98408        7.2167        8.0124        6.6017        5.9326         0.015       35.3995     0.0375755     0.0000127     0.0000000     0.0000096     0.0000031     0.0000000     0.0000000     0.0000000     0.0000000     0.0000000 
          92.            0.       22.0000       1.98407        7.2167        8.0124        6.6017        5.9327         0.015       35.3994     0.0375751     0.0000127     0.0000000     0.0000096     0.0000031     0.0000000     0.0000000     0.0000000     0.0000000     0.0000000 
          92.            0.       22.0000       1.98406        7.2167        8.0124        6.6017        5.9327         0.015       35.3993     0.0375747     0.0000127     0.0000000     0.0000096     0.0000031     0.0000000     0.0000000     0.0000000     0.0000000     0.0000000 
          92.            0.       22.0000       1.98406        7.2167        8.0124        6.6017        5.9327         0.015       35.3991     0.0375743     0.0000127     0.0000000     0.0000096     0.0000031     0.0000000     0.0000000     0.0000000     0.0000000     0.0000000 
          93.            0.       22.0000       1.98405        7.2167        8.0124        6.6017        5.9327         0.015       35.3990     0.0375739     0.0000127     0.0000000     0.0000096     0.0000031     0.0000000     0.0000000     0.0000000     0.0000000     0.0000000 
          94.            0.       22.0000       1.98404        7.2167        8.0124        6.6017        5.9327         0.015       35.3988     0.0375735     0.0000127     0.0000000     0.0000096     0.0000031     0.0000000     0.0000000     0.0000000     0.0000000     0.0000000 
          94.            0.       22.0000       1.98403        7.2168        8.0124        6.6017        5.9328         0.015       35.3987     0.0375731     0.0000127     0.0000000     0.0000096     0.0000031     0.0000000     0.0000000     0.0000000     0.0000000     0.0000000 
          94.            0.       22.0000       1.98403        7.2168        8.0124        6.6017        5.9328         0.015       35.3986     0.0375727     0.0000127     0.0000000     0.0000096     0.0000031     0.0000000     0.0000000     0.0000000     0.0000000     0.0000000 
          95.            0.       22.0000       1.98402        7.2168        8.0124        6.6018        5.9328         0.015       35.3984     0.0375723     0.0000127     0.0000000     0.0000096     0.0000031     0.0000000     0.0000000     0.0000000     0.0000000     0.0000000 
          96.            0.       22.0000       1.98401        7.2168        8.0124        6.6018        5.9328         0.015       35.3983     0.0375719     0.0000127     0.0000000     0.0000096     0.0000031     0.0000000     0.0000000     0.0000000     0.0000000     0.0000000 
          96.            0.       22.0000       1.98400        7.2168        8.0124        6.6018        5.9329         0.015       35.3982     0.0375715     0.0000127     0.0000000     0.0000096     0.0000031     0.0000000     0.0000000     0.0000000     0.0000000     0.0000000 
          96.            0.       22.0000       1.98400        7.2168        8.0124        6.6018        5.9329         0.015       35.3981     0.0375711     0.0000127     0.0000000     0.0000096     0.0000031     0.0000000     0.0000000     0.0000000     0.0000000     0.0000000 
          97.            0.       22.0000       1.98399        7.2168        8.0124        6.6018        5.9329         0.015       35.3979     0.0375707     0.0000127     0.0000000     0.0000096     0.0000031     0.0000000     0.0000000     0.0000000     0.0000000     0.0000000 
          98.            0.       22.0000       1.98398        7.2168        8.0124        6.6018        5.9329         0.015       35.3978     0.0375704     0.0000127     0.0000000     0.0000096     0.0000031     0.0000000     0.0000000     0.0000000     0.0000000     0.0000000 
          98.            0.       22.0000       1.98398        7.2168        8.0124        6.6018        5.9329         0.015       35.3977     0.0375700     0.0000127     0.0000000     0.0000096     0.0000031     0.0000000     0.0000000     0.0000000     0.0000000     0.0000000 
          98.            0.       22.0000       1.98397        7.2168        8.0124        6.6018        5.9330         0.016       35.3975     0.0375696     0.0000127     0.0000000     0.0000096     0.0000031     0.0000000     0.0000000     0.0000000     0.0000000     0.0000000 
          99.            0.       22.0000       1.98396        7.2168        8.0124        6.6018        5.9330         0.016       35.3974     0.0375692     0.0000127     0.0000000     0.0000096     0.0000031     0.0000000     0.0000000     0.0000000     0.0000000     0.0000000 
         100.            0.       22.0000       1.98395        7.2168        8.0124        6.6018        5.9330         0.016       35.3973     0.0375688     0.0000127     0.0000000     0.0000096     0.0000031     0.0000000     0.0000000     0.0000000     0.0000000     0.0000000 
         100.            0.       22.0000       1.98395        7.2168        8.0124        6.6019        5.9330         0.016       35.3971     0.0375685     0.0000127     0.0000000     0.0000096     0.0000031     0.0000000     0.0000000     0.0000000     0.0000000     0.0000000 
