%
%
% Run:2017  Table:COMPGRID          SWAN version:41.10A
%
%       Xp            Yp            Depth         Hsig          Tm_10         TPsmoo        Tm01          Tm02          Dir           Dspr          Steepn        Dissip        Ssurf         Sfric         Swcap         Redist        Snl3          Snl4          Genera        Swind    
%       [m]           [m]           [m]           [m]           [sec]         [sec]         [sec]         [sec]         [degr]        [degr]        [ ]           [m2/s]        [m2/s]        [m2/s]        [m2/s]        [m2/s]        [m2/s]        [m2/s]        [m2/s]        [m2/s]   
%
           0.            0.       19.0000       1.50666        2.7023        3.0051        2.4645        2.2043         0.010       31.6909     0.1984955     0.0000013     0.0000000     0.0000000     0.0000013     0.0000000     0.0000000     0.0000000     0.0000000     0.0000000 
           0.            0.       19.0000       1.49674        2.7186        3.0053        2.5015        2.2691         0.010       31.6242     0.1860762     0.0029403     0.0000000     0.0000000     0.0029403     0.0000000     0.0000000     0.0000000     0.0000000     0.0000000 
           1.            0.       19.0000       1.48791        2.7329        3.0055        2.5339        2.3282         0.010       31.5715     0.1757066     0.0026423     0.0000000     0.0000000     0.0026423     0.0000000     0.0000000     0.0000000     0.0000000     0.0000000 
           2.            0.       19.0000       1.48023        2.7449        3.0057        2.5609        2.3784         0.010       31.5318     0.1674933     0.0024081     0.0000000     0.0000000     0.0024081     0.0000000     0.0000000     0.0000000     0.0000000     0.0000000 
           2.            0.       19.0000       1.47355        2.7550        3.0059        2.5830        2.4201         0.010       31.5010     0.1610323     0.0022220     0.0000000     0.0000000     0.0022220     0.0000000     0.0000000     0.0000000     0.0000000     0.0000000 
           2.            0.       19.0000       1.46764        2.7635        3.0061        2.6014        2.4547         0.010       31.4759     0.1558994     0.0020710     0.0000000     0.0000000     0.0020710     0.0000000     0.0000000     0.0000000     0.0000000     0.0000000 
           3.            0.       19.0000       1.46233        2.7709        3.0063        2.6168        2.4835         0.010       31.4547     0.1517555     0.0019458     0.0000000     0.0000000     0.0019458     0.0000000     0.0000000     0.0000000     0.0000000     0.0000000 
           4.            0.       19.0000       1.45751        2.7774        3.0064        2.6299        2.5076         0.010       31.4358     0.1483514     0.0018400     0.0000000     0.0000000     0.0018400     0.0000000     0.0000000     0.0000000     0.0000000     0.0000000 
           4.            0.       19.0000       1.45308        2.7831        3.0066        2.6413        2.5282         0.010       31.4186     0.1455088     0.0017491     0.0000000     0.0000000     0.0017491     0.0000000     0.0000000     0.0000000     0.0000000     0.0000000 
           4.            0.       19.0000       1.44896        2.7882        3.0068        2.6511        2.5457         0.010       31.4027     0.1430995     0.0016698     0.0000000     0.0000000     0.0016698     0.0000000     0.0000000     0.0000000     0.0000000     0.0000000 
           5.            0.       19.0000       1.44511        2.7929        3.0069        2.6599        2.5609         0.010       31.3876     0.1410297     0.0015999     0.0000000     0.0000000     0.0015999     0.0000000     0.0000000     0.0000000     0.0000000     0.0000000 
           6.            0.       19.0000       1.44149        2.7972        3.0071        2.6677        2.5742         0.010       31.3733     0.1392297     0.0015376     0.0000000     0.0000000     0.0015376     0.0000000     0.0000000     0.0000000     0.0000000     0.0000000 
           6.            0.       19.0000       1.43806        2.8011        3.0073        2.6747        2.5859         0.010       31.3597     0.1376469     0.0014817     0.0000000     0.0000000     0.0014817     0.0000000     0.0000000     0.0000000     0.0000000     0.0000000 
           6.            0.       19.0000       1.43479        2.8048        3.0074        2.6811        2.5962         0.010       31.3465     0.1362409     0.0014310     0.0000000     0.0000000     0.0014310     0.0000000     0.0000000     0.0000000     0.0000000     0.0000000 
           7.            0.       19.0000       1.43167        2.8082        3.0076        2.6870        2.6055         0.010       31.3339     0.1349807     0.0013848     0.0000000     0.0000000     0.0013848     0.0000000     0.0000000     0.0000000     0.0000000     0.0000000 
           8.            0.       19.0000       1.42869        2.8114        3.0077        2.6923        2.6138         0.010       31.3217     0.1338416     0.0013424     0.0000000     0.0000000     0.0013424     0.0000000     0.0000000     0.0000000     0.0000000     0.0000000 
           8.            0.       19.0000       1.42582        2.8145        3.0078        2.6973        2.6213         0.010       31.3098     0.1328040     0.0013033     0.0000000     0.0000000     0.0013033     0.0000000     0.0000000     0.0000000     0.0000000     0.0000000 
           8.            0.       19.0000       1.42305        2.8173        3.0080        2.7020        2.6282         0.010       31.2983     0.1318524     0.0012672     0.0000000     0.0000000     0.0012672     0.0000000     0.0000000     0.0000000     0.0000000     0.0000000 
           9.            0.       19.0000       1.42038        2.8201        3.0081        2.7063        2.6346         0.010       31.2871     0.1309740     0.0012336     0.0000000     0.0000000     0.0012336     0.0000000     0.0000000     0.0000000     0.0000000     0.0000000 
          10.            0.       19.0000       1.41780        2.8227        3.0083        2.7104        2.6404         0.010       31.2763     0.1301585     0.0012023     0.0000000     0.0000000     0.0012023     0.0000000     0.0000000     0.0000000     0.0000000     0.0000000 
          10.            0.       19.0000       1.41530        2.8252        3.0084        2.7143        2.6458         0.009       31.2657     0.1293976     0.0011729     0.0000000     0.0000000     0.0011729     0.0000000     0.0000000     0.0000000     0.0000000     0.0000000 
          10.            0.       19.0000       1.41287        2.8275        3.0085        2.7179        2.6509         0.009       31.2554     0.1286842     0.0011454     0.0000000     0.0000000     0.0011454     0.0000000     0.0000000     0.0000000     0.0000000     0.0000000 
          11.            0.       19.0000       1.41050        2.8298        3.0087        2.7214        2.6556         0.009       31.2454     0.1280124     0.0011195     0.0000000     0.0000000     0.0011195     0.0000000     0.0000000     0.0000000     0.0000000     0.0000000 
          12.            0.       19.0000       1.40820        2.8320        3.0088        2.7247        2.6600         0.009       31.2356     0.1273773     0.0010950     0.0000000     0.0000000     0.0010950     0.0000000     0.0000000     0.0000000     0.0000000     0.0000000 
          12.            0.       19.0000       1.40596        2.8341        3.0089        2.7278        2.6642         0.009       31.2260     0.1267750     0.0010718     0.0000000     0.0000000     0.0010718     0.0000000     0.0000000     0.0000000     0.0000000     0.0000000 
          12.            0.       19.0000       1.40378        2.8362        3.0091        2.7309        2.6682         0.009       31.2167     0.1262017     0.0010499     0.0000000     0.0000000     0.0010499     0.0000000     0.0000000     0.0000000     0.0000000     0.0000000 
          13.            0.       19.0000       1.40164        2.8381        3.0092        2.7338        2.6719         0.009       31.2076     0.1256546     0.0010290     0.0000000     0.0000000     0.0010290     0.0000000     0.0000000     0.0000000     0.0000000     0.0000000 
          14.            0.       19.0000       1.39956        2.8400        3.0093        2.7366        2.6755         0.009       31.1987     0.1251311     0.0010092     0.0000000     0.0000000     0.0010092     0.0000000     0.0000000     0.0000000     0.0000000     0.0000000 
          14.            0.       19.0000       1.39752        2.8419        3.0094        2.7392        2.6790         0.009       31.1899     0.1246292     0.0009903     0.0000000     0.0000000     0.0009903     0.0000000     0.0000000     0.0000000     0.0000000     0.0000000 
          14.            0.       19.0000       1.39552        2.8437        3.0096        2.7418        2.6822         0.009       31.1814     0.1241467     0.0009722     0.0000000     0.0000000     0.0009722     0.0000000     0.0000000     0.0000000     0.0000000     0.0000000 
          15.            0.       19.0000       1.39356        2.8454        3.0097        2.7444        2.6854         0.009       31.1730     0.1236819     0.0009550     0.0000000     0.0000000     0.0009550     0.0000000     0.0000000     0.0000000     0.0000000     0.0000000 
          16.            0.       19.0000       1.39165        2.8471        3.0098        2.7468        2.6884         0.008       31.1648     0.1232335     0.0009384     0.0000000     0.0000000     0.0009384     0.0000000     0.0000000     0.0000000     0.0000000     0.0000000 
          16.            0.       19.0000       1.38977        2.8488        3.0099        2.7491        2.6913         0.008       31.1568     0.1228003     0.0009226     0.0000000     0.0000000     0.0009226     0.0000000     0.0000000     0.0000000     0.0000000     0.0000000 
          16.            0.       19.0000       1.38792        2.8504        3.0100        2.7514        2.6942         0.008       31.1489     0.1223811     0.0009074     0.0000000     0.0000000     0.0009074     0.0000000     0.0000000     0.0000000     0.0000000     0.0000000 
          17.            0.       19.0000       1.38611        2.8520        3.0101        2.7536        2.6969         0.008       31.1411     0.1219749     0.0008928     0.0000000     0.0000000     0.0008928     0.0000000     0.0000000     0.0000000     0.0000000     0.0000000 
          18.            0.       19.0000       1.38433        2.8535        3.0103        2.7558        2.6995         0.008       31.1336     0.1215807     0.0008787     0.0000000     0.0000000     0.0008787     0.0000000     0.0000000     0.0000000     0.0000000     0.0000000 
          18.            0.       19.0000       1.38258        2.8550        3.0104        2.7579        2.7021         0.008       31.1261     0.1211980     0.0008652     0.0000000     0.0000000     0.0008652     0.0000000     0.0000000     0.0000000     0.0000000     0.0000000 
          18.            0.       19.0000       1.38086        2.8565        3.0105        2.7599        2.7045         0.008       31.1188     0.1208257     0.0008522     0.0000000     0.0000000     0.0008522     0.0000000     0.0000000     0.0000000     0.0000000     0.0000000 
          19.            0.       19.0000       1.37917        2.8579        3.0106        2.7619        2.7069         0.008       31.1116     0.1204634     0.0008396     0.0000000     0.0000000     0.0008396     0.0000000     0.0000000     0.0000000     0.0000000     0.0000000 
          20.            0.       19.0000       1.37751        2.8593        3.0107        2.7638        2.7093         0.008       31.1045     0.1201105     0.0008275     0.0000000     0.0000000     0.0008275     0.0000000     0.0000000     0.0000000     0.0000000     0.0000000 
          20.            0.       19.0000       1.37587        2.8607        3.0108        2.7657        2.7116         0.008       31.0976     0.1197665     0.0008157     0.0000000     0.0000000     0.0008157     0.0000000     0.0000000     0.0000000     0.0000000     0.0000000 
          20.            0.       19.0000       1.37426        2.8620        3.0109        2.7676        2.7138         0.007       31.0908     0.1194307     0.0008044     0.0000000     0.0000000     0.0008044     0.0000000     0.0000000     0.0000000     0.0000000     0.0000000 
          21.            0.       19.0000       1.37267        2.8633        3.0110        2.7694        2.7159         0.007       31.0841     0.1191029     0.0007934     0.0000000     0.0000000     0.0007934     0.0000000     0.0000000     0.0000000     0.0000000     0.0000000 
          22.            0.       19.0000       1.37111        2.8646        3.0111        2.7712        2.7180         0.007       31.0774     0.1187826     0.0007828     0.0000000     0.0000000     0.0007828     0.0000000     0.0000000     0.0000000     0.0000000     0.0000000 
          22.            0.       19.0000       1.36956        2.8659        3.0113        2.7729        2.7201         0.007       31.0710     0.1184696     0.0007725     0.0000000     0.0000000     0.0007725     0.0000000     0.0000000     0.0000000     0.0000000     0.0000000 
          22.            0.       19.0000       1.36804        2.8671        3.0114        2.7746        2.7221         0.007       31.0646     0.1181633     0.0007625     0.0000000     0.0000000     0.0007625     0.0000000     0.0000000     0.0000000     0.0000000     0.0000000 
          23.            0.       19.0000       1.36654        2.8683        3.0115        2.7762        2.7241         0.007       31.0583     0.1178634     0.0007528     0.0000000     0.0000000     0.0007528     0.0000000     0.0000000     0.0000000     0.0000000     0.0000000 
          24.            0.       19.0000       1.36507        2.8695        3.0116        2.7779        2.7260         0.007       31.0520     0.1175698     0.0007434     0.0000000     0.0000000     0.0007434     0.0000000     0.0000000     0.0000000     0.0000000     0.0000000 
          24.            0.       19.0000       1.36361        2.8707        3.0117        2.7795        2.7279         0.007       31.0459     0.1172822     0.0007343     0.0000000     0.0000000     0.0007343     0.0000000     0.0000000     0.0000000     0.0000000     0.0000000 
          24.            0.       19.0000       1.36217        2.8718        3.0118        2.7810        2.7297         0.007       31.0399     0.1170002     0.0007254     0.0000000     0.0000000     0.0007254     0.0000000     0.0000000     0.0000000     0.0000000     0.0000000 
          25.            0.       19.0000       1.36075        2.8730        3.0119        2.7825        2.7315         0.007       31.0340     0.1167237     0.0007168     0.0000000     0.0000000     0.0007168     0.0000000     0.0000000     0.0000000     0.0000000     0.0000000 
          26.            0.       19.0000       1.35934        2.8741        3.0120        2.7841        2.7333         0.006       31.0282     0.1164524     0.0007084     0.0000000     0.0000000     0.0007084     0.0000000     0.0000000     0.0000000     0.0000000     0.0000000 
          26.            0.       19.0000       1.35796        2.8752        3.0121        2.7855        2.7350         0.006       31.0224     0.1161861     0.0007002     0.0000000     0.0000000     0.0007002     0.0000000     0.0000000     0.0000000     0.0000000     0.0000000 
          26.            0.       19.0000       1.35659        2.8762        3.0122        2.7870        2.7367         0.006       31.0167     0.1159248     0.0006923     0.0000000     0.0000000     0.0006923     0.0000000     0.0000000     0.0000000     0.0000000     0.0000000 
          27.            0.       19.0000       1.35524        2.8773        3.0123        2.7884        2.7384         0.006       31.0111     0.1156680     0.0006845     0.0000000     0.0000000     0.0006845     0.0000000     0.0000000     0.0000000     0.0000000     0.0000000 
          28.            0.       19.0000       1.35390        2.8783        3.0124        2.7898        2.7400         0.006       31.0056     0.1154157     0.0006770     0.0000000     0.0000000     0.0006770     0.0000000     0.0000000     0.0000000     0.0000000     0.0000000 
          28.            0.       19.0000       1.35258        2.8793        3.0125        2.7912        2.7417         0.006       31.0002     0.1151678     0.0006696     0.0000000     0.0000000     0.0006696     0.0000000     0.0000000     0.0000000     0.0000000     0.0000000 
          28.            0.       19.0000       1.35128        2.8804        3.0126        2.7925        2.7432         0.006       30.9948     0.1149240     0.0006624     0.0000000     0.0000000     0.0006624     0.0000000     0.0000000     0.0000000     0.0000000     0.0000000 
          29.            0.       19.0000       1.34999        2.8813        3.0127        2.7938        2.7448         0.006       30.9895     0.1146843     0.0006554     0.0000000     0.0000000     0.0006554     0.0000000     0.0000000     0.0000000     0.0000000     0.0000000 
          30.            0.       19.0000       1.34871        2.8823        3.0128        2.7952        2.7463         0.006       30.9842     0.1144485     0.0006486     0.0000000     0.0000000     0.0006486     0.0000000     0.0000000     0.0000000     0.0000000     0.0000000 
          30.            0.       19.0000       1.34745        2.8833        3.0129        2.7964        2.7478         0.006       30.9791     0.1142164     0.0006419     0.0000000     0.0000000     0.0006419     0.0000000     0.0000000     0.0000000     0.0000000     0.0000000 
          30.            0.       19.0000       1.34620        2.8842        3.0130        2.7977        2.7493         0.005       30.9740     0.1139880     0.0006354     0.0000000     0.0000000     0.0006354     0.0000000     0.0000000     0.0000000     0.0000000     0.0000000 
          31.            0.       19.0000       1.34497        2.8852        3.0130        2.7990        2.7508         0.005       30.9689     0.1137631     0.0006290     0.0000000     0.0000000     0.0006290     0.0000000     0.0000000     0.0000000     0.0000000     0.0000000 
          32.            0.       19.0000       1.34374        2.8861        3.0131        2.8002        2.7522         0.005       30.9640     0.1135417     0.0006228     0.0000000     0.0000000     0.0006228     0.0000000     0.0000000     0.0000000     0.0000000     0.0000000 
          32.            0.       19.0000       1.34254        2.8870        3.0132        2.8014        2.7536         0.005       30.9591     0.1133236     0.0006167     0.0000000     0.0000000     0.0006167     0.0000000     0.0000000     0.0000000     0.0000000     0.0000000 
          32.            0.       19.0000       1.34134        2.8879        3.0133        2.8026        2.7550         0.005       30.9542     0.1131086     0.0006107     0.0000000     0.0000000     0.0006107     0.0000000     0.0000000     0.0000000     0.0000000     0.0000000 
          33.            0.       19.0000       1.34016        2.8888        3.0134        2.8038        2.7563         0.005       30.9494     0.1128969     0.0006049     0.0000000     0.0000000     0.0006049     0.0000000     0.0000000     0.0000000     0.0000000     0.0000000 
          34.            0.       19.0000       1.33898        2.8897        3.0135        2.8049        2.7577         0.005       30.9447     0.1126881     0.0005992     0.0000000     0.0000000     0.0005992     0.0000000     0.0000000     0.0000000     0.0000000     0.0000000 
          34.            0.       19.0000       1.33782        2.8905        3.0136        2.8061        2.7590         0.005       30.9400     0.1124824     0.0005936     0.0000000     0.0000000     0.0005936     0.0000000     0.0000000     0.0000000     0.0000000     0.0000000 
          34.            0.       19.0000       1.33667        2.8914        3.0137        2.8072        2.7603         0.005       30.9354     0.1122794     0.0005881     0.0000000     0.0000000     0.0005881     0.0000000     0.0000000     0.0000000     0.0000000     0.0000000 
          35.            0.       19.0000       1.33553        2.8922        3.0138        2.8083        2.7616         0.005       30.9308     0.1120793     0.0005828     0.0000000     0.0000000     0.0005828     0.0000000     0.0000000     0.0000000     0.0000000     0.0000000 
          36.            0.       19.0000       1.33441        2.8931        3.0139        2.8094        2.7629         0.005       30.9263     0.1118819     0.0005775     0.0000000     0.0000000     0.0005775     0.0000000     0.0000000     0.0000000     0.0000000     0.0000000 
          36.            0.       19.0000       1.33329        2.8939        3.0140        2.8105        2.7641         0.004       30.9219     0.1116871     0.0005724     0.0000000     0.0000000     0.0005724     0.0000000     0.0000000     0.0000000     0.0000000     0.0000000 
          36.            0.       19.0000       1.33218        2.8947        3.0140        2.8115        2.7654         0.004       30.9175     0.1114949     0.0005673     0.0000000     0.0000000     0.0005673     0.0000000     0.0000000     0.0000000     0.0000000     0.0000000 
          37.            0.       19.0000       1.33109        2.8955        3.0141        2.8126        2.7666         0.004       30.9131     0.1113052     0.0005624     0.0000000     0.0000000     0.0005624     0.0000000     0.0000000     0.0000000     0.0000000     0.0000000 
          38.            0.       19.0000       1.33000        2.8963        3.0142        2.8136        2.7678         0.004       30.9088     0.1111179     0.0005575     0.0000000     0.0000000     0.0005575     0.0000000     0.0000000     0.0000000     0.0000000     0.0000000 
          38.            0.       19.0000       1.32892        2.8971        3.0143        2.8146        2.7690         0.004       30.9044     0.1109330     0.0005528     0.0000000     0.0000000     0.0005528     0.0000000     0.0000000     0.0000000     0.0000000     0.0000000 
          38.            0.       18.5000       1.32785        2.8978        3.0144        2.8156        2.7701         0.004       30.9000     0.1107508     0.0005481     0.0000000     0.0000000     0.0005481     0.0000000     0.0000000     0.0000000     0.0000000     0.0000000 
          39.            0.       18.0000       1.32677        2.8985        3.0145        2.8166        2.7713         0.004       30.8946     0.1105709     0.0005435     0.0000000     0.0000000     0.0005435     0.0000000     0.0000000     0.0000000     0.0000000     0.0000000 
          40.            0.       17.0000       1.32568        2.8992        3.0146        2.8175        2.7723         0.004       30.8885     0.1103959     0.0005391     0.0000000     0.0000000     0.0005391     0.0000000     0.0000000     0.0000000     0.0000000     0.0000000 
          40.            0.       16.0000       1.32457        2.8998        3.0146        2.8184        2.7734         0.004       30.8820     0.1102219     0.0005347     0.0000000     0.0000000     0.0005347     0.0000000     0.0000000     0.0000000     0.0000000     0.0000000 
          40.            0.       15.0000       1.32342        2.9004        3.0147        2.8193        2.7744         0.004       30.8731     0.1100501     0.0005304     0.0000000     0.0000000     0.0005304     0.0000000     0.0000000     0.0000000     0.0000000     0.0000000 
          41.            0.       14.0000       1.32222        2.9009        3.0148        2.8200        2.7753         0.004       30.8616     0.1098884     0.0005264     0.0000000     0.0000000     0.0005263     0.0000000     0.0000000     0.0000000     0.0000000     0.0000000 
          42.            0.       13.0000       1.32088        2.9012        3.0148        2.8206        2.7761         0.004       30.8470     0.1097235     0.0005222     0.0000000     0.0000000     0.0005221     0.0000000     0.0000000     0.0000000     0.0000000     0.0000000 
          42.            0.       12.0000       1.31937        2.9013        3.0148        2.8211        2.7767         0.004       30.8271     0.1095683     0.0005182     0.0000000     0.0000001     0.0005181     0.0000000     0.0000000     0.0000000     0.0000000     0.0000000 
          42.            0.       11.0000       1.31751        2.9011        3.0147        2.8212        2.7771         0.004       30.7992     0.1094097     0.0005140     0.0000000     0.0000001     0.0005139     0.0000000     0.0000000     0.0000000     0.0000000     0.0000000 
          43.            0.       10.0000       1.31507        2.9004        3.0144        2.8210        2.7771         0.004       30.7575     0.1092533     0.0005096     0.0000000     0.0000003     0.0005094     0.0000000     0.0000000     0.0000000     0.0000000     0.0000000 
          44.            0.        9.0000       1.31159        2.8990        3.0138        2.8200        2.7764         0.004       30.6928     0.1090860     0.0005046     0.0000000     0.0000005     0.0005041     0.0000000     0.0000000     0.0000000     0.0000000     0.0000000 
          44.            0.        8.0000       1.30634        2.8968        3.0127        2.8182        2.7748         0.004       30.5875     0.1088989     0.0004984     0.0000000     0.0000009     0.0004975     0.0000000     0.0000000     0.0000000     0.0000000     0.0000000 
          44.            0.        7.0000       1.29806        2.8933        3.0109        2.8151        2.7719         0.004       30.4133     0.1086625     0.0004898     0.0000000     0.0000017     0.0004881     0.0000000     0.0000000     0.0000000     0.0000000     0.0000000 
          45.            0.        6.0000       1.28482        2.8885        3.0083        2.8104        2.7673         0.004       30.1128     0.1083544     0.0004777     0.0000000     0.0000035     0.0004742     0.0000000     0.0000000     0.0000000     0.0000000     0.0000000 
          46.            0.        5.0000       1.26416        2.8830        3.0056        2.8043        2.7609         0.004       29.5594     0.1079920     0.0004618     0.0000001     0.0000071     0.0004547     0.0000000     0.0000000     0.0000000     0.0000000     0.0000000 
          46.            0.        4.0000       1.23438        2.8789        3.0046        2.7985        2.7545         0.006       28.5436     0.1078458     0.0004577     0.0000103     0.0000145     0.0004329     0.0000000     0.0000000     0.0000000     0.0000000     0.0000000 
          46.            0.        3.0000       1.19750        2.8813        3.0080        2.7986        2.7533         0.008       26.7675     0.1090022     0.0009892     0.0005320     0.0000309     0.0004262     0.0000000     0.0000000     0.0000000     0.0000000     0.0000000 
          47.            0.        2.0000       1.16289        2.8997        3.0154        2.8161        2.7702         0.011       24.5605     0.1150153     0.0099273     0.0093586     0.0000720     0.0004966     0.0000000     0.0000000     0.0000000     0.0000000     0.0000000 
          48.            0.        1.5000       1.13380        2.9199        3.0206        2.8380        2.7929         0.014       22.2655     0.1211638     0.0263099     0.0256164     0.0001155     0.0005780     0.0000000     0.0000000     0.0000000     0.0000000     0.0000000 
          48.            0.        1.0000       1.10234        2.9464        3.0266        2.8680        2.8250         0.013       20.6512     0.1349225     0.0539204     0.0528833     0.0002038     0.0008334     0.0000000     0.0000000     0.0000000     0.0000000     0.0000000 
          48.            0.        1.0000       1.02636        2.9545        3.0282        2.8773        2.8352         0.015       20.3908     0.1250976     0.0457901     0.0450804     0.0001771     0.0005325     0.0000000     0.0000000     0.0000000     0.0000000     0.0000000 
          49.            0.        1.0000       0.95957        2.9622        3.0298        2.8863        2.8450         0.017       20.7399     0.1164918     0.0345793     0.0340750     0.0001552     0.0003491     0.0000000     0.0000000     0.0000000     0.0000000     0.0000000 
          50.            0.        1.0000       0.90364        2.9690        3.0312        2.8943        2.8537         0.019       21.3792     0.1093144     0.0266039     0.0262264     0.0001380     0.0002395     0.0000000     0.0000000     0.0000000     0.0000000     0.0000000 
          50.            0.        1.0000       0.85742        2.9750        3.0324        2.9012        2.8613         0.021       22.1851     0.1034074     0.0209399     0.0206431     0.0001244     0.0001724     0.0000000     0.0000000     0.0000000     0.0000000     0.0000000 
          50.            0.        1.0000       0.81914        2.9802        3.0335        2.9072        2.8678         0.024       23.0980     0.0985324     0.0168557     0.0166125     0.0001138     0.0001295     0.0000000     0.0000000     0.0000000     0.0000000     0.0000000 
          51.            0.        1.0000       0.78716        2.9848        3.0345        2.9124        2.8734         0.027       24.0878     0.0944728     0.0138494     0.0136433     0.0001052     0.0001009     0.0000000     0.0000000     0.0000000     0.0000000     0.0000000 
          52.            0.        1.0000       0.76023        2.9888        3.0353        2.9170        2.8783         0.030       25.1487     0.0910601     0.0115921     0.0114128     0.0000983     0.0000811     0.0000000     0.0000000     0.0000000     0.0000000     0.0000000 
          52.            0.        1.0000       0.74043        2.9922        3.0360        2.9209        2.8826         0.037       27.2670     0.0885368     0.0100867     0.0099247     0.0000933     0.0000687     0.0000000     0.0000000     0.0000000     0.0000000     0.0000000 
          52.            0.        1.5000       0.71271        2.9772        3.0320        2.9048        2.8657         0.042       30.5132     0.0736534     0.0010292     0.0009516     0.0000470     0.0000306     0.0000000     0.0000000     0.0000000     0.0000000     0.0000000 
          53.            0.        2.0000       0.71122        2.9657        3.0286        2.8929        2.8535         0.042       33.1203     0.0673832     0.0000894     0.0000398     0.0000282     0.0000214     0.0000000     0.0000000     0.0000000     0.0000000     0.0000000 
          54.            0.        3.0000       0.72205        2.9512        3.0232        2.8792        2.8404         0.042       34.4506     0.0623656     0.0000283     0.0000000     0.0000121     0.0000162     0.0000000     0.0000000     0.0000000     0.0000000     0.0000000 
          54.            0.        4.0000       0.73669        2.9476        3.0207        2.8772        2.8392         0.041       34.4063     0.0608981     0.0000210     0.0000000     0.0000056     0.0000153     0.0000000     0.0000000     0.0000000     0.0000000     0.0000000 
          54.            0.        5.0000       0.74825        2.9489        3.0210        2.8796        2.8422         0.040       33.9663     0.0604810     0.0000181     0.0000000     0.0000027     0.0000154     0.0000000     0.0000000     0.0000000     0.0000000     0.0000000 
          55.            0.        6.0000       0.75588        2.9517        3.0224        2.8830        2.8459         0.039       33.5117     0.0603628     0.0000168     0.0000000     0.0000013     0.0000155     0.0000000     0.0000000     0.0000000     0.0000000     0.0000000 
          56.            0.        7.0000       0.76052        2.9544        3.0238        2.8859        2.8489         0.039       33.1712     0.0603196     0.0000163     0.0000000     0.0000007     0.0000156     0.0000000     0.0000000     0.0000000     0.0000000     0.0000000 
          56.            0.        8.0000       0.76321        2.9567        3.0248        2.8881        2.8511         0.039       32.9431     0.0602926     0.0000160     0.0000000     0.0000003     0.0000157     0.0000000     0.0000000     0.0000000     0.0000000     0.0000000 
          56.            0.        9.0000       0.76471        2.9583        3.0255        2.8897        2.8526         0.040       32.7950     0.0602665     0.0000158     0.0000000     0.0000002     0.0000157     0.0000000     0.0000000     0.0000000     0.0000000     0.0000000 
          57.            0.       10.0000       0.76554        2.9595        3.0259        2.8908        2.8536         0.041       32.6989     0.0602432     0.0000158     0.0000000     0.0000001     0.0000157     0.0000000     0.0000000     0.0000000     0.0000000     0.0000000 
          58.            0.       11.0000       0.76596        2.9604        3.0261        2.8915        2.8543         0.041       32.6353     0.0602206     0.0000157     0.0000000     0.0000001     0.0000156     0.0000000     0.0000000     0.0000000     0.0000000     0.0000000 
          58.            0.       12.0000       0.76617        2.9609        3.0262        2.8920        2.8547         0.042       32.5928     0.0602027     0.0000157     0.0000000     0.0000000     0.0000156     0.0000000     0.0000000     0.0000000     0.0000000     0.0000000 
          58.            0.       13.0000       0.76624        2.9613        3.0263        2.8923        2.8550         0.043       32.5626     0.0601839     0.0000156     0.0000000     0.0000000     0.0000156     0.0000000     0.0000000     0.0000000     0.0000000     0.0000000 
          59.            0.       14.0000       0.76626        2.9616        3.0263        2.8925        2.8552         0.044       32.5415     0.0601714     0.0000156     0.0000000     0.0000000     0.0000156     0.0000000     0.0000000     0.0000000     0.0000000     0.0000000 
          60.            0.       15.0000       0.76623        2.9617        3.0263        2.8926        2.8553         0.045       32.5256     0.0601567     0.0000156     0.0000000     0.0000000     0.0000156     0.0000000     0.0000000     0.0000000     0.0000000     0.0000000 
          60.            0.       16.0000       0.76619        2.9618        3.0263        2.8927        2.8554         0.046       32.5137     0.0601480     0.0000156     0.0000000     0.0000000     0.0000156     0.0000000     0.0000000     0.0000000     0.0000000     0.0000000 
          60.            0.       17.0000       0.76615        2.9619        3.0263        2.8928        2.8555         0.047       32.5074     0.0601406     0.0000156     0.0000000     0.0000000     0.0000155     0.0000000     0.0000000     0.0000000     0.0000000     0.0000000 
          61.            0.       18.0000       0.76609        2.9620        3.0263        2.8929        2.8555         0.048       32.5014     0.0601323     0.0000155     0.0000000     0.0000000     0.0000155     0.0000000     0.0000000     0.0000000     0.0000000     0.0000000 
          62.            0.       18.5000       0.76603        2.9620        3.0263        2.8929        2.8556         0.049       32.4969     0.0601261     0.0000155     0.0000000     0.0000000     0.0000155     0.0000000     0.0000000     0.0000000     0.0000000     0.0000000 
          62.            0.       19.0000       0.76598        2.9621        3.0263        2.8929        2.8556         0.051       32.4947     0.0601201     0.0000155     0.0000000     0.0000000     0.0000155     0.0000000     0.0000000     0.0000000     0.0000000     0.0000000 
          62.            0.       19.0000       0.76593        2.9621        3.0263        2.8930        2.8556         0.052       32.4929     0.0601144     0.0000155     0.0000000     0.0000000     0.0000155     0.0000000     0.0000000     0.0000000     0.0000000     0.0000000 
          63.            0.       19.0000       0.76588        2.9621        3.0264        2.8930        2.8557         0.053       32.4915     0.0601088     0.0000155     0.0000000     0.0000000     0.0000155     0.0000000     0.0000000     0.0000000     0.0000000     0.0000000 
          64.            0.       19.0000       0.76582        2.9622        3.0264        2.8930        2.8557         0.054       32.4901     0.0601033     0.0000155     0.0000000     0.0000000     0.0000155     0.0000000     0.0000000     0.0000000     0.0000000     0.0000000 
          64.            0.       19.0000       0.76577        2.9622        3.0264        2.8931        2.8557         0.056       32.4887     0.0600978     0.0000155     0.0000000     0.0000000     0.0000155     0.0000000     0.0000000     0.0000000     0.0000000     0.0000000 
          64.            0.       19.0000       0.76572        2.9622        3.0264        2.8931        2.8558         0.057       32.4874     0.0600924     0.0000155     0.0000000     0.0000000     0.0000155     0.0000000     0.0000000     0.0000000     0.0000000     0.0000000 
          65.            0.       19.0000       0.76567        2.9623        3.0264        2.8932        2.8558         0.059       32.4861     0.0600870     0.0000155     0.0000000     0.0000000     0.0000155     0.0000000     0.0000000     0.0000000     0.0000000     0.0000000 
          66.            0.       19.0000       0.76562        2.9623        3.0264        2.8932        2.8558         0.060       32.4849     0.0600818     0.0000155     0.0000000     0.0000000     0.0000155     0.0000000     0.0000000     0.0000000     0.0000000     0.0000000 
          66.            0.       19.0000       0.76557        2.9623        3.0264        2.8932        2.8559         0.062       32.4838     0.0600766     0.0000155     0.0000000     0.0000000     0.0000155     0.0000000     0.0000000     0.0000000     0.0000000     0.0000000 
          66.            0.       19.0000       0.76552        2.9624        3.0264        2.8932        2.8559         0.064       32.4827     0.0600715     0.0000155     0.0000000     0.0000000     0.0000155     0.0000000     0.0000000     0.0000000     0.0000000     0.0000000 
          67.            0.       19.0000       0.76547        2.9624        3.0264        2.8933        2.8559         0.065       32.4816     0.0600664     0.0000154     0.0000000     0.0000000     0.0000154     0.0000000     0.0000000     0.0000000     0.0000000     0.0000000 
          68.            0.       19.0000       0.76542        2.9624        3.0264        2.8933        2.8560         0.067       32.4807     0.0600614     0.0000154     0.0000000     0.0000000     0.0000154     0.0000000     0.0000000     0.0000000     0.0000000     0.0000000 
          68.            0.       19.0000       0.76537        2.9624        3.0264        2.8933        2.8560         0.069       32.4798     0.0600565     0.0000154     0.0000000     0.0000000     0.0000154     0.0000000     0.0000000     0.0000000     0.0000000     0.0000000 
          68.            0.       19.0000       0.76532        2.9625        3.0265        2.8934        2.8560         0.071       32.4790     0.0600517     0.0000154     0.0000000     0.0000000     0.0000154     0.0000000     0.0000000     0.0000000     0.0000000     0.0000000 
          69.            0.       19.0000       0.76528        2.9625        3.0265        2.8934        2.8560         0.073       32.4782     0.0600469     0.0000154     0.0000000     0.0000000     0.0000154     0.0000000     0.0000000     0.0000000     0.0000000     0.0000000 
          70.            0.       19.0000       0.76523        2.9625        3.0265        2.8934        2.8561         0.075       32.4775     0.0600422     0.0000154     0.0000000     0.0000000     0.0000154     0.0000000     0.0000000     0.0000000     0.0000000     0.0000000 
          70.            0.       19.0000       0.76518        2.9625        3.0265        2.8934        2.8561         0.077       32.4769     0.0600375     0.0000154     0.0000000     0.0000000     0.0000154     0.0000000     0.0000000     0.0000000     0.0000000     0.0000000 
          70.            0.       19.0000       0.76513        2.9626        3.0265        2.8935        2.8561         0.079       32.4764     0.0600329     0.0000154     0.0000000     0.0000000     0.0000154     0.0000000     0.0000000     0.0000000     0.0000000     0.0000000 
          71.            0.       19.0000       0.76509        2.9626        3.0265        2.8935        2.8561         0.082       32.4759     0.0600285     0.0000154     0.0000000     0.0000000     0.0000154     0.0000000     0.0000000     0.0000000     0.0000000     0.0000000 
          72.            0.       19.0000       0.76504        2.9626        3.0265        2.8935        2.8561         0.084       32.4755     0.0600240     0.0000154     0.0000000     0.0000000     0.0000154     0.0000000     0.0000000     0.0000000     0.0000000     0.0000000 
          72.            0.       19.0000       0.76500        2.9626        3.0265        2.8935        2.8562         0.086       32.4751     0.0600196     0.0000154     0.0000000     0.0000000     0.0000154     0.0000000     0.0000000     0.0000000     0.0000000     0.0000000 
          72.            0.       19.0000       0.76495        2.9627        3.0265        2.8935        2.8562         0.089       32.4749     0.0600153     0.0000154     0.0000000     0.0000000     0.0000154     0.0000000     0.0000000     0.0000000     0.0000000     0.0000000 
          73.            0.       19.0000       0.76491        2.9627        3.0265        2.8936        2.8562         0.091       32.4747     0.0600110     0.0000154     0.0000000     0.0000000     0.0000154     0.0000000     0.0000000     0.0000000     0.0000000     0.0000000 
          74.            0.       19.0000       0.76486        2.9627        3.0265        2.8936        2.8562         0.094       32.4746     0.0600069     0.0000154     0.0000000     0.0000000     0.0000154     0.0000000     0.0000000     0.0000000     0.0000000     0.0000000 
          74.            0.       19.0000       0.76482        2.9627        3.0265        2.8936        2.8562         0.096       32.4745     0.0600028     0.0000154     0.0000000     0.0000000     0.0000154     0.0000000     0.0000000     0.0000000     0.0000000     0.0000000 
          74.            0.       19.0000       0.76478        2.9628        3.0266        2.8936        2.8562         0.099       32.4746     0.0599986     0.0000154     0.0000000     0.0000000     0.0000154     0.0000000     0.0000000     0.0000000     0.0000000     0.0000000 
          75.            0.       19.0000       0.76473        2.9628        3.0266        2.8936        2.8563         0.102       32.4747     0.0599946     0.0000154     0.0000000     0.0000000     0.0000154     0.0000000     0.0000000     0.0000000     0.0000000     0.0000000 
          76.            0.       19.0000       0.76469        2.9628        3.0266        2.8937        2.8563         0.105       32.4749     0.0599907     0.0000153     0.0000000     0.0000000     0.0000153     0.0000000     0.0000000     0.0000000     0.0000000     0.0000000 
          76.            0.       19.0000       0.76465        2.9628        3.0266        2.8937        2.8563         0.108       32.4752     0.0599869     0.0000153     0.0000000     0.0000000     0.0000153     0.0000000     0.0000000     0.0000000     0.0000000     0.0000000 
          76.            0.       19.0000       0.76461        2.9628        3.0266        2.8937        2.8563         0.111       32.4755     0.0599830     0.0000153     0.0000000     0.0000000     0.0000153     0.0000000     0.0000000     0.0000000     0.0000000     0.0000000 
          77.            0.       19.0000       0.76457        2.9628        3.0266        2.8937        2.8563         0.114       32.4759     0.0599793     0.0000153     0.0000000     0.0000000     0.0000153     0.0000000     0.0000000     0.0000000     0.0000000     0.0000000 
          78.            0.       19.0000       0.76453        2.9629        3.0266        2.8937        2.8563         0.117       32.4764     0.0599756     0.0000153     0.0000000     0.0000000     0.0000153     0.0000000     0.0000000     0.0000000     0.0000000     0.0000000 
          78.            0.       19.0000       0.76449        2.9629        3.0266        2.8937        2.8563         0.121       32.4770     0.0599719     0.0000153     0.0000000     0.0000000     0.0000153     0.0000000     0.0000000     0.0000000     0.0000000     0.0000000 
          78.            0.       19.0000       0.76445        2.9629        3.0266        2.8938        2.8563         0.124       32.4777     0.0599683     0.0000153     0.0000000     0.0000000     0.0000153     0.0000000     0.0000000     0.0000000     0.0000000     0.0000000 
          79.            0.       19.0000       0.76441        2.9629        3.0266        2.8938        2.8564         0.127       32.4784     0.0599648     0.0000153     0.0000000     0.0000000     0.0000153     0.0000000     0.0000000     0.0000000     0.0000000     0.0000000 
          80.            0.       19.0000       0.76437        2.9629        3.0266        2.8938        2.8564         0.131       32.4792     0.0599613     0.0000153     0.0000000     0.0000000     0.0000153     0.0000000     0.0000000     0.0000000     0.0000000     0.0000000 
          80.            0.       19.0000       0.76433        2.9629        3.0266        2.8938        2.8564         0.134       32.4802     0.0599579     0.0000153     0.0000000     0.0000000     0.0000153     0.0000000     0.0000000     0.0000000     0.0000000     0.0000000 
          80.            0.       19.0000       0.76429        2.9630        3.0266        2.8938        2.8564         0.138       32.4812     0.0599545     0.0000153     0.0000000     0.0000000     0.0000153     0.0000000     0.0000000     0.0000000     0.0000000     0.0000000 
          81.            0.       19.0000       0.76426        2.9630        3.0266        2.8938        2.8564         0.142       32.4822     0.0599512     0.0000153     0.0000000     0.0000000     0.0000153     0.0000000     0.0000000     0.0000000     0.0000000     0.0000000 
          82.            0.       19.0000       0.76422        2.9630        3.0266        2.8938        2.8564         0.146       32.4834     0.0599479     0.0000153     0.0000000     0.0000000     0.0000153     0.0000000     0.0000000     0.0000000     0.0000000     0.0000000 
          82.            0.       19.0000       0.76418        2.9630        3.0266        2.8938        2.8564         0.150       32.4846     0.0599447     0.0000153     0.0000000     0.0000000     0.0000153     0.0000000     0.0000000     0.0000000     0.0000000     0.0000000 
          82.            0.       19.0000       0.76415        2.9630        3.0267        2.8939        2.8564         0.154       32.4859     0.0599415     0.0000153     0.0000000     0.0000000     0.0000153     0.0000000     0.0000000     0.0000000     0.0000000     0.0000000 
          83.            0.       19.0000       0.76411        2.9630        3.0267        2.8939        2.8564         0.158       32.4873     0.0599384     0.0000153     0.0000000     0.0000000     0.0000153     0.0000000     0.0000000     0.0000000     0.0000000     0.0000000 
          84.            0.       19.0000       0.76408        2.9630        3.0267        2.8939        2.8564         0.162       32.4888     0.0599353     0.0000153     0.0000000     0.0000000     0.0000153     0.0000000     0.0000000     0.0000000     0.0000000     0.0000000 
          84.            0.       19.0000       0.76404        2.9630        3.0267        2.8939        2.8565         0.166       32.4903     0.0599323     0.0000153     0.0000000     0.0000000     0.0000153     0.0000000     0.0000000     0.0000000     0.0000000     0.0000000 
          84.            0.       19.0000       0.76401        2.9631        3.0267        2.8939        2.8565         0.171       32.4920     0.0599293     0.0000153     0.0000000     0.0000000     0.0000153     0.0000000     0.0000000     0.0000000     0.0000000     0.0000000 
          85.            0.       19.0000       0.76398        2.9631        3.0267        2.8939        2.8565         0.175       32.4937     0.0599264     0.0000153     0.0000000     0.0000000     0.0000153     0.0000000     0.0000000     0.0000000     0.0000000     0.0000000 
          86.            0.       19.0000       0.76394        2.9631        3.0267        2.8939        2.8565         0.180       32.4955     0.0599235     0.0000153     0.0000000     0.0000000     0.0000153     0.0000000     0.0000000     0.0000000     0.0000000     0.0000000 
          86.            0.       19.0000       0.76391        2.9631        3.0267        2.8939        2.8565         0.184       32.4974     0.0599207     0.0000153     0.0000000     0.0000000     0.0000153     0.0000000     0.0000000     0.0000000     0.0000000     0.0000000 
          86.            0.       19.0000       0.76388        2.9631        3.0267        2.8939        2.8565         0.189       32.4993     0.0599179     0.0000153     0.0000000     0.0000000     0.0000153     0.0000000     0.0000000     0.0000000     0.0000000     0.0000000 
          87.            0.       19.0000       0.76385        2.9631        3.0267        2.8939        2.8565         0.194       32.5014     0.0599152     0.0000152     0.0000000     0.0000000     0.0000152     0.0000000     0.0000000     0.0000000     0.0000000     0.0000000 
          88.            0.       19.0000       0.76382        2.9631        3.0267        2.8940        2.8565         0.199       32.5035     0.0599125     0.0000152     0.0000000     0.0000000     0.0000152     0.0000000     0.0000000     0.0000000     0.0000000     0.0000000 
          88.            0.       19.0000       0.76379        2.9631        3.0267        2.8940        2.8565         0.204       32.5057     0.0599098     0.0000152     0.0000000     0.0000000     0.0000152     0.0000000     0.0000000     0.0000000     0.0000000     0.0000000 
          88.            0.       19.0000       0.76376        2.9632        3.0267        2.8940        2.8565         0.209       32.5080     0.0599071     0.0000152     0.0000000     0.0000000     0.0000152     0.0000000     0.0000000     0.0000000     0.0000000     0.0000000 
          89.            0.       19.0000       0.76373        2.9632        3.0267        2.8940        2.8565         0.214       32.5103     0.0599046     0.0000152     0.0000000     0.0000000     0.0000152     0.0000000     0.0000000     0.0000000     0.0000000     0.0000000 
          90.            0.       19.0000       0.76370        2.9632        3.0267        2.8940        2.8565         0.219       32.5127     0.0599020     0.0000152     0.0000000     0.0000000     0.0000152     0.0000000     0.0000000     0.0000000     0.0000000     0.0000000 
          90.            0.       19.0000       0.76367        2.9632        3.0267        2.8940        2.8565         0.224       32.5152     0.0598995     0.0000152     0.0000000     0.0000000     0.0000152     0.0000000     0.0000000     0.0000000     0.0000000     0.0000000 
          90.            0.       19.0000       0.76364        2.9632        3.0267        2.8940        2.8565         0.229       32.5178     0.0598971     0.0000152     0.0000000     0.0000000     0.0000152     0.0000000     0.0000000     0.0000000     0.0000000     0.0000000 
          91.            0.       19.0000       0.76361        2.9632        3.0267        2.8940        2.8565         0.235       32.5205     0.0598946     0.0000152     0.0000000     0.0000000     0.0000152     0.0000000     0.0000000     0.0000000     0.0000000     0.0000000 
          92.            0.       19.0000       0.76358        2.9632        3.0267        2.8940        2.8566         0.240       32.5232     0.0598922     0.0000152     0.0000000     0.0000000     0.0000152     0.0000000     0.0000000     0.0000000     0.0000000     0.0000000 
          92.            0.       19.0000       0.76356        2.9632        3.0267        2.8940        2.8566         0.246       32.5260     0.0598899     0.0000152     0.0000000     0.0000000     0.0000152     0.0000000     0.0000000     0.0000000     0.0000000     0.0000000 
          92.            0.       19.0000       0.76353        2.9632        3.0267        2.8940        2.8566         0.252       32.5289     0.0598876     0.0000152     0.0000000     0.0000000     0.0000152     0.0000000     0.0000000     0.0000000     0.0000000     0.0000000 
          93.            0.       19.0000       0.76351        2.9632        3.0267        2.8940        2.8566         0.257       32.5319     0.0598852     0.0000152     0.0000000     0.0000000     0.0000152     0.0000000     0.0000000     0.0000000     0.0000000     0.0000000 
          94.            0.       19.0000       0.76348        2.9633        3.0267        2.8941        2.8566         0.263       32.5349     0.0598830     0.0000152     0.0000000     0.0000000     0.0000152     0.0000000     0.0000000     0.0000000     0.0000000     0.0000000 
          94.            0.       19.0000       0.76345        2.9633        3.0267        2.8941        2.8566         0.269       32.5380     0.0598808     0.0000152     0.0000000     0.0000000     0.0000152     0.0000000     0.0000000     0.0000000     0.0000000     0.0000000 
          94.            0.       19.0000       0.76343        2.9633        3.0267        2.8941        2.8566         0.275       32.5411     0.0598786     0.0000152     0.0000000     0.0000000     0.0000152     0.0000000     0.0000000     0.0000000     0.0000000     0.0000000 
          95.            0.       19.0000       0.76341        2.9633        3.0267        2.8941        2.8566         0.281       32.5444     0.0598764     0.0000152     0.0000000     0.0000000     0.0000152     0.0000000     0.0000000     0.0000000     0.0000000     0.0000000 
          96.            0.       19.0000       0.76338        2.9633        3.0267        2.8941        2.8566         0.287       32.5477     0.0598743     0.0000152     0.0000000     0.0000000     0.0000152     0.0000000     0.0000000     0.0000000     0.0000000     0.0000000 
          96.            0.       19.0000       0.76336        2.9633        3.0267        2.8941        2.8566         0.293       32.5510     0.0598722     0.0000152     0.0000000     0.0000000     0.0000152     0.0000000     0.0000000     0.0000000     0.0000000     0.0000000 
          96.            0.       19.0000       0.76334        2.9633        3.0267        2.8941        2.8566         0.299       32.5545     0.0598701     0.0000152     0.0000000     0.0000000     0.0000152     0.0000000     0.0000000     0.0000000     0.0000000     0.0000000 
          97.            0.       19.0000       0.76331        2.9633        3.0267        2.8941        2.8566         0.306       32.5580     0.0598681     0.0000152     0.0000000     0.0000000     0.0000152     0.0000000     0.0000000     0.0000000     0.0000000     0.0000000 
          98.            0.       19.0000       0.76329        2.9633        3.0267        2.8941        2.8566         0.312       32.5615     0.0598661     0.0000152     0.0000000     0.0000000     0.0000152     0.0000000     0.0000000     0.0000000     0.0000000     0.0000000 
          98.            0.       19.0000       0.76327        2.9633        3.0267        2.8941        2.8566         0.319       32.5651     0.0598641     0.0000152     0.0000000     0.0000000     0.0000152     0.0000000     0.0000000     0.0000000     0.0000000     0.0000000 
          98.            0.       19.0000       0.76325        2.9634        3.0267        2.8941        2.8566         0.325       32.5688     0.0598621     0.0000152     0.0000000     0.0000000     0.0000152     0.0000000     0.0000000     0.0000000     0.0000000     0.0000000 
          99.            0.       19.0000       0.76323        2.9634        3.0267        2.8942        2.8566         0.332       32.5726     0.0598602     0.0000152     0.0000000     0.0000000     0.0000152     0.0000000     0.0000000     0.0000000     0.0000000     0.0000000 
         100.            0.       19.0000       0.76321        2.9634        3.0267        2.8942        2.8567         0.338       32.5764     0.0598583     0.0000152     0.0000000     0.0000000     0.0000152     0.0000000     0.0000000     0.0000000     0.0000000     0.0000000 
         100.            0.       19.0000       0.76319        2.9634        3.0267        2.8942        2.8567         0.345       32.5802     0.0598564     0.0000152     0.0000000     0.0000000     0.0000152     0.0000000     0.0000000     0.0000000     0.0000000     0.0000000 
