%
%
% Run:2017  Table:COMPGRID          SWAN version:41.10A
%
%       Xp            Yp            Depth         Hsig          Tm_10         TPsmoo        Tm01          Tm02          Dir           Dspr          Steepn        Dissip        Ssurf         Sfric         Swcap         Redist        Snl3          Snl4          Genera        Swind    
%       [m]           [m]           [m]           [m]           [sec]         [sec]         [sec]         [sec]         [degr]        [degr]        [ ]           [m2/s]        [m2/s]        [m2/s]        [m2/s]        [m2/s]        [m2/s]        [m2/s]        [m2/s]        [m2/s]   
%
           0.            0.       20.0000       1.26602        5.4108        6.0108        4.9385        4.4210         0.078       33.8036     0.0418663     0.0000001     0.0000000     0.0000000     0.0000000     0.0000000     0.0000000     0.0000000     0.0000000     0.0000000 
           0.            0.       20.0000       1.26601        5.4108        6.0108        4.9385        4.4211         0.077       33.8034     0.0418643     0.0000039     0.0000000     0.0000015     0.0000024     0.0000000     0.0000000     0.0000000     0.0000000     0.0000000 
           1.            0.       20.0000       1.26601        5.4109        6.0108        4.9386        4.4212         0.077       33.8031     0.0418624     0.0000039     0.0000000     0.0000015     0.0000024     0.0000000     0.0000000     0.0000000     0.0000000     0.0000000 
           2.            0.       20.0000       1.26600        5.4109        6.0108        4.9386        4.4213         0.076       33.8029     0.0418605     0.0000039     0.0000000     0.0000015     0.0000024     0.0000000     0.0000000     0.0000000     0.0000000     0.0000000 
           2.            0.       20.0000       1.26599        5.4109        6.0108        4.9387        4.4214         0.075       33.8027     0.0418585     0.0000039     0.0000000     0.0000015     0.0000024     0.0000000     0.0000000     0.0000000     0.0000000     0.0000000 
           2.            0.       20.0000       1.26598        5.4109        6.0108        4.9388        4.4215         0.075       33.8025     0.0418566     0.0000039     0.0000000     0.0000015     0.0000024     0.0000000     0.0000000     0.0000000     0.0000000     0.0000000 
           3.            0.       20.0000       1.26598        5.4110        6.0108        4.9388        4.4216         0.074       33.8023     0.0418547     0.0000039     0.0000000     0.0000015     0.0000024     0.0000000     0.0000000     0.0000000     0.0000000     0.0000000 
           4.            0.       20.0000       1.26597        5.4110        6.0108        4.9389        4.4217         0.074       33.8020     0.0418528     0.0000039     0.0000000     0.0000015     0.0000024     0.0000000     0.0000000     0.0000000     0.0000000     0.0000000 
           4.            0.       20.0000       1.26596        5.4110        6.0108        4.9389        4.4218         0.073       33.8018     0.0418508     0.0000039     0.0000000     0.0000015     0.0000024     0.0000000     0.0000000     0.0000000     0.0000000     0.0000000 
           4.            0.       20.0000       1.26595        5.4110        6.0108        4.9390        4.4218         0.073       33.8016     0.0418489     0.0000039     0.0000000     0.0000015     0.0000024     0.0000000     0.0000000     0.0000000     0.0000000     0.0000000 
           5.            0.       20.0000       1.26595        5.4110        6.0108        4.9390        4.4219         0.072       33.8014     0.0418470     0.0000039     0.0000000     0.0000015     0.0000024     0.0000000     0.0000000     0.0000000     0.0000000     0.0000000 
           6.            0.       20.0000       1.26594        5.4111        6.0108        4.9391        4.4220         0.072       33.8012     0.0418451     0.0000039     0.0000000     0.0000015     0.0000024     0.0000000     0.0000000     0.0000000     0.0000000     0.0000000 
           6.            0.       20.0000       1.26593        5.4111        6.0108        4.9391        4.4221         0.071       33.8009     0.0418431     0.0000039     0.0000000     0.0000015     0.0000024     0.0000000     0.0000000     0.0000000     0.0000000     0.0000000 
           6.            0.       20.0000       1.26593        5.4111        6.0108        4.9392        4.4222         0.071       33.8007     0.0418412     0.0000039     0.0000000     0.0000015     0.0000024     0.0000000     0.0000000     0.0000000     0.0000000     0.0000000 
           7.            0.       20.0000       1.26592        5.4111        6.0108        4.9392        4.4223         0.070       33.8005     0.0418393     0.0000039     0.0000000     0.0000015     0.0000024     0.0000000     0.0000000     0.0000000     0.0000000     0.0000000 
           8.            0.       20.0000       1.26591        5.4112        6.0108        4.9393        4.4224         0.070       33.8003     0.0418373     0.0000039     0.0000000     0.0000015     0.0000024     0.0000000     0.0000000     0.0000000     0.0000000     0.0000000 
           8.            0.       20.0000       1.26590        5.4112        6.0108        4.9393        4.4225         0.069       33.8001     0.0418354     0.0000039     0.0000000     0.0000015     0.0000024     0.0000000     0.0000000     0.0000000     0.0000000     0.0000000 
           8.            0.       20.0000       1.26590        5.4112        6.0108        4.9394        4.4226         0.069       33.7999     0.0418335     0.0000039     0.0000000     0.0000015     0.0000024     0.0000000     0.0000000     0.0000000     0.0000000     0.0000000 
           9.            0.       20.0000       1.26589        5.4112        6.0108        4.9394        4.4227         0.068       33.7997     0.0418315     0.0000039     0.0000000     0.0000015     0.0000024     0.0000000     0.0000000     0.0000000     0.0000000     0.0000000 
          10.            0.       20.0000       1.26588        5.4113        6.0108        4.9395        4.4227         0.068       33.7995     0.0418296     0.0000039     0.0000000     0.0000015     0.0000024     0.0000000     0.0000000     0.0000000     0.0000000     0.0000000 
          10.            0.       20.0000       1.26587        5.4113        6.0108        4.9395        4.4228         0.067       33.7993     0.0418276     0.0000039     0.0000000     0.0000015     0.0000024     0.0000000     0.0000000     0.0000000     0.0000000     0.0000000 
          10.            0.       20.0000       1.26587        5.4113        6.0108        4.9396        4.4229         0.067       33.7991     0.0418257     0.0000039     0.0000000     0.0000015     0.0000024     0.0000000     0.0000000     0.0000000     0.0000000     0.0000000 
          11.            0.       20.0000       1.26586        5.4113        6.0108        4.9396        4.4230         0.067       33.7989     0.0418238     0.0000039     0.0000000     0.0000015     0.0000024     0.0000000     0.0000000     0.0000000     0.0000000     0.0000000 
          12.            0.       20.0000       1.26585        5.4113        6.0108        4.9397        4.4231         0.066       33.7987     0.0418218     0.0000039     0.0000000     0.0000015     0.0000024     0.0000000     0.0000000     0.0000000     0.0000000     0.0000000 
          12.            0.       20.0000       1.26584        5.4114        6.0108        4.9398        4.4232         0.066       33.7985     0.0418199     0.0000039     0.0000000     0.0000015     0.0000024     0.0000000     0.0000000     0.0000000     0.0000000     0.0000000 
          12.            0.       20.0000       1.26584        5.4114        6.0108        4.9398        4.4233         0.065       33.7983     0.0418180     0.0000039     0.0000000     0.0000015     0.0000024     0.0000000     0.0000000     0.0000000     0.0000000     0.0000000 
          13.            0.       20.0000       1.26583        5.4114        6.0108        4.9399        4.4234         0.065       33.7981     0.0418160     0.0000039     0.0000000     0.0000015     0.0000024     0.0000000     0.0000000     0.0000000     0.0000000     0.0000000 
          14.            0.       20.0000       1.26582        5.4114        6.0108        4.9399        4.4235         0.064       33.7979     0.0418141     0.0000039     0.0000000     0.0000015     0.0000024     0.0000000     0.0000000     0.0000000     0.0000000     0.0000000 
          14.            0.       20.0000       1.26582        5.4115        6.0108        4.9400        4.4236         0.064       33.7977     0.0418122     0.0000039     0.0000000     0.0000015     0.0000024     0.0000000     0.0000000     0.0000000     0.0000000     0.0000000 
          14.            0.       20.0000       1.26581        5.4115        6.0108        4.9400        4.4237         0.063       33.7975     0.0418102     0.0000039     0.0000000     0.0000015     0.0000024     0.0000000     0.0000000     0.0000000     0.0000000     0.0000000 
          15.            0.       20.0000       1.26580        5.4115        6.0108        4.9401        4.4237         0.063       33.7973     0.0418083     0.0000039     0.0000000     0.0000015     0.0000024     0.0000000     0.0000000     0.0000000     0.0000000     0.0000000 
          16.            0.       20.0000       1.26579        5.4115        6.0108        4.9401        4.4238         0.063       33.7971     0.0418064     0.0000039     0.0000000     0.0000015     0.0000024     0.0000000     0.0000000     0.0000000     0.0000000     0.0000000 
          16.            0.       20.0000       1.26579        5.4116        6.0108        4.9402        4.4239         0.062       33.7970     0.0418044     0.0000039     0.0000000     0.0000015     0.0000024     0.0000000     0.0000000     0.0000000     0.0000000     0.0000000 
          16.            0.       20.0000       1.26578        5.4116        6.0108        4.9402        4.4240         0.062       33.7968     0.0418025     0.0000039     0.0000000     0.0000015     0.0000024     0.0000000     0.0000000     0.0000000     0.0000000     0.0000000 
          17.            0.       20.0000       1.26577        5.4116        6.0108        4.9403        4.4241         0.061       33.7966     0.0418006     0.0000039     0.0000000     0.0000015     0.0000024     0.0000000     0.0000000     0.0000000     0.0000000     0.0000000 
          18.            0.       20.0000       1.26577        5.4116        6.0108        4.9403        4.4242         0.061       33.7964     0.0417986     0.0000039     0.0000000     0.0000015     0.0000024     0.0000000     0.0000000     0.0000000     0.0000000     0.0000000 
          18.            0.       20.0000       1.26576        5.4116        6.0108        4.9404        4.4243         0.061       33.7962     0.0417967     0.0000039     0.0000000     0.0000015     0.0000024     0.0000000     0.0000000     0.0000000     0.0000000     0.0000000 
          18.            0.       20.0000       1.26575        5.4117        6.0108        4.9404        4.4244         0.060       33.7961     0.0417948     0.0000039     0.0000000     0.0000015     0.0000024     0.0000000     0.0000000     0.0000000     0.0000000     0.0000000 
          19.            0.       20.0000       1.26574        5.4117        6.0108        4.9405        4.4245         0.060       33.7959     0.0417928     0.0000039     0.0000000     0.0000015     0.0000024     0.0000000     0.0000000     0.0000000     0.0000000     0.0000000 
          20.            0.       20.0000       1.26574        5.4117        6.0108        4.9405        4.4246         0.059       33.7957     0.0417909     0.0000039     0.0000000     0.0000015     0.0000024     0.0000000     0.0000000     0.0000000     0.0000000     0.0000000 
          20.            0.       20.0000       1.26573        5.4117        6.0108        4.9406        4.4247         0.059       33.7955     0.0417890     0.0000039     0.0000000     0.0000015     0.0000024     0.0000000     0.0000000     0.0000000     0.0000000     0.0000000 
          20.            0.       20.0000       1.26572        5.4118        6.0108        4.9406        4.4247         0.059       33.7954     0.0417871     0.0000039     0.0000000     0.0000015     0.0000024     0.0000000     0.0000000     0.0000000     0.0000000     0.0000000 
          21.            0.       20.0000       1.26572        5.4118        6.0108        4.9407        4.4248         0.058       33.7952     0.0417851     0.0000039     0.0000000     0.0000015     0.0000024     0.0000000     0.0000000     0.0000000     0.0000000     0.0000000 
          22.            0.       20.0000       1.26571        5.4118        6.0108        4.9408        4.4249         0.058       33.7950     0.0417832     0.0000039     0.0000000     0.0000015     0.0000024     0.0000000     0.0000000     0.0000000     0.0000000     0.0000000 
          22.            0.       20.0000       1.26570        5.4118        6.0108        4.9408        4.4250         0.058       33.7949     0.0417813     0.0000039     0.0000000     0.0000015     0.0000024     0.0000000     0.0000000     0.0000000     0.0000000     0.0000000 
          22.            0.       20.0000       1.26569        5.4118        6.0108        4.9409        4.4251         0.057       33.7947     0.0417794     0.0000039     0.0000000     0.0000015     0.0000024     0.0000000     0.0000000     0.0000000     0.0000000     0.0000000 
          23.            0.       20.0000       1.26569        5.4119        6.0108        4.9409        4.4252         0.057       33.7946     0.0417774     0.0000039     0.0000000     0.0000015     0.0000024     0.0000000     0.0000000     0.0000000     0.0000000     0.0000000 
          24.            0.       20.0000       1.26568        5.4119        6.0108        4.9410        4.4253         0.056       33.7944     0.0417755     0.0000039     0.0000000     0.0000015     0.0000024     0.0000000     0.0000000     0.0000000     0.0000000     0.0000000 
          24.            0.       20.0000       1.26567        5.4119        6.0108        4.9410        4.4254         0.056       33.7942     0.0417736     0.0000039     0.0000000     0.0000015     0.0000024     0.0000000     0.0000000     0.0000000     0.0000000     0.0000000 
          24.            0.       20.0000       1.26567        5.4119        6.0108        4.9411        4.4255         0.056       33.7941     0.0417717     0.0000039     0.0000000     0.0000015     0.0000024     0.0000000     0.0000000     0.0000000     0.0000000     0.0000000 
          25.            0.       20.0000       1.26566        5.4120        6.0108        4.9411        4.4256         0.055       33.7939     0.0417698     0.0000039     0.0000000     0.0000015     0.0000024     0.0000000     0.0000000     0.0000000     0.0000000     0.0000000 
          26.            0.       20.0000       1.26565        5.4120        6.0108        4.9412        4.4256         0.055       33.7938     0.0417679     0.0000039     0.0000000     0.0000015     0.0000024     0.0000000     0.0000000     0.0000000     0.0000000     0.0000000 
          26.            0.       20.0000       1.26565        5.4120        6.0108        4.9412        4.4257         0.055       33.7936     0.0417660     0.0000039     0.0000000     0.0000015     0.0000024     0.0000000     0.0000000     0.0000000     0.0000000     0.0000000 
          26.            0.       20.0000       1.26564        5.4120        6.0108        4.9413        4.4258         0.055       33.7935     0.0417641     0.0000039     0.0000000     0.0000015     0.0000024     0.0000000     0.0000000     0.0000000     0.0000000     0.0000000 
          27.            0.       20.0000       1.26563        5.4120        6.0108        4.9413        4.4259         0.054       33.7933     0.0417622     0.0000039     0.0000000     0.0000015     0.0000024     0.0000000     0.0000000     0.0000000     0.0000000     0.0000000 
          28.            0.       20.0000       1.26563        5.4121        6.0108        4.9414        4.4260         0.054       33.7932     0.0417603     0.0000039     0.0000000     0.0000015     0.0000024     0.0000000     0.0000000     0.0000000     0.0000000     0.0000000 
          28.            0.       20.0000       1.26562        5.4121        6.0108        4.9414        4.4261         0.054       33.7931     0.0417584     0.0000039     0.0000000     0.0000015     0.0000024     0.0000000     0.0000000     0.0000000     0.0000000     0.0000000 
          28.            0.       20.0000       1.26561        5.4121        6.0108        4.9415        4.4262         0.053       33.7929     0.0417565     0.0000039     0.0000000     0.0000015     0.0000024     0.0000000     0.0000000     0.0000000     0.0000000     0.0000000 
          29.            0.       20.0000       1.26561        5.4121        6.0108        4.9415        4.4263         0.053       33.7929     0.0417546     0.0000039     0.0000000     0.0000015     0.0000024     0.0000000     0.0000000     0.0000000     0.0000000     0.0000000 
          30.            0.       20.0000       1.26560        5.4122        6.0108        4.9416        4.4264         0.053       33.7929     0.0417528     0.0000039     0.0000000     0.0000015     0.0000024     0.0000000     0.0000000     0.0000000     0.0000000     0.0000000 
          30.            0.       20.0000       1.26559        5.4122        6.0108        4.9416        4.4265         0.052       33.7933     0.0417509     0.0000039     0.0000000     0.0000015     0.0000024     0.0000000     0.0000000     0.0000000     0.0000000     0.0000000 
          30.            0.       20.0000       1.26560        5.4122        6.0108        4.9417        4.4266         0.052       33.7948     0.0417490     0.0000039     0.0000000     0.0000015     0.0000024     0.0000000     0.0000000     0.0000000     0.0000000     0.0000000 
          31.            0.       20.0000       1.26521        5.4116        6.0106        4.9411        4.4260         0.053       33.7454     0.0417467     0.0000039     0.0000000     0.0000015     0.0000024     0.0000000     0.0000000     0.0000000     0.0000000     0.0000000 
          32.            0.       19.0000       1.25998        5.4062        6.0095        4.9339        4.4179         0.055       33.6269     0.0418017     0.0000042     0.0000000     0.0000018     0.0000024     0.0000000     0.0000000     0.0000000     0.0000000     0.0000000 
          32.            0.       18.0000       1.25415        5.4005        6.0086        4.9262        4.4089         0.058       33.4785     0.0418666     0.0000045     0.0000000     0.0000022     0.0000024     0.0000000     0.0000000     0.0000000     0.0000000     0.0000000 
          32.            0.       17.0000       1.24782        5.3949        6.0081        4.9182        4.3994         0.061       33.3061     0.0419444     0.0000050     0.0000000     0.0000026     0.0000023     0.0000000     0.0000000     0.0000000     0.0000000     0.0000000 
          33.            0.       16.0000       1.24105        5.3896        6.0082        4.9100        4.3895         0.064       33.1128     0.0420385     0.0000055     0.0000000     0.0000032     0.0000023     0.0000000     0.0000000     0.0000000     0.0000000     0.0000000 
          34.            0.       15.0000       1.23392        5.3848        6.0088        4.9020        4.3794         0.068       32.8987     0.0421537     0.0000061     0.0000000     0.0000038     0.0000023     0.0000000     0.0000000     0.0000000     0.0000000     0.0000000 
          34.            0.       14.0000       1.22653        5.3809        6.0101        4.8944        4.3694         0.073       32.6630     0.0422948     0.0000069     0.0000000     0.0000046     0.0000023     0.0000000     0.0000000     0.0000000     0.0000000     0.0000000 
          34.            0.       13.0000       1.21901        5.3781        6.0121        4.8877        4.3597         0.078       32.4050     0.0424704     0.0000079     0.0000000     0.0000056     0.0000023     0.0000000     0.0000000     0.0000000     0.0000000     0.0000000 
          35.            0.       12.0000       1.21155        5.3770        6.0146        4.8822        4.3510         0.084       32.1243     0.0426899     0.0000092     0.0000000     0.0000068     0.0000024     0.0000000     0.0000000     0.0000000     0.0000000     0.0000000 
          36.            0.       11.0000       1.20438        5.3782        6.0178        4.8788        4.3437         0.092       31.8207     0.0429678     0.0000107     0.0000000     0.0000083     0.0000024     0.0000000     0.0000000     0.0000000     0.0000000     0.0000000 
          36.            0.       10.0000       1.19783        5.3822        6.0214        4.8781        4.3387         0.101       31.4949     0.0433248     0.0000128     0.0000000     0.0000103     0.0000025     0.0000000     0.0000000     0.0000000     0.0000000     0.0000000 
          36.            0.        9.0000       1.19233        5.3899        6.0254        4.8812        4.3370         0.113       31.1472     0.0437902     0.0000155     0.0000000     0.0000129     0.0000026     0.0000000     0.0000000     0.0000000     0.0000000     0.0000000 
          37.            0.        8.0000       1.18850        5.4023        6.0297        4.8896        4.3401         0.129       30.7761     0.0444106     0.0000191     0.0000000     0.0000164     0.0000027     0.0000000     0.0000000     0.0000000     0.0000000     0.0000000 
          38.            0.        7.0000       1.18719        5.4202        6.0343        4.9047        4.3499         0.148       30.3741     0.0452639     0.0000242     0.0000000     0.0000212     0.0000030     0.0000000     0.0000000     0.0000000     0.0000000     0.0000000 
          38.            0.        6.0000       1.18969        5.4449        6.0390        4.9289        4.3691         0.172       29.9179     0.0464713     0.0000316     0.0000000     0.0000281     0.0000034     0.0000000     0.0000000     0.0000000     0.0000000     0.0000000 
          38.            0.        5.0000       1.19798        5.4774        6.0439        4.9650        4.4020         0.200       29.3475     0.0482562     0.0000430     0.0000000     0.0000388     0.0000042     0.0000000     0.0000000     0.0000000     0.0000000     0.0000000 
          39.            0.        4.0000       1.21538        5.5191        6.0487        5.0176        4.4571         0.228       28.5324     0.0510338     0.0000662     0.0000040     0.0000565     0.0000057     0.0000000     0.0000000     0.0000000     0.0000000     0.0000000 
          40.            0.        3.0000       1.24837        5.5718        6.0536        5.0951        4.5526         0.243       27.2366     0.0557173     0.0005929     0.0004937     0.0000898     0.0000094     0.0000000     0.0000000     0.0000000     0.0000000     0.0000000 
          40.            0.        2.0000       1.31305        5.6351        6.0584        5.2033        4.7097         0.225       25.9535     0.0653512     0.0113068     0.0111164     0.0001678     0.0000226     0.0000000     0.0000000     0.0000000     0.0000000     0.0000000 
          40.            0.        2.0000       1.30134        5.6381        6.0586        5.2088        4.7184         0.196       25.4881     0.0646311     0.0107009     0.0105147     0.0001649     0.0000213     0.0000000     0.0000000     0.0000000     0.0000000     0.0000000 
          41.            0.        2.0000       1.29231        5.6414        6.0588        5.2150        4.7287         0.194       25.5464     0.0640241     0.0102453     0.0100623     0.0001627     0.0000203     0.0000000     0.0000000     0.0000000     0.0000000     0.0000000 
          42.            0.        2.0000       1.28392        5.6444        6.0590        5.2210        4.7387         0.196       25.7032     0.0634554     0.0098329     0.0096527     0.0001607     0.0000195     0.0000000     0.0000000     0.0000000     0.0000000     0.0000000 
          42.            0.        2.0000       1.27593        5.6473        6.0591        5.2268        4.7483         0.199       25.8898     0.0629145     0.0094506     0.0092731     0.0001588     0.0000187     0.0000000     0.0000000     0.0000000     0.0000000     0.0000000 
          42.            0.        2.0000       1.26826        5.6500        6.0593        5.2323        4.7577         0.202       26.0852     0.0623967     0.0090929     0.0089179     0.0001570     0.0000180     0.0000000     0.0000000     0.0000000     0.0000000     0.0000000 
          43.            0.        2.0000       1.26087        5.6527        6.0594        5.2377        4.7667         0.205       26.2829     0.0618999     0.0087567     0.0085842     0.0001552     0.0000173     0.0000000     0.0000000     0.0000000     0.0000000     0.0000000 
          44.            0.        2.0000       1.25373        5.6553        6.0596        5.2428        4.7754         0.209       26.4808     0.0614223     0.0084402     0.0082701     0.0001535     0.0000166     0.0000000     0.0000000     0.0000000     0.0000000     0.0000000 
          44.            0.        2.0000       1.24684        5.6578        6.0597        5.2478        4.7838         0.212       26.6780     0.0609628     0.0081417     0.0079738     0.0001519     0.0000160     0.0000000     0.0000000     0.0000000     0.0000000     0.0000000 
          44.            0.        2.0000       1.24017        5.6602        6.0599        5.2526        4.7920         0.216       26.8744     0.0605204     0.0078599     0.0076941     0.0001503     0.0000155     0.0000000     0.0000000     0.0000000     0.0000000     0.0000000 
          45.            0.        2.0000       1.23372        5.6626        6.0600        5.2573        4.7999         0.219       27.0698     0.0600941     0.0075935     0.0074297     0.0001488     0.0000150     0.0000000     0.0000000     0.0000000     0.0000000     0.0000000 
          46.            0.        2.0000       1.22748        5.6649        6.0601        5.2618        4.8075         0.223       27.2642     0.0596830     0.0073415     0.0071796     0.0001474     0.0000145     0.0000000     0.0000000     0.0000000     0.0000000     0.0000000 
          46.            0.        2.0000       1.22143        5.6671        6.0603        5.2662        4.8149         0.227       27.4576     0.0592863     0.0071027     0.0069427     0.0001460     0.0000140     0.0000000     0.0000000     0.0000000     0.0000000     0.0000000 
          46.            0.        2.0000       1.21556        5.6692        6.0604        5.2704        4.8221         0.231       27.6498     0.0589032     0.0068764     0.0067182     0.0001446     0.0000136     0.0000000     0.0000000     0.0000000     0.0000000     0.0000000 
          47.            0.        2.0000       1.20987        5.6713        6.0605        5.2745        4.8290         0.235       27.8408     0.0585331     0.0066616     0.0065051     0.0001433     0.0000132     0.0000000     0.0000000     0.0000000     0.0000000     0.0000000 
          48.            0.        2.0000       1.20435        5.6733        6.0606        5.2784        4.8358         0.239       28.0307     0.0581751     0.0064576     0.0063027     0.0001421     0.0000128     0.0000000     0.0000000     0.0000000     0.0000000     0.0000000 
          48.            0.        2.0000       1.19900        5.6752        6.0607        5.2823        4.8423         0.243       28.2193     0.0578288     0.0062636     0.0061103     0.0001409     0.0000124     0.0000000     0.0000000     0.0000000     0.0000000     0.0000000 
          48.            0.        2.0000       1.19379        5.6771        6.0609        5.2860        4.8487         0.247       28.4065     0.0574936     0.0060790     0.0059272     0.0001397     0.0000120     0.0000000     0.0000000     0.0000000     0.0000000     0.0000000 
          49.            0.        2.0000       1.18873        5.6790        6.0610        5.2896        4.8548         0.251       28.5926     0.0571688     0.0059032     0.0057529     0.0001385     0.0000117     0.0000000     0.0000000     0.0000000     0.0000000     0.0000000 
          50.            0.        2.0000       1.18381        5.6808        6.0611        5.2931        4.8608         0.255       28.7773     0.0568541     0.0057356     0.0055867     0.0001374     0.0000114     0.0000000     0.0000000     0.0000000     0.0000000     0.0000000 
          50.            0.        2.0000       1.17902        5.6825        6.0612        5.2965        4.8666         0.259       28.9606     0.0565490     0.0055757     0.0054282     0.0001364     0.0000111     0.0000000     0.0000000     0.0000000     0.0000000     0.0000000 
          50.            0.        2.0000       1.17436        5.6842        6.0613        5.2998        4.8723         0.263       29.1426     0.0562530     0.0054230     0.0052769     0.0001353     0.0000108     0.0000000     0.0000000     0.0000000     0.0000000     0.0000000 
          51.            0.        2.0000       1.16983        5.6859        6.0614        5.3031        4.8777         0.266       29.3234     0.0559657     0.0052772     0.0051323     0.0001343     0.0000105     0.0000000     0.0000000     0.0000000     0.0000000     0.0000000 
          52.            0.        2.0000       1.16541        5.6875        6.0615        5.3062        4.8831         0.270       29.5027     0.0556868     0.0051377     0.0049941     0.0001333     0.0000103     0.0000000     0.0000000     0.0000000     0.0000000     0.0000000 
          52.            0.        2.0000       1.16110        5.6891        6.0616        5.3092        4.8883         0.274       29.6807     0.0554159     0.0050043     0.0048619     0.0001324     0.0000100     0.0000000     0.0000000     0.0000000     0.0000000     0.0000000 
          52.            0.        2.0000       1.15690        5.6906        6.0617        5.3122        4.8933         0.278       29.8574     0.0551525     0.0048766     0.0047353     0.0001315     0.0000098     0.0000000     0.0000000     0.0000000     0.0000000     0.0000000 
          53.            0.        2.0000       1.15281        5.6921        6.0618        5.3151        4.8982         0.281       30.0327     0.0548965     0.0047542     0.0046140     0.0001306     0.0000096     0.0000000     0.0000000     0.0000000     0.0000000     0.0000000 
          54.            0.        2.0000       1.14881        5.6935        6.0619        5.3179        4.9030         0.285       30.2068     0.0546475     0.0046368     0.0044978     0.0001297     0.0000094     0.0000000     0.0000000     0.0000000     0.0000000     0.0000000 
          54.            0.        2.0000       1.14491        5.6949        6.0620        5.3206        4.9076         0.288       30.3795     0.0544053     0.0045243     0.0043863     0.0001288     0.0000092     0.0000000     0.0000000     0.0000000     0.0000000     0.0000000 
          54.            0.        2.0000       1.14110        5.6963        6.0621        5.3233        4.9121         0.292       30.5509     0.0541695     0.0044162     0.0042793     0.0001280     0.0000090     0.0000000     0.0000000     0.0000000     0.0000000     0.0000000 
          55.            0.        2.0000       1.13739        5.6977        6.0622        5.3258        4.9165         0.295       30.7210     0.0539401     0.0043125     0.0041765     0.0001272     0.0000088     0.0000000     0.0000000     0.0000000     0.0000000     0.0000000 
          56.            0.        2.0000       1.13375        5.6990        6.0623        5.3284        4.9207         0.298       30.8899     0.0537166     0.0042127     0.0040777     0.0001264     0.0000086     0.0000000     0.0000000     0.0000000     0.0000000     0.0000000 
          56.            0.        2.0000       1.13021        5.7003        6.0624        5.3308        4.9249         0.301       31.0576     0.0534989     0.0041169     0.0039828     0.0001257     0.0000084     0.0000000     0.0000000     0.0000000     0.0000000     0.0000000 
          56.            0.        2.0000       1.12674        5.7015        6.0624        5.3332        4.9289         0.304       31.2241     0.0532868     0.0040246     0.0038915     0.0001249     0.0000082     0.0000000     0.0000000     0.0000000     0.0000000     0.0000000 
          57.            0.        2.0000       1.12335        5.7028        6.0625        5.3355        4.9328         0.307       31.3897     0.0530801     0.0039359     0.0038036     0.0001242     0.0000081     0.0000000     0.0000000     0.0000000     0.0000000     0.0000000 
          58.            0.        2.0000       1.12003        5.7039        6.0626        5.3377        4.9366         0.310       31.5546     0.0528788     0.0038505     0.0037191     0.0001235     0.0000079     0.0000000     0.0000000     0.0000000     0.0000000     0.0000000 
          58.            0.        2.0000       1.11680        5.7051        6.0627        5.3399        4.9403         0.313       31.7201     0.0526828     0.0037686     0.0036380     0.0001228     0.0000078     0.0000000     0.0000000     0.0000000     0.0000000     0.0000000 
          58.            0.        2.0000       1.11367        5.7062        6.0628        5.3421        4.9439         0.316       31.8895     0.0524929     0.0036903     0.0035606     0.0001221     0.0000076     0.0000000     0.0000000     0.0000000     0.0000000     0.0000000 
          59.            0.        2.0000       1.11071        5.7074        6.0629        5.3442        4.9475         0.320       32.0714     0.0523113     0.0036172     0.0034882     0.0001215     0.0000075     0.0000000     0.0000000     0.0000000     0.0000000     0.0000000 
          60.            0.        2.0000       1.10810        5.7085        6.0629        5.3464        4.9513         0.329       32.2917     0.0521450     0.0035534     0.0034251     0.0001209     0.0000074     0.0000000     0.0000000     0.0000000     0.0000000     0.0000000 
          60.            0.        2.0000       1.11080        5.7081        6.0628        5.3471        4.9542         0.363       33.3052     0.0522394     0.0036168     0.0034878     0.0001215     0.0000075     0.0000000     0.0000000     0.0000000     0.0000000     0.0000000 
          60.            0.        3.0000       1.05392        5.6551        6.0577        5.2622        4.8311         0.373       35.2786     0.0435651     0.0001076     0.0000394     0.0000652     0.0000030     0.0000000     0.0000000     0.0000000     0.0000000     0.0000000 
          61.            0.        4.0000       1.02930        5.6122        6.0526        5.2023        4.7568         0.333       36.9069     0.0393687     0.0000433     0.0000000     0.0000415     0.0000018     0.0000000     0.0000000     0.0000000     0.0000000     0.0000000 
          62.            0.        5.0000       1.01756        5.5796        6.0479        5.1620        4.7135         0.288       38.0005     0.0368848     0.0000301     0.0000000     0.0000288     0.0000013     0.0000000     0.0000000     0.0000000     0.0000000     0.0000000 
          62.            0.        6.0000       1.01194        5.5550        6.0437        5.1345        4.6869         0.251       38.6527     0.0352588     0.0000221     0.0000000     0.0000211     0.0000011     0.0000000     0.0000000     0.0000000     0.0000000     0.0000000 
          62.            0.        7.0000       1.00949        5.5364        6.0399        5.1153        4.6699         0.224       38.9711     0.0341268     0.0000168     0.0000000     0.0000159     0.0000009     0.0000000     0.0000000     0.0000000     0.0000000     0.0000000 
          63.            0.        8.0000       1.00880        5.5222        6.0364        5.1018        4.6589         0.205       39.0481     0.0333040     0.0000131     0.0000000     0.0000123     0.0000008     0.0000000     0.0000000     0.0000000     0.0000000     0.0000000 
          64.            0.        9.0000       1.00914        5.5113        6.0331        5.0922        4.6518         0.191       38.9547     0.0326901     0.0000104     0.0000000     0.0000097     0.0000007     0.0000000     0.0000000     0.0000000     0.0000000     0.0000000 
          64.            0.       10.0000       1.01013        5.5030        6.0301        5.0856        4.6475         0.179       38.7427     0.0322222     0.0000084     0.0000000     0.0000077     0.0000007     0.0000000     0.0000000     0.0000000     0.0000000     0.0000000 
          64.            0.       11.0000       1.01151        5.4966        6.0273        5.0811        4.6451         0.169       38.4485     0.0318597     0.0000068     0.0000000     0.0000062     0.0000007     0.0000000     0.0000000     0.0000000     0.0000000     0.0000000 
          65.            0.       12.0000       1.01311        5.4919        6.0247        5.0783        4.6441         0.161       38.0968     0.0315763     0.0000056     0.0000000     0.0000050     0.0000006     0.0000000     0.0000000     0.0000000     0.0000000     0.0000000 
          66.            0.       13.0000       1.01480        5.4883        6.0224        5.0766        4.6441         0.153       37.7046     0.0313527     0.0000047     0.0000000     0.0000041     0.0000006     0.0000000     0.0000000     0.0000000     0.0000000     0.0000000 
          66.            0.       14.0000       1.01647        5.4856        6.0203        5.0756        4.6446         0.147       37.2836     0.0311749     0.0000039     0.0000000     0.0000033     0.0000006     0.0000000     0.0000000     0.0000000     0.0000000     0.0000000 
          66.            0.       15.0000       1.01804        5.4835        6.0185        5.0751        4.6453         0.141       36.8428     0.0310333     0.0000033     0.0000000     0.0000027     0.0000006     0.0000000     0.0000000     0.0000000     0.0000000     0.0000000 
          67.            0.       16.0000       1.01944        5.4818        6.0168        5.0749        4.6461         0.135       36.3891     0.0309196     0.0000028     0.0000000     0.0000022     0.0000006     0.0000000     0.0000000     0.0000000     0.0000000     0.0000000 
          68.            0.       17.0000       1.02065        5.4803        6.0153        5.0747        4.6468         0.131       35.9297     0.0308287     0.0000024     0.0000000     0.0000018     0.0000006     0.0000000     0.0000000     0.0000000     0.0000000     0.0000000 
          68.            0.       18.0000       1.02169        5.4788        6.0140        5.0744        4.6474         0.127       35.4752     0.0307559     0.0000021     0.0000000     0.0000015     0.0000006     0.0000000     0.0000000     0.0000000     0.0000000     0.0000000 
          68.            0.       19.0000       1.02266        5.4775        6.0129        5.0743        4.6480         0.123       35.0477     0.0306982     0.0000018     0.0000000     0.0000012     0.0000006     0.0000000     0.0000000     0.0000000     0.0000000     0.0000000 
          69.            0.       20.0000       1.02373        5.4767        6.0121        5.0746        4.6490         0.120       34.6654     0.0306524     0.0000016     0.0000000     0.0000010     0.0000006     0.0000000     0.0000000     0.0000000     0.0000000     0.0000000 
          70.            0.       20.0000       1.02258        5.4745        6.0114        5.0722        4.6465         0.120       34.4854     0.0306504     0.0000016     0.0000000     0.0000010     0.0000006     0.0000000     0.0000000     0.0000000     0.0000000     0.0000000 
          70.            0.       20.0000       1.02262        5.4745        6.0115        5.0722        4.6464         0.121       34.4978     0.0306526     0.0000016     0.0000000     0.0000010     0.0000006     0.0000000     0.0000000     0.0000000     0.0000000     0.0000000 
          70.            0.       20.0000       1.02264        5.4745        6.0115        5.0722        4.6463         0.122       34.5022     0.0306548     0.0000016     0.0000000     0.0000010     0.0000006     0.0000000     0.0000000     0.0000000     0.0000000     0.0000000 
          71.            0.       20.0000       1.02265        5.4745        6.0115        5.0721        4.6461         0.122       34.5040     0.0306569     0.0000016     0.0000000     0.0000010     0.0000006     0.0000000     0.0000000     0.0000000     0.0000000     0.0000000 
          72.            0.       20.0000       1.02266        5.4744        6.0115        5.0720        4.6460         0.123       34.5049     0.0306590     0.0000016     0.0000000     0.0000010     0.0000006     0.0000000     0.0000000     0.0000000     0.0000000     0.0000000 
          72.            0.       20.0000       1.02266        5.4744        6.0115        5.0719        4.6458         0.124       34.5055     0.0306612     0.0000016     0.0000000     0.0000010     0.0000006     0.0000000     0.0000000     0.0000000     0.0000000     0.0000000 
          72.            0.       20.0000       1.02266        5.4744        6.0115        5.0718        4.6457         0.125       34.5061     0.0306634     0.0000016     0.0000000     0.0000010     0.0000006     0.0000000     0.0000000     0.0000000     0.0000000     0.0000000 
          73.            0.       20.0000       1.02267        5.4743        6.0115        5.0718        4.6455         0.126       34.5066     0.0306656     0.0000016     0.0000000     0.0000010     0.0000006     0.0000000     0.0000000     0.0000000     0.0000000     0.0000000 
          74.            0.       20.0000       1.02267        5.4743        6.0115        5.0717        4.6454         0.127       34.5071     0.0306678     0.0000016     0.0000000     0.0000010     0.0000006     0.0000000     0.0000000     0.0000000     0.0000000     0.0000000 
          74.            0.       20.0000       1.02267        5.4743        6.0115        5.0716        4.6452         0.128       34.5076     0.0306701     0.0000016     0.0000000     0.0000010     0.0000006     0.0000000     0.0000000     0.0000000     0.0000000     0.0000000 
          74.            0.       20.0000       1.02268        5.4742        6.0115        5.0715        4.6450         0.129       34.5081     0.0306724     0.0000016     0.0000000     0.0000010     0.0000006     0.0000000     0.0000000     0.0000000     0.0000000     0.0000000 
          75.            0.       20.0000       1.02268        5.4742        6.0115        5.0714        4.6449         0.130       34.5086     0.0306747     0.0000016     0.0000000     0.0000010     0.0000006     0.0000000     0.0000000     0.0000000     0.0000000     0.0000000 
          76.            0.       20.0000       1.02269        5.4742        6.0115        5.0713        4.6447         0.131       34.5092     0.0306771     0.0000016     0.0000000     0.0000010     0.0000006     0.0000000     0.0000000     0.0000000     0.0000000     0.0000000 
          76.            0.       20.0000       1.02269        5.4741        6.0115        5.0712        4.6445         0.132       34.5097     0.0306795     0.0000016     0.0000000     0.0000010     0.0000006     0.0000000     0.0000000     0.0000000     0.0000000     0.0000000 
          76.            0.       20.0000       1.02270        5.4741        6.0115        5.0711        4.6443         0.133       34.5103     0.0306819     0.0000016     0.0000000     0.0000010     0.0000006     0.0000000     0.0000000     0.0000000     0.0000000     0.0000000 
          77.            0.       20.0000       1.02270        5.4741        6.0114        5.0710        4.6442         0.134       34.5108     0.0306844     0.0000016     0.0000000     0.0000010     0.0000006     0.0000000     0.0000000     0.0000000     0.0000000     0.0000000 
          78.            0.       20.0000       1.02271        5.4740        6.0114        5.0710        4.6440         0.135       34.5114     0.0306868     0.0000016     0.0000000     0.0000010     0.0000006     0.0000000     0.0000000     0.0000000     0.0000000     0.0000000 
          78.            0.       20.0000       1.02271        5.4740        6.0114        5.0709        4.6438         0.136       34.5120     0.0306893     0.0000016     0.0000000     0.0000010     0.0000006     0.0000000     0.0000000     0.0000000     0.0000000     0.0000000 
          78.            0.       20.0000       1.02272        5.4739        6.0114        5.0708        4.6436         0.137       34.5126     0.0306918     0.0000016     0.0000000     0.0000010     0.0000006     0.0000000     0.0000000     0.0000000     0.0000000     0.0000000 
          79.            0.       20.0000       1.02272        5.4739        6.0114        5.0707        4.6434         0.138       34.5132     0.0306943     0.0000016     0.0000000     0.0000010     0.0000006     0.0000000     0.0000000     0.0000000     0.0000000     0.0000000 
          80.            0.       20.0000       1.02273        5.4739        6.0114        5.0706        4.6433         0.139       34.5138     0.0306969     0.0000016     0.0000000     0.0000010     0.0000006     0.0000000     0.0000000     0.0000000     0.0000000     0.0000000 
          80.            0.       20.0000       1.02273        5.4738        6.0114        5.0705        4.6431         0.140       34.5145     0.0306994     0.0000016     0.0000000     0.0000010     0.0000006     0.0000000     0.0000000     0.0000000     0.0000000     0.0000000 
          80.            0.       20.0000       1.02274        5.4738        6.0114        5.0704        4.6429         0.141       34.5151     0.0307020     0.0000016     0.0000000     0.0000010     0.0000006     0.0000000     0.0000000     0.0000000     0.0000000     0.0000000 
          81.            0.       20.0000       1.02274        5.4737        6.0114        5.0703        4.6427         0.143       34.5158     0.0307046     0.0000016     0.0000000     0.0000010     0.0000006     0.0000000     0.0000000     0.0000000     0.0000000     0.0000000 
          82.            0.       20.0000       1.02275        5.4737        6.0114        5.0702        4.6425         0.144       34.5164     0.0307072     0.0000016     0.0000000     0.0000010     0.0000006     0.0000000     0.0000000     0.0000000     0.0000000     0.0000000 
          82.            0.       20.0000       1.02275        5.4736        6.0114        5.0701        4.6423         0.145       34.5171     0.0307099     0.0000016     0.0000000     0.0000010     0.0000006     0.0000000     0.0000000     0.0000000     0.0000000     0.0000000 
          82.            0.       20.0000       1.02276        5.4736        6.0114        5.0700        4.6421         0.146       34.5178     0.0307125     0.0000016     0.0000000     0.0000010     0.0000006     0.0000000     0.0000000     0.0000000     0.0000000     0.0000000 
          83.            0.       20.0000       1.02276        5.4736        6.0114        5.0699        4.6419         0.147       34.5185     0.0307152     0.0000016     0.0000000     0.0000010     0.0000006     0.0000000     0.0000000     0.0000000     0.0000000     0.0000000 
          84.            0.       20.0000       1.02277        5.4735        6.0114        5.0698        4.6418         0.148       34.5192     0.0307179     0.0000016     0.0000000     0.0000010     0.0000006     0.0000000     0.0000000     0.0000000     0.0000000     0.0000000 
          84.            0.       20.0000       1.02278        5.4735        6.0114        5.0697        4.6416         0.150       34.5199     0.0307206     0.0000016     0.0000000     0.0000010     0.0000006     0.0000000     0.0000000     0.0000000     0.0000000     0.0000000 
          84.            0.       20.0000       1.02278        5.4734        6.0114        5.0696        4.6414         0.151       34.5207     0.0307233     0.0000016     0.0000000     0.0000010     0.0000006     0.0000000     0.0000000     0.0000000     0.0000000     0.0000000 
          85.            0.       20.0000       1.02279        5.4734        6.0114        5.0695        4.6412         0.152       34.5214     0.0307260     0.0000016     0.0000000     0.0000010     0.0000006     0.0000000     0.0000000     0.0000000     0.0000000     0.0000000 
          86.            0.       20.0000       1.02280        5.4733        6.0114        5.0693        4.6410         0.153       34.5221     0.0307287     0.0000016     0.0000000     0.0000010     0.0000006     0.0000000     0.0000000     0.0000000     0.0000000     0.0000000 
          86.            0.       20.0000       1.02280        5.4733        6.0114        5.0692        4.6408         0.155       34.5229     0.0307315     0.0000016     0.0000000     0.0000010     0.0000006     0.0000000     0.0000000     0.0000000     0.0000000     0.0000000 
          86.            0.       20.0000       1.02281        5.4732        6.0114        5.0691        4.6406         0.156       34.5236     0.0307342     0.0000016     0.0000000     0.0000010     0.0000006     0.0000000     0.0000000     0.0000000     0.0000000     0.0000000 
          87.            0.       20.0000       1.02282        5.4732        6.0114        5.0690        4.6404         0.157       34.5244     0.0307370     0.0000016     0.0000000     0.0000010     0.0000006     0.0000000     0.0000000     0.0000000     0.0000000     0.0000000 
          88.            0.       20.0000       1.02282        5.4731        6.0114        5.0689        4.6402         0.158       34.5252     0.0307397     0.0000016     0.0000000     0.0000010     0.0000006     0.0000000     0.0000000     0.0000000     0.0000000     0.0000000 
          88.            0.       20.0000       1.02283        5.4731        6.0114        5.0688        4.6400         0.160       34.5259     0.0307425     0.0000016     0.0000000     0.0000010     0.0000006     0.0000000     0.0000000     0.0000000     0.0000000     0.0000000 
          88.            0.       20.0000       1.02284        5.4730        6.0114        5.0687        4.6398         0.161       34.5267     0.0307453     0.0000016     0.0000000     0.0000010     0.0000006     0.0000000     0.0000000     0.0000000     0.0000000     0.0000000 
          89.            0.       20.0000       1.02284        5.4730        6.0114        5.0686        4.6396         0.162       34.5275     0.0307481     0.0000016     0.0000000     0.0000010     0.0000006     0.0000000     0.0000000     0.0000000     0.0000000     0.0000000 
          90.            0.       20.0000       1.02285        5.4729        6.0114        5.0685        4.6394         0.164       34.5283     0.0307509     0.0000016     0.0000000     0.0000010     0.0000006     0.0000000     0.0000000     0.0000000     0.0000000     0.0000000 
          90.            0.       20.0000       1.02286        5.4729        6.0114        5.0684        4.6392         0.165       34.5292     0.0307537     0.0000016     0.0000000     0.0000010     0.0000006     0.0000000     0.0000000     0.0000000     0.0000000     0.0000000 
          90.            0.       20.0000       1.02287        5.4728        6.0114        5.0683        4.6390         0.166       34.5300     0.0307565     0.0000016     0.0000000     0.0000010     0.0000006     0.0000000     0.0000000     0.0000000     0.0000000     0.0000000 
          91.            0.       20.0000       1.02287        5.4728        6.0114        5.0682        4.6388         0.168       34.5308     0.0307593     0.0000016     0.0000000     0.0000010     0.0000006     0.0000000     0.0000000     0.0000000     0.0000000     0.0000000 
          92.            0.       20.0000       1.02288        5.4727        6.0114        5.0680        4.6386         0.169       34.5317     0.0307621     0.0000016     0.0000000     0.0000010     0.0000006     0.0000000     0.0000000     0.0000000     0.0000000     0.0000000 
          92.            0.       20.0000       1.02289        5.4727        6.0114        5.0679        4.6384         0.171       34.5325     0.0307650     0.0000016     0.0000000     0.0000010     0.0000006     0.0000000     0.0000000     0.0000000     0.0000000     0.0000000 
          92.            0.       20.0000       1.02290        5.4726        6.0114        5.0678        4.6382         0.172       34.5334     0.0307678     0.0000016     0.0000000     0.0000010     0.0000006     0.0000000     0.0000000     0.0000000     0.0000000     0.0000000 
          93.            0.       20.0000       1.02290        5.4726        6.0114        5.0677        4.6380         0.173       34.5343     0.0307706     0.0000016     0.0000000     0.0000010     0.0000006     0.0000000     0.0000000     0.0000000     0.0000000     0.0000000 
          94.            0.       20.0000       1.02291        5.4725        6.0114        5.0676        4.6378         0.175       34.5351     0.0307735     0.0000016     0.0000000     0.0000010     0.0000006     0.0000000     0.0000000     0.0000000     0.0000000     0.0000000 
          94.            0.       20.0000       1.02292        5.4725        6.0114        5.0675        4.6376         0.176       34.5360     0.0307764     0.0000016     0.0000000     0.0000010     0.0000006     0.0000000     0.0000000     0.0000000     0.0000000     0.0000000 
          94.            0.       20.0000       1.02293        5.4724        6.0114        5.0674        4.6374         0.178       34.5369     0.0307792     0.0000016     0.0000000     0.0000010     0.0000006     0.0000000     0.0000000     0.0000000     0.0000000     0.0000000 
          95.            0.       20.0000       1.02294        5.4724        6.0114        5.0673        4.6372         0.179       34.5378     0.0307821     0.0000016     0.0000000     0.0000010     0.0000006     0.0000000     0.0000000     0.0000000     0.0000000     0.0000000 
          96.            0.       20.0000       1.02294        5.4723        6.0114        5.0671        4.6370         0.180       34.5388     0.0307849     0.0000016     0.0000000     0.0000010     0.0000006     0.0000000     0.0000000     0.0000000     0.0000000     0.0000000 
          96.            0.       20.0000       1.02295        5.4723        6.0114        5.0670        4.6368         0.182       34.5396     0.0307878     0.0000016     0.0000000     0.0000010     0.0000006     0.0000000     0.0000000     0.0000000     0.0000000     0.0000000 
          96.            0.       20.0000       1.02296        5.4722        6.0114        5.0669        4.6366         0.183       34.5406     0.0307907     0.0000016     0.0000000     0.0000010     0.0000006     0.0000000     0.0000000     0.0000000     0.0000000     0.0000000 
          97.            0.       20.0000       1.02297        5.4722        6.0114        5.0668        4.6364         0.185       34.5415     0.0307936     0.0000016     0.0000000     0.0000010     0.0000006     0.0000000     0.0000000     0.0000000     0.0000000     0.0000000 
          98.            0.       20.0000       1.02298        5.4721        6.0114        5.0667        4.6362         0.186       34.5425     0.0307965     0.0000016     0.0000000     0.0000010     0.0000006     0.0000000     0.0000000     0.0000000     0.0000000     0.0000000 
          98.            0.       20.0000       1.02299        5.4721        6.0114        5.0666        4.6360         0.188       34.5434     0.0307994     0.0000016     0.0000000     0.0000010     0.0000006     0.0000000     0.0000000     0.0000000     0.0000000     0.0000000 
          98.            0.       20.0000       1.02299        5.4720        6.0114        5.0665        4.6358         0.189       34.5444     0.0308023     0.0000016     0.0000000     0.0000010     0.0000006     0.0000000     0.0000000     0.0000000     0.0000000     0.0000000 
          99.            0.       20.0000       1.02300        5.4720        6.0114        5.0663        4.6356         0.191       34.5453     0.0308053     0.0000016     0.0000000     0.0000010     0.0000006     0.0000000     0.0000000     0.0000000     0.0000000     0.0000000 
         100.            0.       20.0000       1.02301        5.4719        6.0114        5.0662        4.6354         0.192       34.5463     0.0308082     0.0000016     0.0000000     0.0000010     0.0000006     0.0000000     0.0000000     0.0000000     0.0000000     0.0000000 
         100.            0.       20.0000       1.02302        5.4718        6.0114        5.0661        4.6352         0.194       34.5473     0.0308111     0.0000016     0.0000000     0.0000010     0.0000006     0.0000000     0.0000000     0.0000000     0.0000000     0.0000000 
