%
%
% Run:2017  Table:COMPGRID          SWAN version:41.10A
%
%       Xp            Yp            Depth         Hsig          Tm_10         TPsmoo        Tm01          Tm02          Dir           Dspr          Steepn        Dissip        Ssurf         Sfric         Swcap         Redist        Snl3          Snl4          Genera        Swind    
%       [m]           [m]           [m]           [m]           [sec]         [sec]         [sec]         [sec]         [degr]        [degr]        [ ]           [m2/s]        [m2/s]        [m2/s]        [m2/s]        [m2/s]        [m2/s]        [m2/s]        [m2/s]        [m2/s]   
%
           0.            0.       19.0000       2.00749        1.8011        2.0033        1.6425        1.4690         0.001       31.5083     0.5954865     0.0000017     0.0000000     0.0000000     0.0000017     0.0000000     0.0000000     0.0000000     0.0000000     0.0000000 
           0.            0.       19.0000       1.73201        1.9268        2.0119        1.8600        1.8109         0.001       30.5503     0.3380269     0.1152202     0.0000000     0.0000000     0.1152202     0.0000000     0.0000000     0.0000000     0.0000000     0.0000000 
           1.            0.       19.0000       1.58234        1.9845        2.0183        1.9423        1.9201         0.001       29.9304     0.2746899     0.0429737     0.0000000     0.0000000     0.0429737     0.0000000     0.0000000     0.0000000     0.0000000     0.0000000 
           2.            0.       19.0000       1.49613        2.0109        2.0229        1.9745        1.9560         0.002       29.5567     0.2502725     0.0261162     0.0000000     0.0000000     0.0261162     0.0000000     0.0000000     0.0000000     0.0000000     0.0000000 
           2.            0.       19.0000       1.43873        2.0263        2.0263        1.9922        1.9753         0.002       29.3054     0.2360017     0.0189587     0.0000000     0.0000000     0.0189587     0.0000000     0.0000000     0.0000000     0.0000000     0.0000000 
           2.            0.       19.0000       1.39616        2.0369        2.0290        2.0042        1.9880         0.002       29.1233     0.2260840     0.0149610     0.0000000     0.0000000     0.0149610     0.0000000     0.0000000     0.0000000     0.0000000     0.0000000 
           3.            0.       19.0000       1.36235        2.0448        2.0312        2.0129        1.9973         0.002       28.9784     0.2185764     0.0123990     0.0000000     0.0000000     0.0123990     0.0000000     0.0000000     0.0000000     0.0000000     0.0000000 
           4.            0.       19.0000       1.33415        2.0512        2.0330        2.0198        2.0045         0.002       28.8572     0.2125128     0.0105938     0.0000000     0.0000000     0.0105938     0.0000000     0.0000000     0.0000000     0.0000000     0.0000000 
           4.            0.       19.0000       1.30983        2.0566        2.0347        2.0255        2.0104         0.003       28.7523     0.2074030     0.0092408     0.0000000     0.0000000     0.0092408     0.0000000     0.0000000     0.0000000     0.0000000     0.0000000 
           4.            0.       19.0000       1.28837        2.0613        2.0362        2.0305        2.0156         0.003       28.6597     0.2029616     0.0081809     0.0000000     0.0000000     0.0081809     0.0000000     0.0000000     0.0000000     0.0000000     0.0000000 
           5.            0.       19.0000       1.26913        2.0656        2.0375        2.0350        2.0202         0.003       28.5769     0.1990219     0.0073253     0.0000000     0.0000000     0.0073253     0.0000000     0.0000000     0.0000000     0.0000000     0.0000000 
           6.            0.       19.0000       1.25168        2.0694        2.0387        2.0390        2.0244         0.003       28.5019     0.1954827     0.0066200     0.0000000     0.0000000     0.0066200     0.0000000     0.0000000     0.0000000     0.0000000     0.0000000 
           6.            0.       19.0000       1.23573        2.0729        2.0399        2.0427        2.0281         0.003       28.4334     0.1922721     0.0060288     0.0000000     0.0000000     0.0060288     0.0000000     0.0000000     0.0000000     0.0000000     0.0000000 
           6.            0.       19.0000       1.22105        2.0762        2.0409        2.0461        2.0316         0.003       28.3702     0.1893363     0.0055265     0.0000000     0.0000000     0.0055265     0.0000000     0.0000000     0.0000000     0.0000000     0.0000000 
           7.            0.       19.0000       1.20745        2.0792        2.0419        2.0492        2.0348         0.004       28.3117     0.1866341     0.0050949     0.0000000     0.0000000     0.0050949     0.0000000     0.0000000     0.0000000     0.0000000     0.0000000 
           8.            0.       19.0000       1.19478        2.0820        2.0428        2.0521        2.0378         0.004       28.2572     0.1841330     0.0047202     0.0000000     0.0000000     0.0047202     0.0000000     0.0000000     0.0000000     0.0000000     0.0000000 
           8.            0.       19.0000       1.18294        2.0847        2.0437        2.0549        2.0407         0.004       28.2063     0.1818066     0.0043921     0.0000000     0.0000000     0.0043921     0.0000000     0.0000000     0.0000000     0.0000000     0.0000000 
           8.            0.       19.0000       1.17183        2.0872        2.0445        2.0575        2.0433         0.004       28.1584     0.1796337     0.0041027     0.0000000     0.0000000     0.0041027     0.0000000     0.0000000     0.0000000     0.0000000     0.0000000 
           9.            0.       19.0000       1.16136        2.0895        2.0453        2.0599        2.0458         0.004       28.1134     0.1775964     0.0038457     0.0000000     0.0000000     0.0038457     0.0000000     0.0000000     0.0000000     0.0000000     0.0000000 
          10.            0.       19.0000       1.15147        2.0918        2.0461        2.0622        2.0481         0.004       28.0708     0.1756797     0.0036161     0.0000000     0.0000000     0.0036161     0.0000000     0.0000000     0.0000000     0.0000000     0.0000000 
          10.            0.       19.0000       1.14210        2.0939        2.0468        2.0644        2.0504         0.005       28.0305     0.1738712     0.0034098     0.0000000     0.0000000     0.0034098     0.0000000     0.0000000     0.0000000     0.0000000     0.0000000 
          10.            0.       19.0000       1.13320        2.0959        2.0475        2.0665        2.0525         0.005       27.9922     0.1721601     0.0032236     0.0000000     0.0000000     0.0032236     0.0000000     0.0000000     0.0000000     0.0000000     0.0000000 
          11.            0.       19.0000       1.12474        2.0978        2.0481        2.0685        2.0545         0.005       27.9557     0.1705370     0.0030547     0.0000000     0.0000000     0.0030547     0.0000000     0.0000000     0.0000000     0.0000000     0.0000000 
          12.            0.       19.0000       1.11666        2.0997        2.0487        2.0704        2.0564         0.005       27.9210     0.1689940     0.0029009     0.0000000     0.0000000     0.0029009     0.0000000     0.0000000     0.0000000     0.0000000     0.0000000 
          12.            0.       19.0000       1.10894        2.1015        2.0493        2.0722        2.0583         0.005       27.8878     0.1675241     0.0027603     0.0000000     0.0000000     0.0027603     0.0000000     0.0000000     0.0000000     0.0000000     0.0000000 
          12.            0.       19.0000       1.10155        2.1032        2.0499        2.0739        2.0601         0.006       27.8560     0.1661211     0.0026314     0.0000000     0.0000000     0.0026314     0.0000000     0.0000000     0.0000000     0.0000000     0.0000000 
          13.            0.       19.0000       1.09447        2.1048        2.0505        2.0756        2.0618         0.006       27.8256     0.1647796     0.0025128     0.0000000     0.0000000     0.0025128     0.0000000     0.0000000     0.0000000     0.0000000     0.0000000 
          14.            0.       19.0000       1.08767        2.1064        2.0510        2.0772        2.0634         0.006       27.7964     0.1634949     0.0024034     0.0000000     0.0000000     0.0024034     0.0000000     0.0000000     0.0000000     0.0000000     0.0000000 
          14.            0.       19.0000       1.08113        2.1080        2.0515        2.0788        2.0650         0.006       27.7683     0.1622627     0.0023021     0.0000000     0.0000000     0.0023021     0.0000000     0.0000000     0.0000000     0.0000000     0.0000000 
          14.            0.       19.0000       1.07483        2.1094        2.0521        2.0803        2.0665         0.006       27.7412     0.1610791     0.0022081     0.0000000     0.0000000     0.0022081     0.0000000     0.0000000     0.0000000     0.0000000     0.0000000 
          15.            0.       19.0000       1.06876        2.1109        2.0525        2.0818        2.0680         0.006       27.7152     0.1599408     0.0021207     0.0000000     0.0000000     0.0021207     0.0000000     0.0000000     0.0000000     0.0000000     0.0000000 
          16.            0.       19.0000       1.06290        2.1123        2.0530        2.0832        2.0694         0.007       27.6901     0.1588447     0.0020393     0.0000000     0.0000000     0.0020393     0.0000000     0.0000000     0.0000000     0.0000000     0.0000000 
          16.            0.       19.0000       1.05724        2.1136        2.0535        2.0845        2.0708         0.007       27.6659     0.1577878     0.0019632     0.0000000     0.0000000     0.0019632     0.0000000     0.0000000     0.0000000     0.0000000     0.0000000 
          16.            0.       19.0000       1.05176        2.1149        2.0539        2.0859        2.0722         0.007       27.6424     0.1567679     0.0018920     0.0000000     0.0000000     0.0018920     0.0000000     0.0000000     0.0000000     0.0000000     0.0000000 
          17.            0.       19.0000       1.04646        2.1162        2.0544        2.0872        2.0735         0.007       27.6198     0.1557825     0.0018252     0.0000000     0.0000000     0.0018252     0.0000000     0.0000000     0.0000000     0.0000000     0.0000000 
          18.            0.       19.0000       1.04133        2.1174        2.0548        2.0884        2.0747         0.007       27.5979     0.1548296     0.0017625     0.0000000     0.0000000     0.0017625     0.0000000     0.0000000     0.0000000     0.0000000     0.0000000 
          18.            0.       19.0000       1.03635        2.1186        2.0552        2.0896        2.0759         0.008       27.5766     0.1539072     0.0017035     0.0000000     0.0000000     0.0017035     0.0000000     0.0000000     0.0000000     0.0000000     0.0000000 
          18.            0.       19.0000       1.03151        2.1198        2.0556        2.0908        2.0771         0.008       27.5561     0.1530137     0.0016478     0.0000000     0.0000000     0.0016478     0.0000000     0.0000000     0.0000000     0.0000000     0.0000000 
          19.            0.       19.0000       1.02682        2.1209        2.0560        2.0919        2.0783         0.008       27.5361     0.1521473     0.0015953     0.0000000     0.0000000     0.0015953     0.0000000     0.0000000     0.0000000     0.0000000     0.0000000 
          20.            0.       19.0000       1.02226        2.1220        2.0564        2.0931        2.0794         0.008       27.5167     0.1513067     0.0015457     0.0000000     0.0000000     0.0015457     0.0000000     0.0000000     0.0000000     0.0000000     0.0000000 
          20.            0.       19.0000       1.01782        2.1231        2.0568        2.0942        2.0805         0.008       27.4978     0.1504904     0.0014988     0.0000000     0.0000000     0.0014988     0.0000000     0.0000000     0.0000000     0.0000000     0.0000000 
          20.            0.       19.0000       1.01350        2.1242        2.0572        2.0952        2.0816         0.009       27.4795     0.1496973     0.0014543     0.0000000     0.0000000     0.0014543     0.0000000     0.0000000     0.0000000     0.0000000     0.0000000 
          21.            0.       19.0000       1.00930        2.1252        2.0575        2.0963        2.0827         0.009       27.4618     0.1489260     0.0014120     0.0000000     0.0000000     0.0014120     0.0000000     0.0000000     0.0000000     0.0000000     0.0000000 
          22.            0.       18.0000       1.00520        2.1262        2.0579        2.0973        2.0837         0.009       27.4444     0.1481756     0.0013719     0.0000000     0.0000000     0.0013719     0.0000000     0.0000000     0.0000000     0.0000000     0.0000000 
          22.            0.       17.0000       1.00121        2.1272        2.0582        2.0983        2.0847         0.009       27.4276     0.1474450     0.0013337     0.0000000     0.0000000     0.0013337     0.0000000     0.0000000     0.0000000     0.0000000     0.0000000 
          22.            0.       16.0000       0.99731        2.1282        2.0586        2.0993        2.0857         0.009       27.4112     0.1467333     0.0012974     0.0000000     0.0000000     0.0012974     0.0000000     0.0000000     0.0000000     0.0000000     0.0000000 
          23.            0.       15.0000       0.99351        2.1291        2.0589        2.1002        2.0866         0.010       27.3951     0.1460396     0.0012628     0.0000000     0.0000000     0.0012628     0.0000000     0.0000000     0.0000000     0.0000000     0.0000000 
          24.            0.       14.0000       0.98980        2.1301        2.0592        2.1011        2.0876         0.010       27.3794     0.1453633     0.0012298     0.0000000     0.0000000     0.0012298     0.0000000     0.0000000     0.0000000     0.0000000     0.0000000 
          24.            0.       13.0000       0.98617        2.1310        2.0596        2.1021        2.0885         0.010       27.3641     0.1447033     0.0011982     0.0000000     0.0000000     0.0011982     0.0000000     0.0000000     0.0000000     0.0000000     0.0000000 
          24.            0.       12.0000       0.98262        2.1319        2.0599        2.1029        2.0894         0.010       27.3489     0.1440590     0.0011681     0.0000000     0.0000000     0.0011681     0.0000000     0.0000000     0.0000000     0.0000000     0.0000000 
          25.            0.       11.0000       0.97915        2.1327        2.0602        2.1038        2.0902         0.011       27.3338     0.1434309     0.0011393     0.0000000     0.0000000     0.0011393     0.0000000     0.0000000     0.0000000     0.0000000     0.0000000 
          26.            0.       10.0000       0.97574        2.1336        2.0605        2.1047        2.0911         0.011       27.3181     0.1428167     0.0011117     0.0000000     0.0000000     0.0011117     0.0000000     0.0000000     0.0000000     0.0000000     0.0000000 
          26.            0.        9.0000       0.97239        2.1344        2.0608        2.1055        2.0919         0.011       27.3015     0.1422196     0.0010854     0.0000000     0.0000000     0.0010854     0.0000000     0.0000000     0.0000000     0.0000000     0.0000000 
          26.            0.        8.0000       0.96904        2.1351        2.0611        2.1062        2.0927         0.011       27.2818     0.1416345     0.0010601     0.0000000     0.0000000     0.0010600     0.0000000     0.0000000     0.0000000     0.0000000     0.0000000 
          27.            0.        7.0000       0.96561        2.1356        2.0614        2.1068        2.0933         0.012       27.2548     0.1410699     0.0010358     0.0000000     0.0000000     0.0010358     0.0000000     0.0000000     0.0000000     0.0000000     0.0000000 
          28.            0.        6.0000       0.96181        2.1357        2.0616        2.1070        2.0936         0.012       27.2107     0.1405271     0.0010124     0.0000000     0.0000001     0.0010123     0.0000000     0.0000000     0.0000000     0.0000000     0.0000000 
          28.            0.        5.0000       0.95680        2.1349        2.0616        2.1065        2.0931         0.013       27.1195     0.1399701     0.0009874     0.0000000     0.0000003     0.0009871     0.0000000     0.0000000     0.0000000     0.0000000     0.0000000 
          28.            0.        4.0000       0.94815        2.1324        2.0612        2.1044        2.0912         0.013       26.8865     0.1392812     0.0009540     0.0000000     0.0000011     0.0009529     0.0000000     0.0000000     0.0000000     0.0000000     0.0000000 
          29.            0.        3.0000       0.92913        2.1280        2.0595        2.1003        2.0873         0.016       26.1981     0.1380947     0.0009013     0.0000084     0.0000042     0.0008887     0.0000000     0.0000000     0.0000000     0.0000000     0.0000000 
          30.            0.        2.0000       0.88566        2.1267        2.0579        2.0985        2.0853         0.020       24.1732     0.1364365     0.0019161     0.0011249     0.0000172     0.0007740     0.0000000     0.0000000     0.0000000     0.0000000     0.0000000 
          30.            0.        1.0000       0.81163        2.1427        2.0630        2.1131        2.0993         0.025       22.0107     0.1453724     0.0227806     0.0218663     0.0000771     0.0008372     0.0000043     0.0000043     0.0000000     0.0000000     0.0000000 
          30.            0.        1.0000       0.76309        2.1458        2.0640        2.1161        2.1022         0.028       21.1412     0.1364185     0.0166854     0.0160440     0.0000683     0.0005730     0.0000042     0.0000042     0.0000000     0.0000000     0.0000000 
          31.            0.        1.0000       0.72151        2.1490        2.0651        2.1192        2.1052         0.033       20.7526     0.1287348     0.0123687     0.0119018     0.0000612     0.0004056     0.0000039     0.0000039     0.0000000     0.0000000     0.0000000 
          32.            0.        1.0000       0.68738        2.1518        2.0661        2.1219        2.1079         0.040       20.5764     0.1224326     0.0094134     0.0090570     0.0000557     0.0003008     0.0000036     0.0000036     0.0000000     0.0000000     0.0000000 
          32.            0.        1.0000       0.65954        2.1543        2.0669        2.1243        2.1102         0.047       20.4942     0.1172973     0.0073713     0.0070869     0.0000513     0.0002330     0.0000033     0.0000033     0.0000000     0.0000000     0.0000000 
          32.            0.        1.0000       0.63662        2.1564        2.0677        2.1263        2.1122         0.054       20.4587     0.1130748     0.0059244     0.0056891     0.0000479     0.0001873     0.0000031     0.0000031     0.0000000     0.0000000     0.0000000 
          33.            0.        1.0000       0.61746        2.1582        2.0683        2.1280        2.1139         0.062       20.4487     0.1095517     0.0048692     0.0046689     0.0000451     0.0001551     0.0000028     0.0000028     0.0000000     0.0000000     0.0000000 
          34.            0.        1.0000       0.60121        2.1598        2.0689        2.1296        2.1154         0.070       20.4541     0.1065664     0.0040781     0.0039037     0.0000428     0.0001316     0.0000026     0.0000026     0.0000000     0.0000000     0.0000000 
          34.            0.        1.0000       0.58723        2.1612        2.0694        2.1309        2.1167         0.079       20.4699     0.1040004     0.0034702     0.0033155     0.0000409     0.0001138     0.0000024     0.0000024     0.0000000     0.0000000     0.0000000 
          34.            0.        1.0000       0.57504        2.1624        2.0698        2.1321        2.1179         0.088       20.4931     0.1017668     0.0029929     0.0028536     0.0000393     0.0001000     0.0000023     0.0000023     0.0000000     0.0000000     0.0000000 
          35.            0.        1.0000       0.56430        2.1635        2.0702        2.1331        2.1189         0.097       20.5221     0.0998012     0.0026111     0.0024842     0.0000378     0.0000890     0.0000021     0.0000021     0.0000000     0.0000000     0.0000000 
          36.            0.        1.0000       0.55475        2.1645        2.0706        2.1340        2.1198         0.107       20.5555     0.0980539     0.0023007     0.0021839     0.0000366     0.0000801     0.0000000     0.0000000     0.0000000     0.0000000     0.0000000 
          36.            0.        1.0000       0.54618        2.1654        2.0709        2.1349        2.1206         0.117       20.5925     0.0964887     0.0020448     0.0019365     0.0000355     0.0000728     0.0000000     0.0000000     0.0000000     0.0000000     0.0000000 
          36.            0.        1.0000       0.53845        2.1662        2.0712        2.1357        2.1214         0.128       20.6324     0.0950768     0.0018314     0.0017301     0.0000345     0.0000667     0.0000000     0.0000000     0.0000000     0.0000000     0.0000000 
          37.            0.        1.0000       0.53142        2.1670        2.0715        2.1364        2.1221         0.139       20.6745     0.0937951     0.0016513     0.0015561     0.0000337     0.0000615     0.0000000     0.0000000     0.0000000     0.0000000     0.0000000 
          38.            0.        1.0000       0.52501        2.1677        2.0718        2.1370        2.1227         0.150       20.7185     0.0926252     0.0014980     0.0014080     0.0000329     0.0000571     0.0000000     0.0000000     0.0000000     0.0000000     0.0000000 
          38.            0.        1.0000       0.51911        2.1683        2.0720        2.1376        2.1233         0.162       20.7639     0.0915521     0.0013662     0.0012808     0.0000321     0.0000533     0.0000000     0.0000000     0.0000000     0.0000000     0.0000000 
          38.            0.        1.0000       0.51367        2.1689        2.0722        2.1382        2.1238         0.174       20.8103     0.0905632     0.0012522     0.0011708     0.0000315     0.0000499     0.0000000     0.0000000     0.0000000     0.0000000     0.0000000 
          39.            0.        1.0000       0.50864        2.1694        2.0724        2.1387        2.1243         0.186       20.8577     0.0896483     0.0011527     0.0010748     0.0000309     0.0000470     0.0000000     0.0000000     0.0000000     0.0000000     0.0000000 
          40.            0.        1.0000       0.50396        2.1699        2.0726        2.1391        2.1247         0.198       20.9057     0.0887988     0.0010653     0.0009906     0.0000303     0.0000444     0.0000000     0.0000000     0.0000000     0.0000000     0.0000000 
          40.            0.        1.0000       0.49960        2.1704        2.0728        2.1395        2.1251         0.210       20.9541     0.0880074     0.0009882     0.0009163     0.0000298     0.0000421     0.0000000     0.0000000     0.0000000     0.0000000     0.0000000 
          40.            0.        1.0000       0.49552        2.1708        2.0729        2.1399        2.1255         0.223       21.0029     0.0872678     0.0009197     0.0008504     0.0000293     0.0000400     0.0000000     0.0000000     0.0000000     0.0000000     0.0000000 
          41.            0.        1.0000       0.49169        2.1712        2.0731        2.1403        2.1258         0.236       21.0518     0.0865747     0.0008587     0.0007916     0.0000289     0.0000382     0.0000000     0.0000000     0.0000000     0.0000000     0.0000000 
          42.            0.        1.0000       0.48809        2.1716        2.0732        2.1406        2.1261         0.249       21.1009     0.0859234     0.0008040     0.0007390     0.0000285     0.0000365     0.0000000     0.0000000     0.0000000     0.0000000     0.0000000 
          42.            0.        1.0000       0.48469        2.1719        2.0734        2.1409        2.1264         0.262       21.1499     0.0853098     0.0007548     0.0006918     0.0000281     0.0000349     0.0000000     0.0000000     0.0000000     0.0000000     0.0000000 
          42.            0.        1.0000       0.48148        2.1723        2.0735        2.1412        2.1267         0.275       21.1989     0.0847307     0.0007104     0.0006491     0.0000277     0.0000336     0.0000000     0.0000000     0.0000000     0.0000000     0.0000000 
          43.            0.        1.0000       0.47845        2.1726        2.0736        2.1415        2.1270         0.288       21.2478     0.0841827     0.0006701     0.0006104     0.0000274     0.0000323     0.0000000     0.0000000     0.0000000     0.0000000     0.0000000 
          44.            0.        1.0000       0.47556        2.1729        2.0737        2.1417        2.1272         0.301       21.2965     0.0836633     0.0006335     0.0005753     0.0000271     0.0000311     0.0000000     0.0000000     0.0000000     0.0000000     0.0000000 
          44.            0.        1.0000       0.47282        2.1731        2.0738        2.1420        2.1274         0.315       21.3451     0.0831700     0.0006001     0.0005433     0.0000268     0.0000300     0.0000000     0.0000000     0.0000000     0.0000000     0.0000000 
          44.            0.        1.0000       0.47022        2.1734        2.0739        2.1422        2.1276         0.328       21.3934     0.0827007     0.0005695     0.0005140     0.0000265     0.0000290     0.0000000     0.0000000     0.0000000     0.0000000     0.0000000 
          45.            0.        1.0000       0.46773        2.1736        2.0740        2.1424        2.1278         0.342       21.4415     0.0822535     0.0005414     0.0004871     0.0000262     0.0000281     0.0000000     0.0000000     0.0000000     0.0000000     0.0000000 
          46.            0.        1.0000       0.46535        2.1738        2.0741        2.1426        2.1280         0.355       21.4894     0.0818268     0.0005156     0.0004624     0.0000259     0.0000272     0.0000000     0.0000000     0.0000000     0.0000000     0.0000000 
          46.            0.        1.0000       0.46308        2.1740        2.0742        2.1428        2.1281         0.369       21.5369     0.0814189     0.0004918     0.0004397     0.0000257     0.0000264     0.0000000     0.0000000     0.0000000     0.0000000     0.0000000 
          46.            0.        1.0000       0.46090        2.1742        2.0743        2.1429        2.1283         0.383       21.5841     0.0810286     0.0004698     0.0004186     0.0000254     0.0000257     0.0000000     0.0000000     0.0000000     0.0000000     0.0000000 
          47.            0.        1.0000       0.45882        2.1744        2.0744        2.1431        2.1284         0.396       21.6311     0.0806545     0.0004494     0.0003992     0.0000252     0.0000250     0.0000000     0.0000000     0.0000000     0.0000000     0.0000000 
          48.            0.        1.0000       0.45681        2.1746        2.0745        2.1432        2.1285         0.410       21.6777     0.0802957     0.0004304     0.0003811     0.0000250     0.0000243     0.0000000     0.0000000     0.0000000     0.0000000     0.0000000 
          48.            0.        1.0000       0.45489        2.1747        2.0745        2.1434        2.1286         0.424       21.7240     0.0799510     0.0004128     0.0003643     0.0000248     0.0000237     0.0000000     0.0000000     0.0000000     0.0000000     0.0000000 
          48.            0.        1.0000       0.45303        2.1749        2.0746        2.1435        2.1288         0.438       21.7699     0.0796195     0.0003963     0.0003486     0.0000246     0.0000231     0.0000000     0.0000000     0.0000000     0.0000000     0.0000000 
          49.            0.        1.0000       0.45124        2.1750        2.0747        2.1436        2.1289         0.452       21.8154     0.0793004     0.0003810     0.0003340     0.0000244     0.0000226     0.0000000     0.0000000     0.0000000     0.0000000     0.0000000 
          50.            0.        1.0000       0.44952        2.1752        2.0747        2.1437        2.1289         0.466       21.8605     0.0789929     0.0003666     0.0003204     0.0000242     0.0000221     0.0000000     0.0000000     0.0000000     0.0000000     0.0000000 
          50.            0.        1.0000       0.44786        2.1753        2.0748        2.1438        2.1290         0.480       21.9052     0.0786963     0.0003532     0.0003076     0.0000240     0.0000216     0.0000000     0.0000000     0.0000000     0.0000000     0.0000000 
          50.            0.        1.0000       0.44625        2.1754        2.0748        2.1439        2.1291         0.494       21.9495     0.0784099     0.0003405     0.0002956     0.0000239     0.0000211     0.0000000     0.0000000     0.0000000     0.0000000     0.0000000 
          51.            0.        1.0000       0.44470        2.1756        2.0749        2.1440        2.1292         0.507       21.9932     0.0781332     0.0003286     0.0002843     0.0000237     0.0000207     0.0000000     0.0000000     0.0000000     0.0000000     0.0000000 
          52.            0.        1.0000       0.44319        2.1757        2.0749        2.1441        2.1293         0.521       22.0365     0.0778656     0.0003175     0.0002737     0.0000235     0.0000202     0.0000000     0.0000000     0.0000000     0.0000000     0.0000000 
          52.            0.        1.0000       0.44174        2.1758        2.0750        2.1442        2.1293         0.535       22.0792     0.0776065     0.0003069     0.0002637     0.0000234     0.0000198     0.0000000     0.0000000     0.0000000     0.0000000     0.0000000 
          52.            0.        1.0000       0.44033        2.1759        2.0750        2.1442        2.1294         0.549       22.1213     0.0773556     0.0002969     0.0002542     0.0000232     0.0000194     0.0000000     0.0000000     0.0000000     0.0000000     0.0000000 
          53.            0.        1.0000       0.43896        2.1760        2.0751        2.1443        2.1294         0.562       22.1628     0.0771123     0.0002875     0.0002453     0.0000231     0.0000191     0.0000000     0.0000000     0.0000000     0.0000000     0.0000000 
          54.            0.        1.0000       0.43763        2.1760        2.0751        2.1444        2.1295         0.576       22.2037     0.0768762     0.0002786     0.0002369     0.0000230     0.0000187     0.0000000     0.0000000     0.0000000     0.0000000     0.0000000 
          54.            0.        1.0000       0.43633        2.1761        2.0751        2.1444        2.1295         0.589       22.2440     0.0766470     0.0002702     0.0002289     0.0000228     0.0000184     0.0000000     0.0000000     0.0000000     0.0000000     0.0000000 
          54.            0.        1.0000       0.43508        2.1762        2.0752        2.1445        2.1296         0.602       22.2837     0.0764243     0.0002622     0.0002214     0.0000227     0.0000181     0.0000000     0.0000000     0.0000000     0.0000000     0.0000000 
          55.            0.        1.0000       0.43386        2.1763        2.0752        2.1445        2.1296         0.615       22.3226     0.0762079     0.0002545     0.0002142     0.0000226     0.0000178     0.0000000     0.0000000     0.0000000     0.0000000     0.0000000 
          56.            0.        1.0000       0.43267        2.1764        2.0752        2.1446        2.1296         0.628       22.3609     0.0759973     0.0002473     0.0002074     0.0000224     0.0000175     0.0000000     0.0000000     0.0000000     0.0000000     0.0000000 
          56.            0.        1.0000       0.43151        2.1764        2.0753        2.1446        2.1297         0.641       22.3986     0.0757923     0.0002404     0.0002009     0.0000223     0.0000172     0.0000000     0.0000000     0.0000000     0.0000000     0.0000000 
          56.            0.        1.0000       0.43038        2.1765        2.0753        2.1447        2.1297         0.654       22.4357     0.0755926     0.0002339     0.0001947     0.0000222     0.0000169     0.0000000     0.0000000     0.0000000     0.0000000     0.0000000 
          57.            0.        1.0000       0.42928        2.1765        2.0753        2.1447        2.1297         0.666       22.4723     0.0753981     0.0002276     0.0001889     0.0000221     0.0000167     0.0000000     0.0000000     0.0000000     0.0000000     0.0000000 
          58.            0.        1.0000       0.42821        2.1766        2.0754        2.1447        2.1298         0.679       22.5083     0.0752085     0.0002217     0.0001833     0.0000220     0.0000164     0.0000000     0.0000000     0.0000000     0.0000000     0.0000000 
          58.            0.        1.0000       0.42716        2.1767        2.0754        2.1448        2.1298         0.691       22.5438     0.0750236     0.0002160     0.0001779     0.0000219     0.0000162     0.0000000     0.0000000     0.0000000     0.0000000     0.0000000 
          58.            0.        1.0000       0.42614        2.1767        2.0754        2.1448        2.1298         0.704       22.5790     0.0748432     0.0002105     0.0001728     0.0000218     0.0000159     0.0000000     0.0000000     0.0000000     0.0000000     0.0000000 
          59.            0.        1.0000       0.42514        2.1768        2.0754        2.1448        2.1298         0.716       22.6137     0.0746671     0.0002053     0.0001679     0.0000217     0.0000157     0.0000000     0.0000000     0.0000000     0.0000000     0.0000000 
          60.            0.        1.0000       0.42416        2.1768        2.0755        2.1448        2.1298         0.728       22.6483     0.0744952     0.0002003     0.0001633     0.0000216     0.0000155     0.0000000     0.0000000     0.0000000     0.0000000     0.0000000 
          60.            0.        1.0000       0.42321        2.1768        2.0755        2.1449        2.1298         0.741       22.6825     0.0743273     0.0001956     0.0001588     0.0000215     0.0000153     0.0000000     0.0000000     0.0000000     0.0000000     0.0000000 
          60.            0.        1.0000       0.42228        2.1769        2.0755        2.1449        2.1298         0.753       22.7165     0.0741632     0.0001910     0.0001545     0.0000214     0.0000151     0.0000000     0.0000000     0.0000000     0.0000000     0.0000000 
          61.            0.        1.0000       0.42137        2.1769        2.0755        2.1449        2.1299         0.765       22.7503     0.0740029     0.0001866     0.0001504     0.0000213     0.0000149     0.0000000     0.0000000     0.0000000     0.0000000     0.0000000 
          62.            0.        1.0000       0.42048        2.1770        2.0755        2.1449        2.1299         0.778       22.7840     0.0738461     0.0001824     0.0001465     0.0000212     0.0000147     0.0000000     0.0000000     0.0000000     0.0000000     0.0000000 
          62.            0.        1.0000       0.41961        2.1770        2.0755        2.1449        2.1299         0.790       22.8175     0.0736927     0.0001784     0.0001428     0.0000211     0.0000145     0.0000000     0.0000000     0.0000000     0.0000000     0.0000000 
          62.            0.        1.0000       0.41875        2.1770        2.0756        2.1450        2.1299         0.802       22.8508     0.0735426     0.0001745     0.0001391     0.0000210     0.0000143     0.0000000     0.0000000     0.0000000     0.0000000     0.0000000 
          63.            0.        1.0000       0.41792        2.1771        2.0756        2.1450        2.1299         0.815       22.8840     0.0733958     0.0001708     0.0001357     0.0000210     0.0000142     0.0000000     0.0000000     0.0000000     0.0000000     0.0000000 
          64.            0.        1.0000       0.41710        2.1771        2.0756        2.1450        2.1299         0.827       22.9169     0.0732519     0.0001672     0.0001323     0.0000209     0.0000140     0.0000000     0.0000000     0.0000000     0.0000000     0.0000000 
          64.            0.        1.0000       0.41629        2.1771        2.0756        2.1450        2.1299         0.840       22.9496     0.0731110     0.0001637     0.0001291     0.0000208     0.0000138     0.0000000     0.0000000     0.0000000     0.0000000     0.0000000 
          64.            0.        1.0000       0.41551        2.1771        2.0756        2.1450        2.1299         0.852       22.9821     0.0729729     0.0001604     0.0001260     0.0000207     0.0000137     0.0000000     0.0000000     0.0000000     0.0000000     0.0000000 
          65.            0.        1.0000       0.41474        2.1772        2.0756        2.1450        2.1299         0.865       23.0143     0.0728374     0.0001572     0.0001230     0.0000206     0.0000135     0.0000000     0.0000000     0.0000000     0.0000000     0.0000000 
          66.            0.        1.0000       0.41398        2.1772        2.0756        2.1450        2.1299         0.877       23.0461     0.0727046     0.0001541     0.0001202     0.0000206     0.0000134     0.0000000     0.0000000     0.0000000     0.0000000     0.0000000 
          66.            0.        1.0000       0.41323        2.1772        2.0757        2.1450        2.1298         0.890       23.0777     0.0725744     0.0001511     0.0001174     0.0000205     0.0000132     0.0000000     0.0000000     0.0000000     0.0000000     0.0000000 
          66.            0.        1.0000       0.41250        2.1772        2.0757        2.1450        2.1298         0.902       23.1089     0.0724465     0.0001482     0.0001147     0.0000204     0.0000131     0.0000000     0.0000000     0.0000000     0.0000000     0.0000000 
          67.            0.        1.0000       0.41179        2.1772        2.0757        2.1450        2.1298         0.914       23.1399     0.0723209     0.0001455     0.0001122     0.0000203     0.0000130     0.0000000     0.0000000     0.0000000     0.0000000     0.0000000 
          68.            0.        1.0000       0.41108        2.1772        2.0757        2.1450        2.1298         0.927       23.1708     0.0721977     0.0001428     0.0001097     0.0000203     0.0000128     0.0000000     0.0000000     0.0000000     0.0000000     0.0000000 
          68.            0.        1.0000       0.41039        2.1773        2.0757        2.1450        2.1298         0.939       23.2017     0.0720768     0.0001402     0.0001073     0.0000202     0.0000127     0.0000000     0.0000000     0.0000000     0.0000000     0.0000000 
          68.            0.        1.0000       0.40972        2.1773        2.0757        2.1450        2.1298         0.951       23.2339     0.0719584     0.0001377     0.0001050     0.0000201     0.0000126     0.0000000     0.0000000     0.0000000     0.0000000     0.0000000 
          69.            0.        1.0000       0.40906        2.1773        2.0757        2.1450        2.1298         0.963       23.2702     0.0718435     0.0001353     0.0001028     0.0000201     0.0000125     0.0000000     0.0000000     0.0000000     0.0000000     0.0000000 
          70.            0.        1.0000       0.40846        2.1774        2.0757        2.1451        2.1298         0.976       23.3166     0.0717350     0.0001331     0.0001008     0.0000200     0.0000123     0.0000000     0.0000000     0.0000000     0.0000000     0.0000000 
          70.            0.        1.0000       0.41100        2.1783        2.0761        2.1459        2.1307         1.090       25.2918     0.0721430     0.0001420     0.0001089     0.0000203     0.0000128     0.0000000     0.0000000     0.0000000     0.0000000     0.0000000 
          70.            0.        2.0000       0.42638        2.1645        2.0717        2.1334        2.1188         1.301       28.1747     0.0639312     0.0000128     0.0000000     0.0000043     0.0000085     0.0000000     0.0000000     0.0000000     0.0000000     0.0000000 
          71.            0.        3.0000       0.44238        2.1653        2.0731        2.1347        2.1204         1.277       28.6126     0.0638274     0.0000101     0.0000000     0.0000011     0.0000090     0.0000000     0.0000000     0.0000000     0.0000000     0.0000000 
          72.            0.        4.0000       0.44907        2.1692        2.0748        2.1385        2.1240         1.247       28.5734     0.0639876     0.0000096     0.0000000     0.0000003     0.0000093     0.0000000     0.0000000     0.0000000     0.0000000     0.0000000 
          72.            0.        5.0000       0.45144        2.1717        2.0754        2.1407        2.1261         1.244       28.5380     0.0640241     0.0000095     0.0000000     0.0000001     0.0000094     0.0000000     0.0000000     0.0000000     0.0000000     0.0000000 
          72.            0.        6.0000       0.45225        2.1729        2.0756        2.1418        2.1271         1.252       28.5259     0.0640175     0.0000095     0.0000000     0.0000000     0.0000094     0.0000000     0.0000000     0.0000000     0.0000000     0.0000000 
          73.            0.        7.0000       0.45250        2.1735        2.0757        2.1422        2.1275         1.265       28.5217     0.0640020     0.0000094     0.0000000     0.0000000     0.0000094     0.0000000     0.0000000     0.0000000     0.0000000     0.0000000 
          74.            0.        8.0000       0.45256        2.1737        2.0757        2.1424        2.1276         1.279       28.5196     0.0639916     0.0000094     0.0000000     0.0000000     0.0000094     0.0000000     0.0000000     0.0000000     0.0000000     0.0000000 
          74.            0.        9.0000       0.45256        2.1737        2.0757        2.1424        2.1277         1.294       28.5207     0.0639867     0.0000094     0.0000000     0.0000000     0.0000094     0.0000000     0.0000000     0.0000000     0.0000000     0.0000000 
          74.            0.       10.0000       0.45254        2.1737        2.0757        2.1424        2.1276         1.309       28.5231     0.0639812     0.0000094     0.0000000     0.0000000     0.0000094     0.0000000     0.0000000     0.0000000     0.0000000     0.0000000 
          75.            0.       11.0000       0.45251        2.1737        2.0757        2.1424        2.1276         1.325       28.5260     0.0639778     0.0000094     0.0000000     0.0000000     0.0000094     0.0000000     0.0000000     0.0000000     0.0000000     0.0000000 
          76.            0.       12.0000       0.45248        2.1737        2.0757        2.1424        2.1276         1.340       28.5298     0.0639743     0.0000094     0.0000000     0.0000000     0.0000094     0.0000000     0.0000000     0.0000000     0.0000000     0.0000000 
          76.            0.       13.0000       0.45245        2.1737        2.0757        2.1423        2.1276         1.356       28.5338     0.0639714     0.0000094     0.0000000     0.0000000     0.0000094     0.0000000     0.0000000     0.0000000     0.0000000     0.0000000 
          76.            0.       14.0000       0.45241        2.1737        2.0757        2.1423        2.1275         1.372       28.5384     0.0639685     0.0000094     0.0000000     0.0000000     0.0000094     0.0000000     0.0000000     0.0000000     0.0000000     0.0000000 
          77.            0.       15.0000       0.45238        2.1736        2.0756        2.1423        2.1275         1.388       28.5428     0.0639656     0.0000094     0.0000000     0.0000000     0.0000094     0.0000000     0.0000000     0.0000000     0.0000000     0.0000000 
          78.            0.       16.0000       0.45235        2.1736        2.0756        2.1423        2.1275         1.404       28.5472     0.0639628     0.0000094     0.0000000     0.0000000     0.0000094     0.0000000     0.0000000     0.0000000     0.0000000     0.0000000 
          78.            0.       17.0000       0.45232        2.1736        2.0756        2.1422        2.1275         1.420       28.5518     0.0639599     0.0000094     0.0000000     0.0000000     0.0000094     0.0000000     0.0000000     0.0000000     0.0000000     0.0000000 
          78.            0.       18.0000       0.45229        2.1736        2.0756        2.1422        2.1274         1.436       28.5563     0.0639571     0.0000094     0.0000000     0.0000000     0.0000094     0.0000000     0.0000000     0.0000000     0.0000000     0.0000000 
          79.            0.       19.0000       0.45226        2.1736        2.0756        2.1422        2.1274         1.453       28.5607     0.0639542     0.0000094     0.0000000     0.0000000     0.0000094     0.0000000     0.0000000     0.0000000     0.0000000     0.0000000 
          80.            0.       19.0000       0.45223        2.1735        2.0756        2.1422        2.1274         1.469       28.5652     0.0639514     0.0000094     0.0000000     0.0000000     0.0000094     0.0000000     0.0000000     0.0000000     0.0000000     0.0000000 
          80.            0.       19.0000       0.45220        2.1735        2.0756        2.1422        2.1274         1.486       28.5695     0.0639485     0.0000094     0.0000000     0.0000000     0.0000094     0.0000000     0.0000000     0.0000000     0.0000000     0.0000000 
          80.            0.       19.0000       0.45217        2.1735        2.0756        2.1421        2.1273         1.503       28.5738     0.0639456     0.0000094     0.0000000     0.0000000     0.0000094     0.0000000     0.0000000     0.0000000     0.0000000     0.0000000 
          81.            0.       19.0000       0.45214        2.1735        2.0756        2.1421        2.1273         1.519       28.5781     0.0639427     0.0000094     0.0000000     0.0000000     0.0000094     0.0000000     0.0000000     0.0000000     0.0000000     0.0000000 
          82.            0.       19.0000       0.45211        2.1735        2.0756        2.1421        2.1273         1.536       28.5823     0.0639398     0.0000094     0.0000000     0.0000000     0.0000094     0.0000000     0.0000000     0.0000000     0.0000000     0.0000000 
          82.            0.       19.0000       0.45208        2.1735        2.0756        2.1421        2.1273         1.553       28.5865     0.0639369     0.0000094     0.0000000     0.0000000     0.0000094     0.0000000     0.0000000     0.0000000     0.0000000     0.0000000 
          82.            0.       19.0000       0.45205        2.1734        2.0756        2.1421        2.1273         1.570       28.5907     0.0639340     0.0000094     0.0000000     0.0000000     0.0000094     0.0000000     0.0000000     0.0000000     0.0000000     0.0000000 
          83.            0.       19.0000       0.45202        2.1734        2.0756        2.1420        2.1272         1.587       28.5947     0.0639310     0.0000094     0.0000000     0.0000000     0.0000094     0.0000000     0.0000000     0.0000000     0.0000000     0.0000000 
          84.            0.       19.0000       0.45199        2.1734        2.0756        2.1420        2.1272         1.605       28.5987     0.0639281     0.0000094     0.0000000     0.0000000     0.0000094     0.0000000     0.0000000     0.0000000     0.0000000     0.0000000 
          84.            0.       19.0000       0.45196        2.1734        2.0756        2.1420        2.1272         1.622       28.6027     0.0639252     0.0000094     0.0000000     0.0000000     0.0000094     0.0000000     0.0000000     0.0000000     0.0000000     0.0000000 
          84.            0.       19.0000       0.45193        2.1734        2.0756        2.1420        2.1272         1.639       28.6066     0.0639222     0.0000094     0.0000000     0.0000000     0.0000094     0.0000000     0.0000000     0.0000000     0.0000000     0.0000000 
          85.            0.       19.0000       0.45189        2.1734        2.0756        2.1419        2.1271         1.657       28.6105     0.0639192     0.0000094     0.0000000     0.0000000     0.0000094     0.0000000     0.0000000     0.0000000     0.0000000     0.0000000 
          86.            0.       19.0000       0.45186        2.1733        2.0756        2.1419        2.1271         1.674       28.6143     0.0639162     0.0000094     0.0000000     0.0000000     0.0000094     0.0000000     0.0000000     0.0000000     0.0000000     0.0000000 
          86.            0.       19.0000       0.45183        2.1733        2.0756        2.1419        2.1271         1.692       28.6180     0.0639132     0.0000093     0.0000000     0.0000000     0.0000093     0.0000000     0.0000000     0.0000000     0.0000000     0.0000000 
          86.            0.       19.0000       0.45180        2.1733        2.0755        2.1419        2.1271         1.710       28.6217     0.0639102     0.0000093     0.0000000     0.0000000     0.0000093     0.0000000     0.0000000     0.0000000     0.0000000     0.0000000 
          87.            0.       19.0000       0.45177        2.1733        2.0755        2.1419        2.1270         1.728       28.6253     0.0639072     0.0000093     0.0000000     0.0000000     0.0000093     0.0000000     0.0000000     0.0000000     0.0000000     0.0000000 
          88.            0.       19.0000       0.45174        2.1733        2.0755        2.1418        2.1270         1.745       28.6289     0.0639042     0.0000093     0.0000000     0.0000000     0.0000093     0.0000000     0.0000000     0.0000000     0.0000000     0.0000000 
          88.            0.       19.0000       0.45171        2.1733        2.0755        2.1418        2.1270         1.763       28.6324     0.0639011     0.0000093     0.0000000     0.0000000     0.0000093     0.0000000     0.0000000     0.0000000     0.0000000     0.0000000 
          88.            0.       19.0000       0.45168        2.1732        2.0755        2.1418        2.1270         1.781       28.6359     0.0638981     0.0000093     0.0000000     0.0000000     0.0000093     0.0000000     0.0000000     0.0000000     0.0000000     0.0000000 
          89.            0.       19.0000       0.45165        2.1732        2.0755        2.1418        2.1270         1.799       28.6394     0.0638950     0.0000093     0.0000000     0.0000000     0.0000093     0.0000000     0.0000000     0.0000000     0.0000000     0.0000000 
          90.            0.       19.0000       0.45162        2.1732        2.0755        2.1418        2.1269         1.818       28.6428     0.0638919     0.0000093     0.0000000     0.0000000     0.0000093     0.0000000     0.0000000     0.0000000     0.0000000     0.0000000 
          90.            0.       19.0000       0.45158        2.1732        2.0755        2.1417        2.1269         1.836       28.6462     0.0638889     0.0000093     0.0000000     0.0000000     0.0000093     0.0000000     0.0000000     0.0000000     0.0000000     0.0000000 
          90.            0.       19.0000       0.45155        2.1732        2.0755        2.1417        2.1269         1.854       28.6494     0.0638858     0.0000093     0.0000000     0.0000000     0.0000093     0.0000000     0.0000000     0.0000000     0.0000000     0.0000000 
          91.            0.       19.0000       0.45152        2.1732        2.0755        2.1417        2.1269         1.872       28.6527     0.0638827     0.0000093     0.0000000     0.0000000     0.0000093     0.0000000     0.0000000     0.0000000     0.0000000     0.0000000 
          92.            0.       19.0000       0.45149        2.1731        2.0755        2.1417        2.1268         1.891       28.6560     0.0638796     0.0000093     0.0000000     0.0000000     0.0000093     0.0000000     0.0000000     0.0000000     0.0000000     0.0000000 
          92.            0.       19.0000       0.45146        2.1731        2.0755        2.1417        2.1268         1.909       28.6592     0.0638766     0.0000093     0.0000000     0.0000000     0.0000093     0.0000000     0.0000000     0.0000000     0.0000000     0.0000000 
          92.            0.       19.0000       0.45143        2.1731        2.0755        2.1416        2.1268         1.928       28.6624     0.0638735     0.0000093     0.0000000     0.0000000     0.0000093     0.0000000     0.0000000     0.0000000     0.0000000     0.0000000 
          93.            0.       19.0000       0.45140        2.1731        2.0755        2.1416        2.1268         1.946       28.6655     0.0638704     0.0000093     0.0000000     0.0000000     0.0000093     0.0000000     0.0000000     0.0000000     0.0000000     0.0000000 
          94.            0.       19.0000       0.45137        2.1731        2.0755        2.1416        2.1268         1.965       28.6686     0.0638673     0.0000093     0.0000000     0.0000000     0.0000093     0.0000000     0.0000000     0.0000000     0.0000000     0.0000000 
          94.            0.       19.0000       0.45133        2.1731        2.0755        2.1416        2.1267         1.984       28.6716     0.0638642     0.0000093     0.0000000     0.0000000     0.0000093     0.0000000     0.0000000     0.0000000     0.0000000     0.0000000 
          94.            0.       19.0000       0.45130        2.1730        2.0755        2.1416        2.1267         2.003       28.6747     0.0638611     0.0000093     0.0000000     0.0000000     0.0000093     0.0000000     0.0000000     0.0000000     0.0000000     0.0000000 
          95.            0.       19.0000       0.45127        2.1730        2.0755        2.1415        2.1267         2.021       28.6777     0.0638580     0.0000093     0.0000000     0.0000000     0.0000093     0.0000000     0.0000000     0.0000000     0.0000000     0.0000000 
          96.            0.       19.0000       0.45124        2.1730        2.0755        2.1415        2.1267         2.040       28.6807     0.0638549     0.0000093     0.0000000     0.0000000     0.0000093     0.0000000     0.0000000     0.0000000     0.0000000     0.0000000 
          96.            0.       19.0000       0.45121        2.1730        2.0754        2.1415        2.1266         2.059       28.6837     0.0638518     0.0000093     0.0000000     0.0000000     0.0000093     0.0000000     0.0000000     0.0000000     0.0000000     0.0000000 
          96.            0.       19.0000       0.45118        2.1730        2.0754        2.1415        2.1266         2.078       28.6867     0.0638487     0.0000093     0.0000000     0.0000000     0.0000093     0.0000000     0.0000000     0.0000000     0.0000000     0.0000000 
          97.            0.       19.0000       0.45115        2.1730        2.0754        2.1415        2.1266         2.097       28.6896     0.0638456     0.0000093     0.0000000     0.0000000     0.0000093     0.0000000     0.0000000     0.0000000     0.0000000     0.0000000 
          98.            0.       19.0000       0.45112        2.1729        2.0754        2.1414        2.1266         2.116       28.6925     0.0638425     0.0000093     0.0000000     0.0000000     0.0000093     0.0000000     0.0000000     0.0000000     0.0000000     0.0000000 
          98.            0.       19.0000       0.45108        2.1729        2.0754        2.1414        2.1266         2.135       28.6954     0.0638394     0.0000093     0.0000000     0.0000000     0.0000093     0.0000000     0.0000000     0.0000000     0.0000000     0.0000000 
          98.            0.       19.0000       0.45105        2.1729        2.0754        2.1414        2.1265         2.154       28.6983     0.0638362     0.0000093     0.0000000     0.0000000     0.0000093     0.0000000     0.0000000     0.0000000     0.0000000     0.0000000 
          99.            0.       19.0000       0.45102        2.1729        2.0754        2.1414        2.1265         2.173       28.7011     0.0638331     0.0000093     0.0000000     0.0000000     0.0000093     0.0000000     0.0000000     0.0000000     0.0000000     0.0000000 
         100.            0.       19.0000       0.45099        2.1729        2.0754        2.1414        2.1265         2.192       28.7039     0.0638300     0.0000093     0.0000000     0.0000000     0.0000093     0.0000000     0.0000000     0.0000000     0.0000000     0.0000000 
         100.            0.       19.0000       0.45096        2.1729        2.0754        2.1413        2.1265         2.211       28.7067     0.0638269     0.0000093     0.0000000     0.0000000     0.0000093     0.0000000     0.0000000     0.0000000     0.0000000     0.0000000 
