%
%
% Run:2017  Table:COMPGRID          SWAN version:41.10A
%
%       Xp            Yp            Depth         Hsig          Tm_10         TPsmoo        Tm01          Tm02          Dir           Dspr          Steepn        Dissip        Ssurf         Sfric         Swcap         Redist        Snl3          Snl4          Genera        Swind    
%       [m]           [m]           [m]           [m]           [sec]         [sec]         [sec]         [sec]         [degr]        [degr]        [ ]           [m2/s]        [m2/s]        [m2/s]        [m2/s]        [m2/s]        [m2/s]        [m2/s]        [m2/s]        [m2/s]   
%
           0.            0.       20.0000       1.01347        3.6101        4.0080        3.2953        2.9501         0.102       33.8149     0.0745711     0.0000002     0.0000000     0.0000000     0.0000002     0.0000000     0.0000000     0.0000000     0.0000000     0.0000000 
           0.            0.       20.0000       1.01338        3.6104        4.0080        3.2960        2.9513         0.100       33.8149     0.0744998     0.0000226     0.0000000     0.0000000     0.0000226     0.0000000     0.0000000     0.0000000     0.0000000     0.0000000 
           1.            0.       20.0000       1.01330        3.6107        4.0080        3.2968        2.9526         0.099       33.8148     0.0744287     0.0000226     0.0000000     0.0000000     0.0000225     0.0000000     0.0000000     0.0000000     0.0000000     0.0000000 
           2.            0.       20.0000       1.01321        3.6111        4.0080        3.2975        2.9539         0.098       33.8147     0.0743579     0.0000225     0.0000000     0.0000000     0.0000225     0.0000000     0.0000000     0.0000000     0.0000000     0.0000000 
           2.            0.       20.0000       1.01312        3.6114        4.0080        3.2982        2.9552         0.097       33.8147     0.0742873     0.0000225     0.0000000     0.0000000     0.0000225     0.0000000     0.0000000     0.0000000     0.0000000     0.0000000 
           2.            0.       20.0000       1.01303        3.6117        4.0080        3.2989        2.9564         0.096       33.8146     0.0742171     0.0000225     0.0000000     0.0000000     0.0000224     0.0000000     0.0000000     0.0000000     0.0000000     0.0000000 
           3.            0.       20.0000       1.01295        3.6120        4.0080        3.2996        2.9577         0.095       33.8146     0.0741473     0.0000224     0.0000000     0.0000000     0.0000224     0.0000000     0.0000000     0.0000000     0.0000000     0.0000000 
           4.            0.       20.0000       1.01286        3.6123        4.0080        3.3004        2.9590         0.093       33.8145     0.0740777     0.0000224     0.0000000     0.0000000     0.0000224     0.0000000     0.0000000     0.0000000     0.0000000     0.0000000 
           4.            0.       20.0000       1.01277        3.6126        4.0080        3.3011        2.9602         0.092       33.8145     0.0740084     0.0000224     0.0000000     0.0000000     0.0000223     0.0000000     0.0000000     0.0000000     0.0000000     0.0000000 
           4.            0.       20.0000       1.01269        3.6129        4.0080        3.3018        2.9615         0.091       33.8145     0.0739395     0.0000223     0.0000000     0.0000000     0.0000223     0.0000000     0.0000000     0.0000000     0.0000000     0.0000000 
           5.            0.       20.0000       1.01260        3.6132        4.0080        3.3025        2.9627         0.090       33.8144     0.0738708     0.0000223     0.0000000     0.0000000     0.0000222     0.0000000     0.0000000     0.0000000     0.0000000     0.0000000 
           6.            0.       20.0000       1.01251        3.6135        4.0080        3.3032        2.9640         0.089       33.8144     0.0738025     0.0000222     0.0000000     0.0000000     0.0000222     0.0000000     0.0000000     0.0000000     0.0000000     0.0000000 
           6.            0.       20.0000       1.01243        3.6138        4.0080        3.3039        2.9652         0.088       33.8144     0.0737345     0.0000222     0.0000000     0.0000000     0.0000222     0.0000000     0.0000000     0.0000000     0.0000000     0.0000000 
           6.            0.       20.0000       1.01234        3.6141        4.0080        3.3046        2.9665         0.087       33.8144     0.0736668     0.0000222     0.0000000     0.0000000     0.0000221     0.0000000     0.0000000     0.0000000     0.0000000     0.0000000 
           7.            0.       20.0000       1.01226        3.6144        4.0080        3.3053        2.9677         0.086       33.8144     0.0735993     0.0000221     0.0000000     0.0000000     0.0000221     0.0000000     0.0000000     0.0000000     0.0000000     0.0000000 
           8.            0.       20.0000       1.01217        3.6147        4.0080        3.3060        2.9689         0.085       33.8143     0.0735322     0.0000221     0.0000000     0.0000000     0.0000221     0.0000000     0.0000000     0.0000000     0.0000000     0.0000000 
           8.            0.       20.0000       1.01209        3.6150        4.0080        3.3067        2.9701         0.084       33.8144     0.0734653     0.0000221     0.0000000     0.0000000     0.0000220     0.0000000     0.0000000     0.0000000     0.0000000     0.0000000 
           8.            0.       20.0000       1.01200        3.6153        4.0080        3.3074        2.9714         0.083       33.8144     0.0733988     0.0000220     0.0000000     0.0000000     0.0000220     0.0000000     0.0000000     0.0000000     0.0000000     0.0000000 
           9.            0.       20.0000       1.01192        3.6156        4.0080        3.3081        2.9726         0.082       33.8144     0.0733326     0.0000220     0.0000000     0.0000000     0.0000220     0.0000000     0.0000000     0.0000000     0.0000000     0.0000000 
          10.            0.       20.0000       1.01184        3.6159        4.0080        3.3088        2.9738         0.081       33.8144     0.0732666     0.0000220     0.0000000     0.0000000     0.0000219     0.0000000     0.0000000     0.0000000     0.0000000     0.0000000 
          10.            0.       20.0000       1.01175        3.6162        4.0080        3.3095        2.9750         0.080       33.8144     0.0732009     0.0000219     0.0000000     0.0000000     0.0000219     0.0000000     0.0000000     0.0000000     0.0000000     0.0000000 
          10.            0.       20.0000       1.01167        3.6165        4.0080        3.3101        2.9762         0.079       33.8144     0.0731356     0.0000219     0.0000000     0.0000000     0.0000219     0.0000000     0.0000000     0.0000000     0.0000000     0.0000000 
          11.            0.       20.0000       1.01159        3.6168        4.0080        3.3108        2.9774         0.078       33.8144     0.0730705     0.0000219     0.0000000     0.0000000     0.0000218     0.0000000     0.0000000     0.0000000     0.0000000     0.0000000 
          12.            0.       20.0000       1.01150        3.6171        4.0081        3.3115        2.9786         0.077       33.8144     0.0730057     0.0000218     0.0000000     0.0000000     0.0000218     0.0000000     0.0000000     0.0000000     0.0000000     0.0000000 
          12.            0.       20.0000       1.01142        3.6174        4.0081        3.3122        2.9798         0.076       33.8145     0.0729412     0.0000218     0.0000000     0.0000000     0.0000218     0.0000000     0.0000000     0.0000000     0.0000000     0.0000000 
          12.            0.       20.0000       1.01134        3.6177        4.0081        3.3128        2.9810         0.075       33.8145     0.0728770     0.0000218     0.0000000     0.0000000     0.0000217     0.0000000     0.0000000     0.0000000     0.0000000     0.0000000 
          13.            0.       20.0000       1.01126        3.6180        4.0081        3.3135        2.9822         0.074       33.8145     0.0728130     0.0000217     0.0000000     0.0000000     0.0000217     0.0000000     0.0000000     0.0000000     0.0000000     0.0000000 
          14.            0.       20.0000       1.01117        3.6183        4.0081        3.3142        2.9834         0.074       33.8146     0.0727492     0.0000217     0.0000000     0.0000000     0.0000217     0.0000000     0.0000000     0.0000000     0.0000000     0.0000000 
          14.            0.       20.0000       1.01109        3.6186        4.0081        3.3148        2.9845         0.073       33.8146     0.0726859     0.0000217     0.0000000     0.0000000     0.0000216     0.0000000     0.0000000     0.0000000     0.0000000     0.0000000 
          14.            0.       20.0000       1.01101        3.6189        4.0081        3.3155        2.9857         0.072       33.8147     0.0726227     0.0000216     0.0000000     0.0000000     0.0000216     0.0000000     0.0000000     0.0000000     0.0000000     0.0000000 
          15.            0.       20.0000       1.01093        3.6191        4.0081        3.3162        2.9869         0.071       33.8147     0.0725598     0.0000216     0.0000000     0.0000000     0.0000216     0.0000000     0.0000000     0.0000000     0.0000000     0.0000000 
          16.            0.       20.0000       1.01085        3.6194        4.0081        3.3168        2.9881         0.070       33.8148     0.0724972     0.0000216     0.0000000     0.0000000     0.0000215     0.0000000     0.0000000     0.0000000     0.0000000     0.0000000 
          16.            0.       20.0000       1.01077        3.6197        4.0081        3.3175        2.9892         0.069       33.8148     0.0724349     0.0000215     0.0000000     0.0000000     0.0000215     0.0000000     0.0000000     0.0000000     0.0000000     0.0000000 
          16.            0.       20.0000       1.01069        3.6200        4.0081        3.3181        2.9904         0.069       33.8149     0.0723728     0.0000215     0.0000000     0.0000000     0.0000215     0.0000000     0.0000000     0.0000000     0.0000000     0.0000000 
          17.            0.       20.0000       1.01061        3.6203        4.0081        3.3188        2.9915         0.068       33.8150     0.0723110     0.0000215     0.0000000     0.0000000     0.0000214     0.0000000     0.0000000     0.0000000     0.0000000     0.0000000 
          18.            0.       20.0000       1.01053        3.6205        4.0081        3.3194        2.9927         0.067       33.8150     0.0722494     0.0000214     0.0000000     0.0000000     0.0000214     0.0000000     0.0000000     0.0000000     0.0000000     0.0000000 
          18.            0.       20.0000       1.01045        3.6208        4.0081        3.3201        2.9939         0.066       33.8151     0.0721881     0.0000214     0.0000000     0.0000000     0.0000214     0.0000000     0.0000000     0.0000000     0.0000000     0.0000000 
          18.            0.       20.0000       1.01037        3.6211        4.0081        3.3207        2.9950         0.066       33.8152     0.0721271     0.0000214     0.0000000     0.0000000     0.0000213     0.0000000     0.0000000     0.0000000     0.0000000     0.0000000 
          19.            0.       20.0000       1.01029        3.6214        4.0081        3.3214        2.9961         0.065       33.8152     0.0720663     0.0000213     0.0000000     0.0000000     0.0000213     0.0000000     0.0000000     0.0000000     0.0000000     0.0000000 
          20.            0.       20.0000       1.01021        3.6217        4.0081        3.3220        2.9973         0.064       33.8153     0.0720057     0.0000213     0.0000000     0.0000000     0.0000213     0.0000000     0.0000000     0.0000000     0.0000000     0.0000000 
          20.            0.       20.0000       1.01013        3.6219        4.0081        3.3226        2.9984         0.063       33.8154     0.0719454     0.0000213     0.0000000     0.0000000     0.0000212     0.0000000     0.0000000     0.0000000     0.0000000     0.0000000 
          20.            0.       20.0000       1.01005        3.6222        4.0081        3.3233        2.9996         0.063       33.8155     0.0718854     0.0000212     0.0000000     0.0000000     0.0000212     0.0000000     0.0000000     0.0000000     0.0000000     0.0000000 
          21.            0.       20.0000       1.00997        3.6225        4.0081        3.3239        3.0007         0.062       33.8156     0.0718256     0.0000212     0.0000000     0.0000000     0.0000212     0.0000000     0.0000000     0.0000000     0.0000000     0.0000000 
          22.            0.       20.0000       1.00989        3.6228        4.0081        3.3245        3.0018         0.061       33.8156     0.0717660     0.0000212     0.0000000     0.0000000     0.0000212     0.0000000     0.0000000     0.0000000     0.0000000     0.0000000 
          22.            0.       20.0000       1.00981        3.6230        4.0081        3.3252        3.0029         0.061       33.8157     0.0717067     0.0000212     0.0000000     0.0000000     0.0000211     0.0000000     0.0000000     0.0000000     0.0000000     0.0000000 
          22.            0.       20.0000       1.00973        3.6233        4.0081        3.3258        3.0041         0.060       33.8158     0.0716477     0.0000211     0.0000000     0.0000000     0.0000211     0.0000000     0.0000000     0.0000000     0.0000000     0.0000000 
          23.            0.       20.0000       1.00966        3.6236        4.0081        3.3264        3.0052         0.060       33.8159     0.0715889     0.0000211     0.0000000     0.0000000     0.0000211     0.0000000     0.0000000     0.0000000     0.0000000     0.0000000 
          24.            0.       20.0000       1.00958        3.6238        4.0081        3.3270        3.0063         0.059       33.8160     0.0715303     0.0000211     0.0000000     0.0000000     0.0000210     0.0000000     0.0000000     0.0000000     0.0000000     0.0000000 
          24.            0.       20.0000       1.00950        3.6241        4.0081        3.3277        3.0074         0.058       33.8161     0.0714719     0.0000210     0.0000000     0.0000000     0.0000210     0.0000000     0.0000000     0.0000000     0.0000000     0.0000000 
          24.            0.       20.0000       1.00942        3.6244        4.0081        3.3283        3.0085         0.058       33.8162     0.0714139     0.0000210     0.0000000     0.0000000     0.0000210     0.0000000     0.0000000     0.0000000     0.0000000     0.0000000 
          25.            0.       20.0000       1.00935        3.6246        4.0081        3.3289        3.0096         0.057       33.8163     0.0713560     0.0000210     0.0000000     0.0000000     0.0000209     0.0000000     0.0000000     0.0000000     0.0000000     0.0000000 
          26.            0.       20.0000       1.00927        3.6249        4.0081        3.3295        3.0107         0.057       33.8164     0.0712984     0.0000209     0.0000000     0.0000000     0.0000209     0.0000000     0.0000000     0.0000000     0.0000000     0.0000000 
          26.            0.       20.0000       1.00919        3.6252        4.0081        3.3301        3.0118         0.056       33.8166     0.0712410     0.0000209     0.0000000     0.0000000     0.0000209     0.0000000     0.0000000     0.0000000     0.0000000     0.0000000 
          26.            0.       20.0000       1.00912        3.6254        4.0081        3.3307        3.0129         0.056       33.8166     0.0711839     0.0000209     0.0000000     0.0000000     0.0000208     0.0000000     0.0000000     0.0000000     0.0000000     0.0000000 
          27.            0.       20.0000       1.00904        3.6257        4.0081        3.3313        3.0140         0.055       33.8168     0.0711269     0.0000209     0.0000000     0.0000000     0.0000208     0.0000000     0.0000000     0.0000000     0.0000000     0.0000000 
          28.            0.       20.0000       1.00896        3.6260        4.0081        3.3319        3.0151         0.055       33.8169     0.0710702     0.0000208     0.0000000     0.0000000     0.0000208     0.0000000     0.0000000     0.0000000     0.0000000     0.0000000 
          28.            0.       20.0000       1.00889        3.6262        4.0081        3.3326        3.0162         0.054       33.8170     0.0710138     0.0000208     0.0000000     0.0000000     0.0000208     0.0000000     0.0000000     0.0000000     0.0000000     0.0000000 
          28.            0.       20.0000       1.00881        3.6265        4.0081        3.3332        3.0173         0.054       33.8171     0.0709576     0.0000208     0.0000000     0.0000000     0.0000207     0.0000000     0.0000000     0.0000000     0.0000000     0.0000000 
          29.            0.       20.0000       1.00874        3.6267        4.0081        3.3338        3.0183         0.053       33.8173     0.0709016     0.0000207     0.0000000     0.0000000     0.0000207     0.0000000     0.0000000     0.0000000     0.0000000     0.0000000 
          30.            0.       20.0000       1.00866        3.6270        4.0082        3.3343        3.0194         0.053       33.8174     0.0708458     0.0000207     0.0000000     0.0000000     0.0000207     0.0000000     0.0000000     0.0000000     0.0000000     0.0000000 
          30.            0.       20.0000       1.00859        3.6273        4.0082        3.3349        3.0205         0.053       33.8176     0.0707903     0.0000207     0.0000000     0.0000000     0.0000206     0.0000000     0.0000000     0.0000000     0.0000000     0.0000000 
          30.            0.       20.0000       1.00851        3.6275        4.0082        3.3355        3.0215         0.052       33.8179     0.0707350     0.0000206     0.0000000     0.0000000     0.0000206     0.0000000     0.0000000     0.0000000     0.0000000     0.0000000 
          31.            0.       20.0000       1.00842        3.6278        4.0082        3.3361        3.0226         0.052       33.8161     0.0706800     0.0000206     0.0000000     0.0000000     0.0000206     0.0000000     0.0000000     0.0000000     0.0000000     0.0000000 
          32.            0.       19.0000       1.00799        3.6272        4.0080        3.3360        3.0230         0.052       33.8102     0.0706355     0.0000206     0.0000000     0.0000000     0.0000206     0.0000000     0.0000000     0.0000000     0.0000000     0.0000000 
          32.            0.       18.0000       1.00743        3.6264        4.0077        3.3357        3.0233         0.051       33.8019     0.0705953     0.0000206     0.0000000     0.0000001     0.0000205     0.0000000     0.0000000     0.0000000     0.0000000     0.0000000 
          32.            0.       17.0000       1.00669        3.6254        4.0073        3.3351        3.0232         0.051       33.7909     0.0705576     0.0000206     0.0000000     0.0000001     0.0000205     0.0000000     0.0000000     0.0000000     0.0000000     0.0000000 
          33.            0.       16.0000       1.00571        3.6239        4.0068        3.3341        3.0228         0.051       33.7764     0.0705244     0.0000206     0.0000000     0.0000001     0.0000205     0.0000000     0.0000000     0.0000000     0.0000000     0.0000000 
          34.            0.       15.0000       1.00440        3.6221        4.0060        3.3327        3.0219         0.052       33.7569     0.0704968     0.0000206     0.0000000     0.0000002     0.0000204     0.0000000     0.0000000     0.0000000     0.0000000     0.0000000 
          34.            0.       14.0000       1.00266        3.6197        4.0050        3.3307        3.0203         0.052       33.7308     0.0704778     0.0000207     0.0000000     0.0000003     0.0000204     0.0000000     0.0000000     0.0000000     0.0000000     0.0000000 
          34.            0.       13.0000       1.00032        3.6166        4.0037        3.3278        3.0180         0.053       33.6959     0.0704671     0.0000207     0.0000000     0.0000004     0.0000203     0.0000000     0.0000000     0.0000000     0.0000000     0.0000000 
          35.            0.       12.0000       0.99719        3.6128        4.0021        3.3241        3.0145         0.054       33.6488     0.0704701     0.0000208     0.0000000     0.0000006     0.0000202     0.0000000     0.0000000     0.0000000     0.0000000     0.0000000 
          36.            0.       11.0000       0.99304        3.6082        4.0001        3.3192        3.0098         0.056       33.5855     0.0704898     0.0000210     0.0000000     0.0000009     0.0000201     0.0000000     0.0000000     0.0000000     0.0000000     0.0000000 
          36.            0.       10.0000       0.98761        3.6027        3.9980        3.3130        3.0034         0.058       33.5004     0.0705364     0.0000212     0.0000000     0.0000013     0.0000200     0.0000000     0.0000000     0.0000000     0.0000000     0.0000000 
          36.            0.        9.0000       0.98064        3.5965        3.9961        3.3054        2.9953         0.063       33.3874     0.0706224     0.0000217     0.0000000     0.0000019     0.0000198     0.0000000     0.0000000     0.0000000     0.0000000     0.0000000 
          37.            0.        8.0000       0.97201        3.5901        3.9950        3.2967        2.9854         0.069       33.2401     0.0707750     0.0000225     0.0000000     0.0000029     0.0000196     0.0000000     0.0000000     0.0000000     0.0000000     0.0000000 
          38.            0.        7.0000       0.96180        3.5844        3.9955        3.2876        2.9744         0.079       33.0543     0.0710392     0.0000239     0.0000000     0.0000044     0.0000195     0.0000000     0.0000000     0.0000000     0.0000000     0.0000000 
          38.            0.        6.0000       0.95050        3.5811        3.9981        3.2798        2.9635         0.095       32.8265     0.0714983     0.0000264     0.0000000     0.0000068     0.0000196     0.0000000     0.0000000     0.0000000     0.0000000     0.0000000 
          38.            0.        5.0000       0.93920        3.5828        4.0029        3.2760        2.9554         0.121       32.5427     0.0723129     0.0000309     0.0000000     0.0000107     0.0000202     0.0000000     0.0000000     0.0000000     0.0000000     0.0000000 
          39.            0.        4.0000       0.92980        3.5935        4.0091        3.2809        2.9545         0.165       32.1290     0.0738078     0.0000393     0.0000000     0.0000176     0.0000217     0.0000000     0.0000000     0.0000000     0.0000000     0.0000000 
          40.            0.        3.0000       0.92567        3.6180        4.0159        3.3018        2.9685         0.229       31.3145     0.0767676     0.0000618     0.0000049     0.0000310     0.0000259     0.0000000     0.0000000     0.0000000     0.0000000     0.0000000 
          40.            0.        2.0000       0.93804        3.6622        4.0227        3.3521        3.0172         0.278       30.3431     0.0836910     0.0013821     0.0012783     0.0000634     0.0000404     0.0000000     0.0000000     0.0000000     0.0000000     0.0000000 
          40.            0.        2.0000       0.93248        3.6619        4.0227        3.3520        3.0179         0.276       29.6662     0.0831640     0.0013059     0.0012042     0.0000626     0.0000390     0.0000000     0.0000000     0.0000000     0.0000000     0.0000000 
          41.            0.        2.0000       0.92984        3.6634        4.0228        3.3547        3.0221         0.279       29.5416     0.0827550     0.0012699     0.0011694     0.0000623     0.0000382     0.0000000     0.0000000     0.0000000     0.0000000     0.0000000 
          42.            0.        2.0000       0.92766        3.6649        4.0229        3.3576        3.0267         0.282       29.5277     0.0823741     0.0012405     0.0011409     0.0000620     0.0000375     0.0000000     0.0000000     0.0000000     0.0000000     0.0000000 
          42.            0.        2.0000       0.92566        3.6664        4.0229        3.3605        3.0313         0.284       29.5515     0.0820095     0.0012139     0.0011152     0.0000618     0.0000369     0.0000000     0.0000000     0.0000000     0.0000000     0.0000000 
          42.            0.        2.0000       0.92375        3.6679        4.0230        3.3634        3.0358         0.286       29.5883     0.0816567     0.0011890     0.0010911     0.0000616     0.0000363     0.0000000     0.0000000     0.0000000     0.0000000     0.0000000 
          43.            0.        2.0000       0.92190        3.6694        4.0231        3.3662        3.0403         0.289       29.6296     0.0813141     0.0011651     0.0010680     0.0000614     0.0000357     0.0000000     0.0000000     0.0000000     0.0000000     0.0000000 
          44.            0.        2.0000       0.92009        3.6708        4.0232        3.3689        3.0447         0.291       29.6727     0.0809807     0.0011422     0.0010458     0.0000612     0.0000352     0.0000000     0.0000000     0.0000000     0.0000000     0.0000000 
          44.            0.        2.0000       0.91833        3.6722        4.0232        3.3716        3.0489         0.293       29.7165     0.0806559     0.0011201     0.0010245     0.0000610     0.0000347     0.0000000     0.0000000     0.0000000     0.0000000     0.0000000 
          44.            0.        2.0000       0.91660        3.6736        4.0233        3.3742        3.0531         0.296       29.7606     0.0803393     0.0010989     0.0010039     0.0000608     0.0000342     0.0000000     0.0000000     0.0000000     0.0000000     0.0000000 
          45.            0.        2.0000       0.91490        3.6750        4.0234        3.3768        3.0572         0.298       29.8049     0.0800306     0.0010783     0.0009841     0.0000606     0.0000337     0.0000000     0.0000000     0.0000000     0.0000000     0.0000000 
          46.            0.        2.0000       0.91324        3.6763        4.0234        3.3793        3.0612         0.300       29.8495     0.0797295     0.0010585     0.0009649     0.0000604     0.0000332     0.0000000     0.0000000     0.0000000     0.0000000     0.0000000 
          46.            0.        2.0000       0.91161        3.6776        4.0235        3.3818        3.0651         0.301       29.8941     0.0794357     0.0010393     0.0009464     0.0000602     0.0000327     0.0000000     0.0000000     0.0000000     0.0000000     0.0000000 
          46.            0.        2.0000       0.91001        3.6789        4.0236        3.3842        3.0690         0.303       29.9389     0.0791490     0.0010208     0.0009285     0.0000600     0.0000323     0.0000000     0.0000000     0.0000000     0.0000000     0.0000000 
          47.            0.        2.0000       0.90844        3.6801        4.0236        3.3866        3.0727         0.305       29.9838     0.0788691     0.0010029     0.0009112     0.0000599     0.0000318     0.0000000     0.0000000     0.0000000     0.0000000     0.0000000 
          48.            0.        2.0000       0.90691        3.6814        4.0237        3.3889        3.0764         0.306       30.0289     0.0785957     0.0009856     0.0008945     0.0000597     0.0000314     0.0000000     0.0000000     0.0000000     0.0000000     0.0000000 
          48.            0.        2.0000       0.90540        3.6826        4.0238        3.3911        3.0800         0.308       30.0742     0.0783288     0.0009688     0.0008783     0.0000595     0.0000310     0.0000000     0.0000000     0.0000000     0.0000000     0.0000000 
          48.            0.        2.0000       0.90392        3.6837        4.0238        3.3934        3.0836         0.309       30.1197     0.0780681     0.0009525     0.0008626     0.0000594     0.0000306     0.0000000     0.0000000     0.0000000     0.0000000     0.0000000 
          49.            0.        2.0000       0.90246        3.6849        4.0239        3.3955        3.0870         0.310       30.1653     0.0778133     0.0009368     0.0008474     0.0000592     0.0000302     0.0000000     0.0000000     0.0000000     0.0000000     0.0000000 
          50.            0.        2.0000       0.90104        3.6860        4.0239        3.3976        3.0904         0.311       30.2113     0.0775644     0.0009216     0.0008327     0.0000590     0.0000299     0.0000000     0.0000000     0.0000000     0.0000000     0.0000000 
          50.            0.        2.0000       0.89964        3.6871        4.0240        3.3997        3.0937         0.313       30.2574     0.0773210     0.0009068     0.0008184     0.0000589     0.0000295     0.0000000     0.0000000     0.0000000     0.0000000     0.0000000 
          50.            0.        2.0000       0.89826        3.6882        4.0241        3.4017        3.0970         0.314       30.3038     0.0770832     0.0008925     0.0008046     0.0000587     0.0000292     0.0000000     0.0000000     0.0000000     0.0000000     0.0000000 
          51.            0.        2.0000       0.89691        3.6893        4.0241        3.4037        3.1002         0.315       30.3505     0.0768506     0.0008786     0.0007912     0.0000586     0.0000288     0.0000000     0.0000000     0.0000000     0.0000000     0.0000000 
          52.            0.        2.0000       0.89559        3.6903        4.0242        3.4057        3.1033         0.316       30.3974     0.0766231     0.0008651     0.0007782     0.0000584     0.0000285     0.0000000     0.0000000     0.0000000     0.0000000     0.0000000 
          52.            0.        2.0000       0.89428        3.6913        4.0242        3.4076        3.1064         0.317       30.4446     0.0764006     0.0008520     0.0007656     0.0000583     0.0000282     0.0000000     0.0000000     0.0000000     0.0000000     0.0000000 
          52.            0.        2.0000       0.89300        3.6923        4.0243        3.4095        3.1093         0.319       30.4920     0.0761830     0.0008393     0.0007533     0.0000581     0.0000279     0.0000000     0.0000000     0.0000000     0.0000000     0.0000000 
          53.            0.        2.0000       0.89174        3.6933        4.0244        3.4113        3.1123         0.320       30.5396     0.0759699     0.0008270     0.0007414     0.0000580     0.0000276     0.0000000     0.0000000     0.0000000     0.0000000     0.0000000 
          54.            0.        2.0000       0.89050        3.6943        4.0244        3.4131        3.1152         0.321       30.5874     0.0757614     0.0008150     0.0007299     0.0000578     0.0000273     0.0000000     0.0000000     0.0000000     0.0000000     0.0000000 
          54.            0.        2.0000       0.88929        3.6952        4.0245        3.4149        3.1180         0.322       30.6354     0.0755572     0.0008033     0.0007187     0.0000577     0.0000270     0.0000000     0.0000000     0.0000000     0.0000000     0.0000000 
          54.            0.        2.0000       0.88809        3.6962        4.0245        3.4166        3.1207         0.324       30.6836     0.0753573     0.0007920     0.0007077     0.0000576     0.0000267     0.0000000     0.0000000     0.0000000     0.0000000     0.0000000 
          55.            0.        2.0000       0.88691        3.6971        4.0246        3.4183        3.1235         0.325       30.7319     0.0751615     0.0007810     0.0006971     0.0000574     0.0000264     0.0000000     0.0000000     0.0000000     0.0000000     0.0000000 
          56.            0.        2.0000       0.88575        3.6980        4.0246        3.4199        3.1261         0.327       30.7803     0.0749697     0.0007703     0.0006868     0.0000573     0.0000262     0.0000000     0.0000000     0.0000000     0.0000000     0.0000000 
          56.            0.        2.0000       0.88461        3.6989        4.0247        3.4216        3.1287         0.328       30.8288     0.0747816     0.0007598     0.0006767     0.0000572     0.0000259     0.0000000     0.0000000     0.0000000     0.0000000     0.0000000 
          56.            0.        2.0000       0.88349        3.6997        4.0248        3.4232        3.1313         0.330       30.8773     0.0745974     0.0007497     0.0006670     0.0000571     0.0000256     0.0000000     0.0000000     0.0000000     0.0000000     0.0000000 
          57.            0.        2.0000       0.88239        3.7006        4.0248        3.4247        3.1338         0.331       30.9260     0.0744167     0.0007398     0.0006574     0.0000569     0.0000254     0.0000000     0.0000000     0.0000000     0.0000000     0.0000000 
          58.            0.        2.0000       0.88130        3.7014        4.0249        3.4263        3.1363         0.332       30.9750     0.0742397     0.0007301     0.0006482     0.0000568     0.0000252     0.0000000     0.0000000     0.0000000     0.0000000     0.0000000 
          58.            0.        2.0000       0.88024        3.7022        4.0249        3.4278        3.1387         0.334       31.0247     0.0740663     0.0007208     0.0006392     0.0000567     0.0000249     0.0000000     0.0000000     0.0000000     0.0000000     0.0000000 
          58.            0.        2.0000       0.87921        3.7031        4.0250        3.4293        3.1411         0.335       31.0766     0.0738970     0.0007119     0.0006306     0.0000566     0.0000247     0.0000000     0.0000000     0.0000000     0.0000000     0.0000000 
          59.            0.        2.0000       0.87826        3.7039        4.0250        3.4309        3.1435         0.336       31.1339     0.0737335     0.0007036     0.0006226     0.0000565     0.0000245     0.0000000     0.0000000     0.0000000     0.0000000     0.0000000 
          60.            0.        2.0000       0.87750        3.7049        4.0251        3.4325        3.1461         0.336       31.2081     0.0735805     0.0006970     0.0006163     0.0000564     0.0000243     0.0000000     0.0000000     0.0000000     0.0000000     0.0000000 
          60.            0.        2.0000       0.88245        3.7066        4.0249        3.4365        3.1530         0.339       32.4587     0.0737622     0.0007377     0.0006556     0.0000571     0.0000250     0.0000000     0.0000000     0.0000000     0.0000000     0.0000000 
          60.            0.        3.0000       0.87402        3.6665        4.0174        3.3934        3.1133         0.288       34.6422     0.0669197     0.0000455     0.0000012     0.0000283     0.0000160     0.0000000     0.0000000     0.0000000     0.0000000     0.0000000 
          61.            0.        4.0000       0.88069        3.6470        4.0111        3.3779        3.1045         0.215       35.8515     0.0639711     0.0000296     0.0000000     0.0000162     0.0000133     0.0000000     0.0000000     0.0000000     0.0000000     0.0000000 
          62.            0.        5.0000       0.89045        3.6397        4.0063        3.3756        3.1077         0.166       36.3383     0.0624302     0.0000222     0.0000000     0.0000100     0.0000122     0.0000000     0.0000000     0.0000000     0.0000000     0.0000000 
          62.            0.        6.0000       0.89997        3.6388        4.0030        3.3792        3.1152         0.136       36.3790     0.0615430     0.0000181     0.0000000     0.0000063     0.0000118     0.0000000     0.0000000     0.0000000     0.0000000     0.0000000 
          62.            0.        7.0000       0.90825        3.6410        4.0013        3.3848        3.1236         0.118       36.1793     0.0610065     0.0000156     0.0000000     0.0000041     0.0000115     0.0000000     0.0000000     0.0000000     0.0000000     0.0000000 
          63.            0.        8.0000       0.91505        3.6445        4.0009        3.3908        3.1316         0.106       35.8795     0.0606694     0.0000141     0.0000000     0.0000027     0.0000114     0.0000000     0.0000000     0.0000000     0.0000000     0.0000000 
          64.            0.        9.0000       0.92043        3.6483        4.0014        3.3964        3.1385         0.099       35.5657     0.0604496     0.0000132     0.0000000     0.0000018     0.0000114     0.0000000     0.0000000     0.0000000     0.0000000     0.0000000 
          64.            0.       10.0000       0.92458        3.6519        4.0024        3.4012        3.1443         0.094       35.2820     0.0603008     0.0000126     0.0000000     0.0000012     0.0000114     0.0000000     0.0000000     0.0000000     0.0000000     0.0000000 
          64.            0.       11.0000       0.92771        3.6551        4.0035        3.4052        3.1489         0.091       35.0441     0.0601938     0.0000122     0.0000000     0.0000008     0.0000114     0.0000000     0.0000000     0.0000000     0.0000000     0.0000000 
          65.            0.       12.0000       0.93003        3.6578        4.0046        3.4085        3.1526         0.089       34.8528     0.0601143     0.0000119     0.0000000     0.0000005     0.0000114     0.0000000     0.0000000     0.0000000     0.0000000     0.0000000 
          66.            0.       13.0000       0.93172        3.6601        4.0056        3.4111        3.1555         0.088       34.7021     0.0600510     0.0000117     0.0000000     0.0000004     0.0000114     0.0000000     0.0000000     0.0000000     0.0000000     0.0000000 
          66.            0.       14.0000       0.93293        3.6619        4.0064        3.4131        3.1578         0.088       34.5846     0.0600003     0.0000116     0.0000000     0.0000002     0.0000114     0.0000000     0.0000000     0.0000000     0.0000000     0.0000000 
          66.            0.       15.0000       0.93378        3.6634        4.0070        3.4147        3.1596         0.088       34.4931     0.0599566     0.0000115     0.0000000     0.0000002     0.0000113     0.0000000     0.0000000     0.0000000     0.0000000     0.0000000 
          67.            0.       16.0000       0.93437        3.6646        4.0075        3.4160        3.1610         0.088       34.4218     0.0599202     0.0000114     0.0000000     0.0000001     0.0000113     0.0000000     0.0000000     0.0000000     0.0000000     0.0000000 
          68.            0.       17.0000       0.93479        3.6655        4.0078        3.4170        3.1622         0.088       34.3667     0.0598883     0.0000114     0.0000000     0.0000001     0.0000113     0.0000000     0.0000000     0.0000000     0.0000000     0.0000000 
          68.            0.       18.0000       0.93507        3.6663        4.0081        3.4178        3.1631         0.089       34.3239     0.0598597     0.0000114     0.0000000     0.0000001     0.0000113     0.0000000     0.0000000     0.0000000     0.0000000     0.0000000 
          68.            0.       19.0000       0.93525        3.6669        4.0083        3.4184        3.1639         0.089       34.2911     0.0598325     0.0000113     0.0000000     0.0000000     0.0000113     0.0000000     0.0000000     0.0000000     0.0000000     0.0000000 
          69.            0.       20.0000       0.93538        3.6674        4.0084        3.4190        3.1646         0.090       34.2666     0.0598087     0.0000113     0.0000000     0.0000000     0.0000113     0.0000000     0.0000000     0.0000000     0.0000000     0.0000000 
          70.            0.       20.0000       0.93529        3.6674        4.0083        3.4191        3.1648         0.091       34.2567     0.0597927     0.0000113     0.0000000     0.0000000     0.0000113     0.0000000     0.0000000     0.0000000     0.0000000     0.0000000 
          70.            0.       20.0000       0.93526        3.6675        4.0083        3.4193        3.1652         0.092       34.2573     0.0597765     0.0000113     0.0000000     0.0000000     0.0000113     0.0000000     0.0000000     0.0000000     0.0000000     0.0000000 
          70.            0.       20.0000       0.93522        3.6676        4.0084        3.4195        3.1656         0.093       34.2573     0.0597605     0.0000113     0.0000000     0.0000000     0.0000113     0.0000000     0.0000000     0.0000000     0.0000000     0.0000000 
          71.            0.       20.0000       0.93519        3.6677        4.0084        3.4197        3.1659         0.094       34.2570     0.0597445     0.0000113     0.0000000     0.0000000     0.0000113     0.0000000     0.0000000     0.0000000     0.0000000     0.0000000 
          72.            0.       20.0000       0.93516        3.6678        4.0084        3.4199        3.1663         0.095       34.2567     0.0597286     0.0000113     0.0000000     0.0000000     0.0000112     0.0000000     0.0000000     0.0000000     0.0000000     0.0000000 
          72.            0.       20.0000       0.93512        3.6678        4.0084        3.4201        3.1667         0.096       34.2564     0.0597129     0.0000113     0.0000000     0.0000000     0.0000112     0.0000000     0.0000000     0.0000000     0.0000000     0.0000000 
          72.            0.       20.0000       0.93509        3.6679        4.0084        3.4203        3.1670         0.097       34.2561     0.0596973     0.0000113     0.0000000     0.0000000     0.0000112     0.0000000     0.0000000     0.0000000     0.0000000     0.0000000 
          73.            0.       20.0000       0.93505        3.6680        4.0084        3.4205        3.1674         0.098       34.2558     0.0596817     0.0000113     0.0000000     0.0000000     0.0000112     0.0000000     0.0000000     0.0000000     0.0000000     0.0000000 
          74.            0.       20.0000       0.93502        3.6681        4.0084        3.4207        3.1677         0.099       34.2555     0.0596662     0.0000113     0.0000000     0.0000000     0.0000112     0.0000000     0.0000000     0.0000000     0.0000000     0.0000000 
          74.            0.       20.0000       0.93498        3.6682        4.0084        3.4209        3.1681         0.100       34.2552     0.0596509     0.0000112     0.0000000     0.0000000     0.0000112     0.0000000     0.0000000     0.0000000     0.0000000     0.0000000 
          74.            0.       20.0000       0.93495        3.6683        4.0084        3.4211        3.1684         0.102       34.2549     0.0596357     0.0000112     0.0000000     0.0000000     0.0000112     0.0000000     0.0000000     0.0000000     0.0000000     0.0000000 
          75.            0.       20.0000       0.93492        3.6684        4.0084        3.4213        3.1688         0.103       34.2547     0.0596205     0.0000112     0.0000000     0.0000000     0.0000112     0.0000000     0.0000000     0.0000000     0.0000000     0.0000000 
          76.            0.       20.0000       0.93488        3.6685        4.0084        3.4214        3.1691         0.104       34.2544     0.0596055     0.0000112     0.0000000     0.0000000     0.0000112     0.0000000     0.0000000     0.0000000     0.0000000     0.0000000 
          76.            0.       20.0000       0.93485        3.6686        4.0084        3.4216        3.1695         0.105       34.2542     0.0595906     0.0000112     0.0000000     0.0000000     0.0000112     0.0000000     0.0000000     0.0000000     0.0000000     0.0000000 
          76.            0.       20.0000       0.93482        3.6687        4.0084        3.4218        3.1698         0.106       34.2539     0.0595757     0.0000112     0.0000000     0.0000000     0.0000112     0.0000000     0.0000000     0.0000000     0.0000000     0.0000000 
          77.            0.       20.0000       0.93479        3.6687        4.0084        3.4220        3.1701         0.107       34.2537     0.0595610     0.0000112     0.0000000     0.0000000     0.0000112     0.0000000     0.0000000     0.0000000     0.0000000     0.0000000 
          78.            0.       20.0000       0.93475        3.6688        4.0084        3.4222        3.1705         0.109       34.2535     0.0595463     0.0000112     0.0000000     0.0000000     0.0000112     0.0000000     0.0000000     0.0000000     0.0000000     0.0000000 
          78.            0.       20.0000       0.93472        3.6689        4.0084        3.4224        3.1708         0.110       34.2533     0.0595318     0.0000112     0.0000000     0.0000000     0.0000112     0.0000000     0.0000000     0.0000000     0.0000000     0.0000000 
          78.            0.       20.0000       0.93469        3.6690        4.0084        3.4226        3.1711         0.111       34.2531     0.0595173     0.0000112     0.0000000     0.0000000     0.0000112     0.0000000     0.0000000     0.0000000     0.0000000     0.0000000 
          79.            0.       20.0000       0.93466        3.6691        4.0084        3.4227        3.1715         0.112       34.2529     0.0595030     0.0000112     0.0000000     0.0000000     0.0000112     0.0000000     0.0000000     0.0000000     0.0000000     0.0000000 
          80.            0.       20.0000       0.93462        3.6692        4.0084        3.4229        3.1718         0.114       34.2528     0.0594887     0.0000112     0.0000000     0.0000000     0.0000112     0.0000000     0.0000000     0.0000000     0.0000000     0.0000000 
          80.            0.       20.0000       0.93459        3.6693        4.0084        3.4231        3.1721         0.115       34.2526     0.0594746     0.0000112     0.0000000     0.0000000     0.0000111     0.0000000     0.0000000     0.0000000     0.0000000     0.0000000 
          80.            0.       20.0000       0.93456        3.6693        4.0084        3.4233        3.1724         0.116       34.2525     0.0594605     0.0000112     0.0000000     0.0000000     0.0000111     0.0000000     0.0000000     0.0000000     0.0000000     0.0000000 
          81.            0.       20.0000       0.93453        3.6694        4.0084        3.4234        3.1727         0.117       34.2524     0.0594466     0.0000112     0.0000000     0.0000000     0.0000111     0.0000000     0.0000000     0.0000000     0.0000000     0.0000000 
          82.            0.       20.0000       0.93450        3.6695        4.0084        3.4236        3.1731         0.119       34.2523     0.0594327     0.0000112     0.0000000     0.0000000     0.0000111     0.0000000     0.0000000     0.0000000     0.0000000     0.0000000 
          82.            0.       20.0000       0.93447        3.6696        4.0084        3.4238        3.1734         0.120       34.2522     0.0594190     0.0000112     0.0000000     0.0000000     0.0000111     0.0000000     0.0000000     0.0000000     0.0000000     0.0000000 
          82.            0.       20.0000       0.93444        3.6697        4.0084        3.4240        3.1737         0.121       34.2521     0.0594053     0.0000112     0.0000000     0.0000000     0.0000111     0.0000000     0.0000000     0.0000000     0.0000000     0.0000000 
          83.            0.       20.0000       0.93441        3.6697        4.0084        3.4241        3.1740         0.123       34.2520     0.0593917     0.0000111     0.0000000     0.0000000     0.0000111     0.0000000     0.0000000     0.0000000     0.0000000     0.0000000 
          84.            0.       20.0000       0.93438        3.6698        4.0084        3.4243        3.1743         0.124       34.2520     0.0593782     0.0000111     0.0000000     0.0000000     0.0000111     0.0000000     0.0000000     0.0000000     0.0000000     0.0000000 
          84.            0.       20.0000       0.93435        3.6699        4.0084        3.4245        3.1746         0.125       34.2520     0.0593648     0.0000111     0.0000000     0.0000000     0.0000111     0.0000000     0.0000000     0.0000000     0.0000000     0.0000000 
          84.            0.       20.0000       0.93432        3.6700        4.0084        3.4246        3.1749         0.127       34.2519     0.0593514     0.0000111     0.0000000     0.0000000     0.0000111     0.0000000     0.0000000     0.0000000     0.0000000     0.0000000 
          85.            0.       20.0000       0.93429        3.6701        4.0084        3.4248        3.1752         0.128       34.2519     0.0593382     0.0000111     0.0000000     0.0000000     0.0000111     0.0000000     0.0000000     0.0000000     0.0000000     0.0000000 
          86.            0.       20.0000       0.93426        3.6701        4.0084        3.4250        3.1755         0.130       34.2520     0.0593250     0.0000111     0.0000000     0.0000000     0.0000111     0.0000000     0.0000000     0.0000000     0.0000000     0.0000000 
          86.            0.       20.0000       0.93423        3.6702        4.0084        3.4251        3.1758         0.131       34.2520     0.0593120     0.0000111     0.0000000     0.0000000     0.0000111     0.0000000     0.0000000     0.0000000     0.0000000     0.0000000 
          86.            0.       20.0000       0.93420        3.6703        4.0084        3.4253        3.1761         0.132       34.2520     0.0592990     0.0000111     0.0000000     0.0000000     0.0000111     0.0000000     0.0000000     0.0000000     0.0000000     0.0000000 
          87.            0.       20.0000       0.93417        3.6704        4.0084        3.4255        3.1764         0.134       34.2521     0.0592861     0.0000111     0.0000000     0.0000000     0.0000111     0.0000000     0.0000000     0.0000000     0.0000000     0.0000000 
          88.            0.       20.0000       0.93414        3.6704        4.0084        3.4256        3.1767         0.135       34.2522     0.0592733     0.0000111     0.0000000     0.0000000     0.0000111     0.0000000     0.0000000     0.0000000     0.0000000     0.0000000 
          88.            0.       20.0000       0.93411        3.6705        4.0084        3.4258        3.1770         0.137       34.2523     0.0592606     0.0000111     0.0000000     0.0000000     0.0000111     0.0000000     0.0000000     0.0000000     0.0000000     0.0000000 
          88.            0.       20.0000       0.93408        3.6706        4.0084        3.4259        3.1773         0.138       34.2524     0.0592479     0.0000111     0.0000000     0.0000000     0.0000111     0.0000000     0.0000000     0.0000000     0.0000000     0.0000000 
          89.            0.       20.0000       0.93405        3.6707        4.0084        3.4261        3.1776         0.140       34.2525     0.0592354     0.0000111     0.0000000     0.0000000     0.0000111     0.0000000     0.0000000     0.0000000     0.0000000     0.0000000 
          90.            0.       20.0000       0.93403        3.6707        4.0084        3.4263        3.1779         0.141       34.2526     0.0592229     0.0000111     0.0000000     0.0000000     0.0000110     0.0000000     0.0000000     0.0000000     0.0000000     0.0000000 
          90.            0.       20.0000       0.93400        3.6708        4.0085        3.4264        3.1782         0.143       34.2528     0.0592105     0.0000111     0.0000000     0.0000000     0.0000110     0.0000000     0.0000000     0.0000000     0.0000000     0.0000000 
          90.            0.       20.0000       0.93397        3.6709        4.0085        3.4266        3.1784         0.144       34.2529     0.0591981     0.0000111     0.0000000     0.0000000     0.0000110     0.0000000     0.0000000     0.0000000     0.0000000     0.0000000 
          91.            0.       20.0000       0.93394        3.6710        4.0085        3.4267        3.1787         0.146       34.2531     0.0591859     0.0000111     0.0000000     0.0000000     0.0000110     0.0000000     0.0000000     0.0000000     0.0000000     0.0000000 
          92.            0.       20.0000       0.93392        3.6710        4.0085        3.4269        3.1790         0.147       34.2533     0.0591737     0.0000111     0.0000000     0.0000000     0.0000110     0.0000000     0.0000000     0.0000000     0.0000000     0.0000000 
          92.            0.       20.0000       0.93389        3.6711        4.0085        3.4270        3.1793         0.149       34.2535     0.0591616     0.0000111     0.0000000     0.0000000     0.0000110     0.0000000     0.0000000     0.0000000     0.0000000     0.0000000 
          92.            0.       20.0000       0.93386        3.6712        4.0085        3.4272        3.1796         0.150       34.2537     0.0591496     0.0000110     0.0000000     0.0000000     0.0000110     0.0000000     0.0000000     0.0000000     0.0000000     0.0000000 
          93.            0.       20.0000       0.93384        3.6712        4.0085        3.4273        3.1798         0.152       34.2540     0.0591376     0.0000110     0.0000000     0.0000000     0.0000110     0.0000000     0.0000000     0.0000000     0.0000000     0.0000000 
          94.            0.       20.0000       0.93381        3.6713        4.0085        3.4275        3.1801         0.153       34.2543     0.0591258     0.0000110     0.0000000     0.0000000     0.0000110     0.0000000     0.0000000     0.0000000     0.0000000     0.0000000 
          94.            0.       20.0000       0.93378        3.6714        4.0085        3.4276        3.1804         0.155       34.2545     0.0591139     0.0000110     0.0000000     0.0000000     0.0000110     0.0000000     0.0000000     0.0000000     0.0000000     0.0000000 
          94.            0.       20.0000       0.93376        3.6714        4.0085        3.4278        3.1807         0.157       34.2548     0.0591022     0.0000110     0.0000000     0.0000000     0.0000110     0.0000000     0.0000000     0.0000000     0.0000000     0.0000000 
          95.            0.       20.0000       0.93373        3.6715        4.0085        3.4279        3.1809         0.158       34.2551     0.0590905     0.0000110     0.0000000     0.0000000     0.0000110     0.0000000     0.0000000     0.0000000     0.0000000     0.0000000 
          96.            0.       20.0000       0.93370        3.6716        4.0085        3.4281        3.1812         0.160       34.2554     0.0590789     0.0000110     0.0000000     0.0000000     0.0000110     0.0000000     0.0000000     0.0000000     0.0000000     0.0000000 
          96.            0.       20.0000       0.93368        3.6717        4.0085        3.4282        3.1815         0.161       34.2558     0.0590673     0.0000110     0.0000000     0.0000000     0.0000110     0.0000000     0.0000000     0.0000000     0.0000000     0.0000000 
          96.            0.       20.0000       0.93365        3.6717        4.0085        3.4284        3.1817         0.163       34.2561     0.0590559     0.0000110     0.0000000     0.0000000     0.0000110     0.0000000     0.0000000     0.0000000     0.0000000     0.0000000 
          97.            0.       20.0000       0.93363        3.6718        4.0085        3.4285        3.1820         0.165       34.2565     0.0590445     0.0000110     0.0000000     0.0000000     0.0000110     0.0000000     0.0000000     0.0000000     0.0000000     0.0000000 
          98.            0.       20.0000       0.93360        3.6719        4.0085        3.4287        3.1823         0.166       34.2569     0.0590331     0.0000110     0.0000000     0.0000000     0.0000110     0.0000000     0.0000000     0.0000000     0.0000000     0.0000000 
          98.            0.       20.0000       0.93358        3.6719        4.0085        3.4288        3.1825         0.168       34.2573     0.0590218     0.0000110     0.0000000     0.0000000     0.0000110     0.0000000     0.0000000     0.0000000     0.0000000     0.0000000 
          98.            0.       20.0000       0.93355        3.6720        4.0085        3.4290        3.1828         0.169       34.2577     0.0590106     0.0000110     0.0000000     0.0000000     0.0000110     0.0000000     0.0000000     0.0000000     0.0000000     0.0000000 
          99.            0.       20.0000       0.93353        3.6721        4.0085        3.4291        3.1830         0.171       34.2581     0.0589995     0.0000110     0.0000000     0.0000000     0.0000110     0.0000000     0.0000000     0.0000000     0.0000000     0.0000000 
         100.            0.       20.0000       0.93351        3.6721        4.0085        3.4293        3.1833         0.173       34.2585     0.0589883     0.0000110     0.0000000     0.0000000     0.0000110     0.0000000     0.0000000     0.0000000     0.0000000     0.0000000 
         100.            0.       20.0000       0.93348        3.6722        4.0085        3.4294        3.1835         0.174       34.2590     0.0589773     0.0000110     0.0000000     0.0000000     0.0000110     0.0000000     0.0000000     0.0000000     0.0000000     0.0000000 
