%
%
% Run:2017  Table:COMPGRID          SWAN version:41.10A
%
%       Xp            Yp            Depth         Hsig          Tm_10         TPsmoo        Tm01          Tm02          Dir           Dspr          Steepn        Dissip        Ssurf         Sfric         Swcap         Redist        Snl3          Snl4          Genera        Swind    
%       [m]           [m]           [m]           [m]           [sec]         [sec]         [sec]         [sec]         [degr]        [degr]        [ ]           [m2/s]        [m2/s]        [m2/s]        [m2/s]        [m2/s]        [m2/s]        [m2/s]        [m2/s]        [m2/s]   
%
           0.            0.       19.0000       0.75384        7.2052        8.0132        6.5716        5.8783         0.029       31.9023     0.0147656     0.0000000     0.0000000     0.0000000     0.0000000     0.0000000     0.0000000     0.0000000     0.0000000     0.0000000 
           0.            0.       19.0000       0.75384        7.2052        8.0131        6.5716        5.8783         0.029       31.9022     0.0147656     0.0000020     0.0000000     0.0000020     0.0000000     0.0000000     0.0000000     0.0000000     0.0000000     0.0000000 
           1.            0.       19.0000       0.75384        7.2052        8.0131        6.5716        5.8783         0.029       31.9021     0.0147655     0.0000020     0.0000000     0.0000020     0.0000000     0.0000000     0.0000000     0.0000000     0.0000000     0.0000000 
           2.            0.       19.0000       0.75384        7.2052        8.0131        6.5716        5.8783         0.029       31.9021     0.0147655     0.0000020     0.0000000     0.0000020     0.0000000     0.0000000     0.0000000     0.0000000     0.0000000     0.0000000 
           2.            0.       19.0000       0.75384        7.2052        8.0131        6.5716        5.8783         0.029       31.9020     0.0147655     0.0000020     0.0000000     0.0000020     0.0000000     0.0000000     0.0000000     0.0000000     0.0000000     0.0000000 
           2.            0.       19.0000       0.75383        7.2052        8.0131        6.5716        5.8783         0.029       31.9020     0.0147655     0.0000020     0.0000000     0.0000020     0.0000000     0.0000000     0.0000000     0.0000000     0.0000000     0.0000000 
           3.            0.       19.0000       0.75383        7.2052        8.0131        6.5716        5.8783         0.029       31.9019     0.0147654     0.0000020     0.0000000     0.0000020     0.0000000     0.0000000     0.0000000     0.0000000     0.0000000     0.0000000 
           4.            0.       19.0000       0.75383        7.2052        8.0131        6.5716        5.8783         0.029       31.9018     0.0147654     0.0000020     0.0000000     0.0000020     0.0000000     0.0000000     0.0000000     0.0000000     0.0000000     0.0000000 
           4.            0.       19.0000       0.75383        7.2052        8.0131        6.5716        5.8783         0.029       31.9018     0.0147654     0.0000020     0.0000000     0.0000020     0.0000000     0.0000000     0.0000000     0.0000000     0.0000000     0.0000000 
           4.            0.       19.0000       0.75383        7.2052        8.0131        6.5716        5.8783         0.029       31.9017     0.0147654     0.0000020     0.0000000     0.0000020     0.0000000     0.0000000     0.0000000     0.0000000     0.0000000     0.0000000 
           5.            0.       19.0000       0.75382        7.2052        8.0131        6.5716        5.8783         0.029       31.9016     0.0147654     0.0000020     0.0000000     0.0000020     0.0000000     0.0000000     0.0000000     0.0000000     0.0000000     0.0000000 
           6.            0.       19.0000       0.75382        7.2052        8.0131        6.5716        5.8783         0.028       31.9016     0.0147653     0.0000020     0.0000000     0.0000020     0.0000000     0.0000000     0.0000000     0.0000000     0.0000000     0.0000000 
           6.            0.       19.0000       0.75382        7.2052        8.0131        6.5716        5.8783         0.028       31.9015     0.0147653     0.0000020     0.0000000     0.0000020     0.0000000     0.0000000     0.0000000     0.0000000     0.0000000     0.0000000 
           6.            0.       19.0000       0.75382        7.2052        8.0131        6.5716        5.8783         0.028       31.9014     0.0147653     0.0000020     0.0000000     0.0000020     0.0000000     0.0000000     0.0000000     0.0000000     0.0000000     0.0000000 
           7.            0.       19.0000       0.75382        7.2052        8.0131        6.5716        5.8783         0.028       31.9014     0.0147653     0.0000020     0.0000000     0.0000020     0.0000000     0.0000000     0.0000000     0.0000000     0.0000000     0.0000000 
           8.            0.       19.0000       0.75381        7.2052        8.0131        6.5715        5.8783         0.028       31.9013     0.0147653     0.0000020     0.0000000     0.0000020     0.0000000     0.0000000     0.0000000     0.0000000     0.0000000     0.0000000 
           8.            0.       19.0000       0.75381        7.2052        8.0131        6.5715        5.8783         0.028       31.9013     0.0147652     0.0000020     0.0000000     0.0000020     0.0000000     0.0000000     0.0000000     0.0000000     0.0000000     0.0000000 
           8.            0.       19.0000       0.75381        7.2052        8.0131        6.5715        5.8783         0.028       31.9012     0.0147652     0.0000020     0.0000000     0.0000020     0.0000000     0.0000000     0.0000000     0.0000000     0.0000000     0.0000000 
           9.            0.       19.0000       0.75381        7.2052        8.0131        6.5715        5.8783         0.028       31.9012     0.0147652     0.0000020     0.0000000     0.0000020     0.0000000     0.0000000     0.0000000     0.0000000     0.0000000     0.0000000 
          10.            0.       19.0000       0.75381        7.2051        8.0131        6.5715        5.8783         0.028       31.9012     0.0147652     0.0000020     0.0000000     0.0000020     0.0000000     0.0000000     0.0000000     0.0000000     0.0000000     0.0000000 
          10.            0.       19.0000       0.75381        7.2051        8.0131        6.5715        5.8783         0.028       31.9015     0.0147652     0.0000020     0.0000000     0.0000020     0.0000000     0.0000000     0.0000000     0.0000000     0.0000000     0.0000000 
          10.            0.       19.0000       0.75381        7.2051        8.0131        6.5715        5.8783         0.028       31.9024     0.0147652     0.0000020     0.0000000     0.0000020     0.0000000     0.0000000     0.0000000     0.0000000     0.0000000     0.0000000 
          11.            0.       19.0000       0.75279        7.2029        8.0128        6.5686        5.8748         0.030       31.6667     0.0147609     0.0000020     0.0000000     0.0000020     0.0000000     0.0000000     0.0000000     0.0000000     0.0000000     0.0000000 
          12.            0.       18.0000       0.74907        7.2022        8.0148        6.5637        5.8662         0.031       31.1869     0.0148296     0.0000022     0.0000000     0.0000022     0.0000000     0.0000000     0.0000000     0.0000000     0.0000000     0.0000000 
          12.            0.       17.0000       0.74523        7.2023        8.0169        6.5594        5.8578         0.034       30.6334     0.0149080     0.0000025     0.0000000     0.0000025     0.0000000     0.0000000     0.0000000     0.0000000     0.0000000     0.0000000 
          12.            0.       16.0000       0.74160        7.2042        8.0194        6.5569        5.8509         0.037       30.0197     0.0149995     0.0000028     0.0000000     0.0000028     0.0000000     0.0000000     0.0000000     0.0000000     0.0000000     0.0000000 
          13.            0.       15.0000       0.73835        7.2082        8.0220        6.5568        5.8462         0.040       29.3788     0.0151077     0.0000032     0.0000000     0.0000032     0.0000000     0.0000000     0.0000000     0.0000000     0.0000000     0.0000000 
          14.            0.       14.0000       0.73557        7.2146        8.0249        6.5594        5.8441         0.042       28.7564     0.0152363     0.0000037     0.0000000     0.0000037     0.0000000     0.0000000     0.0000000     0.0000000     0.0000000     0.0000000 
          14.            0.       13.0000       0.73329        7.2233        8.0278        6.5648        5.8448         0.046       28.0935     0.0153916     0.0000042     0.0000000     0.0000042     0.0000000     0.0000000     0.0000000     0.0000000     0.0000000     0.0000000 
          14.            0.       12.0000       0.73166        7.2348        8.0310        6.5737        5.8490         0.049       27.3687     0.0155789     0.0000049     0.0000000     0.0000049     0.0000000     0.0000000     0.0000000     0.0000000     0.0000000     0.0000000 
          15.            0.       11.0000       0.73086        7.2495        8.0343        6.5868        5.8576         0.053       26.5884     0.0158083     0.0000057     0.0000000     0.0000057     0.0000000     0.0000000     0.0000000     0.0000000     0.0000000     0.0000000 
          16.            0.       10.0000       0.73114        7.2676        8.0378        6.6048        5.8716         0.057       25.7829     0.0160934     0.0000067     0.0000000     0.0000067     0.0000000     0.0000000     0.0000000     0.0000000     0.0000000     0.0000000 
          16.            0.        9.0000       0.73281        7.2895        8.0413        6.6287        5.8926         0.061       24.9289     0.0164529     0.0000080     0.0000000     0.0000080     0.0000000     0.0000000     0.0000000     0.0000000     0.0000000     0.0000000 
          16.            0.        8.0000       0.73629        7.3156        8.0449        6.6597        5.9228         0.066       23.9751     0.0169141     0.0000098     0.0000000     0.0000098     0.0000000     0.0000000     0.0000000     0.0000000     0.0000000     0.0000000 
          17.            0.        7.0000       0.74227        7.3466        8.0487        6.6997        5.9657         0.073       22.9209     0.0175193     0.0000122     0.0000000     0.0000121     0.0000000     0.0000000     0.0000000     0.0000000     0.0000000     0.0000000 
          18.            0.        6.0000       0.75174        7.3828        8.0525        6.7511        6.0267         0.079       21.8035     0.0183382     0.0000156     0.0000000     0.0000156     0.0000000     0.0000000     0.0000000     0.0000000     0.0000000     0.0000000 
          18.            0.        5.0000       0.76628        7.4247        8.0562        6.8164        6.1127         0.085       20.5489     0.0195022     0.0000208     0.0000000     0.0000208     0.0000000     0.0000000     0.0000000     0.0000000     0.0000000     0.0000000 
          18.            0.        4.0000       0.78874        7.4718        8.0599        6.8967        6.2287         0.090       19.0788     0.0212949     0.0000295     0.0000000     0.0000294     0.0000001     0.0000000     0.0000000     0.0000000     0.0000000     0.0000000 
          19.            0.        3.0000       0.82485        7.5220        8.0636        6.9878        6.3707         0.090       17.4377     0.0243932     0.0000460     0.0000001     0.0000458     0.0000001     0.0000000     0.0000000     0.0000000     0.0000000     0.0000000 
          20.            0.        2.0000       0.88801        7.5720        8.0672        7.0816        6.5247         0.082       15.3909     0.0306273     0.0004250     0.0003399     0.0000846     0.0000004     0.0000000     0.0000000     0.0000000     0.0000000     0.0000000 
          20.            0.        1.0000       1.01423        7.6184        8.0708        7.1695        6.6739         0.065       13.9124     0.0474027     0.0173561     0.0171187     0.0002341     0.0000034     0.0000000     0.0000000     0.0000000     0.0000000     0.0000000 
          20.            0.        1.0000       0.99318        7.6216        8.0710        7.1754        6.6840         0.055       13.5988     0.0463555     0.0159313     0.0157039     0.0002245     0.0000030     0.0000000     0.0000000     0.0000000     0.0000000     0.0000000 
          21.            0.        1.0000       0.97270        7.6241        8.0712        7.1802        6.6922         0.056       13.6733     0.0453495     0.0146156     0.0143976     0.0002154     0.0000026     0.0000000     0.0000000     0.0000000     0.0000000     0.0000000 
          22.            0.        1.0000       0.95321        7.6263        8.0713        7.1844        6.6995         0.057       13.8605     0.0443977     0.0134261     0.0132169     0.0002069     0.0000023     0.0000000     0.0000000     0.0000000     0.0000000     0.0000000 
          22.            0.        1.0000       0.93485        7.6283        8.0715        7.1882        6.7062         0.059       14.0899     0.0435031     0.0123596     0.0121586     0.0001990     0.0000021     0.0000000     0.0000000     0.0000000     0.0000000     0.0000000 
          22.            0.        1.0000       0.91759        7.6302        8.0716        7.1919        6.7126         0.061       14.3368     0.0426635     0.0114046     0.0112110     0.0001917     0.0000018     0.0000000     0.0000000     0.0000000     0.0000000     0.0000000 
          23.            0.        1.0000       0.90136        7.6321        8.0718        7.1954        6.7187         0.063       14.5923     0.0418752     0.0105480     0.0103614     0.0001850     0.0000017     0.0000000     0.0000000     0.0000000     0.0000000     0.0000000 
          24.            0.        1.0000       0.88609        7.6338        8.0719        7.1987        6.7244         0.064       14.8529     0.0411342     0.0097782     0.0095979     0.0001788     0.0000015     0.0000000     0.0000000     0.0000000     0.0000000     0.0000000 
          24.            0.        1.0000       0.87170        7.6355        8.0721        7.2019        6.7299         0.066       15.1171     0.0404367     0.0090844     0.0089100     0.0001731     0.0000013     0.0000000     0.0000000     0.0000000     0.0000000     0.0000000 
          24.            0.        1.0000       0.85813        7.6371        8.0722        7.2049        6.7352         0.067       15.3840     0.0397791     0.0084577     0.0082887     0.0001678     0.0000012     0.0000000     0.0000000     0.0000000     0.0000000     0.0000000 
          25.            0.        1.0000       0.84530        7.6386        8.0723        7.2078        6.7402         0.069       15.6532     0.0391583     0.0078902     0.0077262     0.0001628     0.0000011     0.0000000     0.0000000     0.0000000     0.0000000     0.0000000 
          26.            0.        1.0000       0.83317        7.6401        8.0724        7.2106        6.7451         0.070       15.9238     0.0385714     0.0073749     0.0072157     0.0001582     0.0000010     0.0000000     0.0000000     0.0000000     0.0000000     0.0000000 
          26.            0.        1.0000       0.82167        7.6416        8.0725        7.2133        6.7497         0.071       16.1958     0.0380159     0.0069061     0.0067513     0.0001538     0.0000009     0.0000000     0.0000000     0.0000000     0.0000000     0.0000000 
          26.            0.        1.0000       0.81077        7.6429        8.0727        7.2159        6.7542         0.072       16.4684     0.0374893     0.0064786     0.0063279     0.0001498     0.0000009     0.0000000     0.0000000     0.0000000     0.0000000     0.0000000 
          27.            0.        1.0000       0.80042        7.6443        8.0728        7.2183        6.7585         0.074       16.7415     0.0369897     0.0060879     0.0059411     0.0001460     0.0000008     0.0000000     0.0000000     0.0000000     0.0000000     0.0000000 
          28.            0.        1.0000       0.79058        7.6455        8.0729        7.2207        6.7626         0.075       17.0147     0.0365149     0.0057301     0.0055869     0.0001424     0.0000007     0.0000000     0.0000000     0.0000000     0.0000000     0.0000000 
          28.            0.        1.0000       0.78121        7.6468        8.0730        7.2230        6.7666         0.076       17.2877     0.0360633     0.0054018     0.0052620     0.0001391     0.0000007     0.0000000     0.0000000     0.0000000     0.0000000     0.0000000 
          28.            0.        1.0000       0.77228        7.6480        8.0731        7.2253        6.7705         0.077       17.5604     0.0356332     0.0051000     0.0049634     0.0001360     0.0000006     0.0000000     0.0000000     0.0000000     0.0000000     0.0000000 
          29.            0.        1.0000       0.76377        7.6491        8.0732        7.2274        6.7742         0.077       17.8323     0.0352233     0.0048221     0.0046885     0.0001330     0.0000006     0.0000000     0.0000000     0.0000000     0.0000000     0.0000000 
          30.            0.        1.0000       0.75564        7.6503        8.0733        7.2295        6.7778         0.078       18.1035     0.0348321     0.0045656     0.0044349     0.0001302     0.0000006     0.0000000     0.0000000     0.0000000     0.0000000     0.0000000 
          30.            0.        1.0000       0.74788        7.6513        8.0734        7.2315        6.7812         0.079       18.3736     0.0344584     0.0043286     0.0042006     0.0001275     0.0000005     0.0000000     0.0000000     0.0000000     0.0000000     0.0000000 
          30.            0.        1.0000       0.74045        7.6524        8.0734        7.2335        6.7846         0.080       18.6425     0.0341011     0.0041092     0.0039837     0.0001250     0.0000005     0.0000000     0.0000000     0.0000000     0.0000000     0.0000000 
          31.            0.        1.0000       0.73334        7.6534        8.0735        7.2353        6.7878         0.080       18.9101     0.0337591     0.0039058     0.0037827     0.0001226     0.0000005     0.0000000     0.0000000     0.0000000     0.0000000     0.0000000 
          32.            0.        1.0000       0.72652        7.6544        8.0736        7.2372        6.7910         0.081       19.1762     0.0334315     0.0037168     0.0035960     0.0001204     0.0000004     0.0000000     0.0000000     0.0000000     0.0000000     0.0000000 
          32.            0.        1.0000       0.71998        7.6554        8.0737        7.2389        6.7940         0.082       19.4407     0.0331175     0.0035411     0.0034225     0.0001182     0.0000004     0.0000000     0.0000000     0.0000000     0.0000000     0.0000000 
          32.            0.        1.0000       0.71370        7.6563        8.0738        7.2407        6.7970         0.082       19.7036     0.0328161     0.0033774     0.0032609     0.0001162     0.0000004     0.0000000     0.0000000     0.0000000     0.0000000     0.0000000 
          33.            0.        1.0000       0.70767        7.6572        8.0739        7.2423        6.7998         0.083       19.9647     0.0325267     0.0032248     0.0031102     0.0001142     0.0000004     0.0000000     0.0000000     0.0000000     0.0000000     0.0000000 
          34.            0.        1.0000       0.70188        7.6581        8.0739        7.2439        6.8026         0.083       20.2240     0.0322486     0.0030822     0.0029695     0.0001124     0.0000004     0.0000000     0.0000000     0.0000000     0.0000000     0.0000000 
          34.            0.        1.0000       0.69630        7.6589        8.0740        7.2455        6.8053         0.084       20.4814     0.0319811     0.0029489     0.0028380     0.0001106     0.0000003     0.0000000     0.0000000     0.0000000     0.0000000     0.0000000 
          34.            0.        1.0000       0.69093        7.6598        8.0741        7.2471        6.8080         0.084       20.7369     0.0317236     0.0028241     0.0027149     0.0001089     0.0000003     0.0000000     0.0000000     0.0000000     0.0000000     0.0000000 
          35.            0.        1.0000       0.68576        7.6606        8.0741        7.2485        6.8105         0.085       20.9904     0.0314755     0.0027070     0.0025995     0.0001073     0.0000003     0.0000000     0.0000000     0.0000000     0.0000000     0.0000000 
          36.            0.        1.0000       0.68077        7.6614        8.0742        7.2500        6.8130         0.085       21.2418     0.0312364     0.0025972     0.0024912     0.0001057     0.0000003     0.0000000     0.0000000     0.0000000     0.0000000     0.0000000 
          36.            0.        1.0000       0.67595        7.6622        8.0743        7.2514        6.8154         0.086       21.4913     0.0310059     0.0024939     0.0023894     0.0001042     0.0000003     0.0000000     0.0000000     0.0000000     0.0000000     0.0000000 
          36.            0.        1.0000       0.67131        7.6629        8.0743        7.2528        6.8178         0.086       21.7386     0.0307833     0.0023968     0.0022937     0.0001028     0.0000003     0.0000000     0.0000000     0.0000000     0.0000000     0.0000000 
          37.            0.        1.0000       0.66682        7.6637        8.0744        7.2541        6.8201         0.087       21.9839     0.0305683     0.0023054     0.0022037     0.0001014     0.0000003     0.0000000     0.0000000     0.0000000     0.0000000     0.0000000 
          38.            0.        1.0000       0.66248        7.6644        8.0745        7.2554        6.8223         0.087       22.2271     0.0303606     0.0022191     0.0021187     0.0001001     0.0000003     0.0000000     0.0000000     0.0000000     0.0000000     0.0000000 
          38.            0.        1.0000       0.65828        7.6651        8.0745        7.2567        6.8245         0.087       22.4682     0.0301597     0.0021377     0.0020386     0.0000989     0.0000002     0.0000000     0.0000000     0.0000000     0.0000000     0.0000000 
          38.            0.        1.0000       0.65422        7.6658        8.0746        7.2579        6.8266         0.088       22.7072     0.0299653     0.0020609     0.0019630     0.0000977     0.0000002     0.0000000     0.0000000     0.0000000     0.0000000     0.0000000 
          39.            0.        1.0000       0.65029        7.6664        8.0747        7.2592        6.8287         0.088       22.9441     0.0297772     0.0019882     0.0018915     0.0000965     0.0000002     0.0000000     0.0000000     0.0000000     0.0000000     0.0000000 
          40.            0.        1.0000       0.64648        7.6671        8.0747        7.2604        6.8307         0.088       23.1789     0.0295950     0.0019194     0.0018238     0.0000954     0.0000002     0.0000000     0.0000000     0.0000000     0.0000000     0.0000000 
          40.            0.        1.0000       0.64278        7.6677        8.0748        7.2615        6.8326         0.089       23.4116     0.0294183     0.0018542     0.0017597     0.0000943     0.0000002     0.0000000     0.0000000     0.0000000     0.0000000     0.0000000 
          40.            0.        1.0000       0.63920        7.6684        8.0748        7.2626        6.8346         0.089       23.6422     0.0292471     0.0017924     0.0016989     0.0000932     0.0000002     0.0000000     0.0000000     0.0000000     0.0000000     0.0000000 
          41.            0.        1.0000       0.63572        7.6690        8.0749        7.2637        6.8365         0.089       23.8707     0.0290810     0.0017337     0.0016413     0.0000922     0.0000002     0.0000000     0.0000000     0.0000000     0.0000000     0.0000000 
          42.            0.        1.0000       0.63235        7.6696        8.0749        7.2648        6.8383         0.089       24.0972     0.0289197     0.0016780     0.0015866     0.0000913     0.0000002     0.0000000     0.0000000     0.0000000     0.0000000     0.0000000 
          42.            0.        1.0000       0.62907        7.6702        8.0750        7.2659        6.8401         0.090       24.3217     0.0287632     0.0016250     0.0015346     0.0000903     0.0000002     0.0000000     0.0000000     0.0000000     0.0000000     0.0000000 
          42.            0.        1.0000       0.62589        7.6707        8.0750        7.2669        6.8418         0.090       24.5441     0.0286111     0.0015747     0.0014851     0.0000894     0.0000002     0.0000000     0.0000000     0.0000000     0.0000000     0.0000000 
          43.            0.        1.0000       0.62279        7.6713        8.0751        7.2679        6.8436         0.090       24.7646     0.0284633     0.0015267     0.0014380     0.0000885     0.0000002     0.0000000     0.0000000     0.0000000     0.0000000     0.0000000 
          44.            0.        1.0000       0.61978        7.6718        8.0751        7.2689        6.8452         0.090       24.9830     0.0283195     0.0014810     0.0013932     0.0000877     0.0000002     0.0000000     0.0000000     0.0000000     0.0000000     0.0000000 
          44.            0.        1.0000       0.61685        7.6724        8.0752        7.2699        6.8469         0.091       25.1995     0.0281797     0.0014374     0.0013504     0.0000868     0.0000002     0.0000000     0.0000000     0.0000000     0.0000000     0.0000000 
          44.            0.        1.0000       0.61400        7.6729        8.0752        7.2708        6.8485         0.091       25.4141     0.0280436     0.0013959     0.0013097     0.0000860     0.0000002     0.0000000     0.0000000     0.0000000     0.0000000     0.0000000 
          45.            0.        1.0000       0.61122        7.6734        8.0753        7.2718        6.8500         0.091       25.6266     0.0279112     0.0013562     0.0012707     0.0000853     0.0000002     0.0000000     0.0000000     0.0000000     0.0000000     0.0000000 
          46.            0.        1.0000       0.60852        7.6739        8.0753        7.2727        6.8516         0.092       25.8374     0.0277822     0.0013182     0.0012336     0.0000845     0.0000002     0.0000000     0.0000000     0.0000000     0.0000000     0.0000000 
          46.            0.        1.0000       0.60588        7.6744        8.0754        7.2736        6.8531         0.092       26.0462     0.0276565     0.0012820     0.0011980     0.0000838     0.0000001     0.0000000     0.0000000     0.0000000     0.0000000     0.0000000 
          46.            0.        1.0000       0.60331        7.6749        8.0754        7.2744        6.8546         0.092       26.2532     0.0275339     0.0012473     0.0011641     0.0000831     0.0000001     0.0000000     0.0000000     0.0000000     0.0000000     0.0000000 
          47.            0.        1.0000       0.60081        7.6754        8.0755        7.2753        6.8560         0.092       26.4584     0.0274145     0.0012141     0.0011315     0.0000824     0.0000001     0.0000000     0.0000000     0.0000000     0.0000000     0.0000000 
          48.            0.        1.0000       0.59836        7.6759        8.0755        7.2761        6.8574         0.093       26.6617     0.0272980     0.0011823     0.0011004     0.0000817     0.0000001     0.0000000     0.0000000     0.0000000     0.0000000     0.0000000 
          48.            0.        1.0000       0.59598        7.6764        8.0755        7.2770        6.8588         0.093       26.8634     0.0271843     0.0011518     0.0010706     0.0000811     0.0000001     0.0000000     0.0000000     0.0000000     0.0000000     0.0000000 
          48.            0.        1.0000       0.59365        7.6768        8.0756        7.2778        6.8602         0.093       27.0632     0.0270734     0.0011225     0.0010419     0.0000805     0.0000001     0.0000000     0.0000000     0.0000000     0.0000000     0.0000000 
          49.            0.        1.0000       0.59138        7.6773        8.0756        7.2786        6.8615         0.094       27.2612     0.0269650     0.0010945     0.0010145     0.0000798     0.0000001     0.0000000     0.0000000     0.0000000     0.0000000     0.0000000 
          50.            0.        1.0000       0.58916        7.6777        8.0757        7.2793        6.8628         0.094       27.4576     0.0268592     0.0010675     0.0009882     0.0000792     0.0000001     0.0000000     0.0000000     0.0000000     0.0000000     0.0000000 
          50.            0.        1.0000       0.58698        7.6781        8.0757        7.2801        6.8641         0.094       27.6523     0.0267559     0.0010416     0.0009629     0.0000787     0.0000001     0.0000000     0.0000000     0.0000000     0.0000000     0.0000000 
          50.            0.        1.0000       0.58486        7.6786        8.0757        7.2809        6.8654         0.094       27.8454     0.0266549     0.0010168     0.0009386     0.0000781     0.0000001     0.0000000     0.0000000     0.0000000     0.0000000     0.0000000 
          51.            0.        1.0000       0.58279        7.6790        8.0758        7.2816        6.8666         0.095       28.0368     0.0265561     0.0009929     0.0009152     0.0000775     0.0000001     0.0000000     0.0000000     0.0000000     0.0000000     0.0000000 
          52.            0.        1.0000       0.58076        7.6794        8.0758        7.2823        6.8678         0.095       28.2266     0.0264596     0.0009698     0.0008927     0.0000770     0.0000001     0.0000000     0.0000000     0.0000000     0.0000000     0.0000000 
          52.            0.        1.0000       0.57878        7.6798        8.0759        7.2830        6.8690         0.095       28.4148     0.0263651     0.0009477     0.0008711     0.0000765     0.0000001     0.0000000     0.0000000     0.0000000     0.0000000     0.0000000 
          52.            0.        1.0000       0.57683        7.6802        8.0759        7.2837        6.8701         0.096       28.6014     0.0262727     0.0009264     0.0008503     0.0000760     0.0000001     0.0000000     0.0000000     0.0000000     0.0000000     0.0000000 
          53.            0.        1.0000       0.57493        7.6806        8.0759        7.2844        6.8713         0.096       28.7865     0.0261823     0.0009058     0.0008302     0.0000755     0.0000001     0.0000000     0.0000000     0.0000000     0.0000000     0.0000000 
          54.            0.        1.0000       0.57307        7.6809        8.0760        7.2851        6.8724         0.096       28.9701     0.0260938     0.0008860     0.0008109     0.0000750     0.0000001     0.0000000     0.0000000     0.0000000     0.0000000     0.0000000 
          54.            0.        1.0000       0.57125        7.6813        8.0760        7.2857        6.8735         0.097       29.1522     0.0260071     0.0008669     0.0007923     0.0000745     0.0000001     0.0000000     0.0000000     0.0000000     0.0000000     0.0000000 
          54.            0.        1.0000       0.56946        7.6817        8.0760        7.2864        6.8746         0.097       29.3328     0.0259222     0.0008484     0.0007743     0.0000741     0.0000001     0.0000000     0.0000000     0.0000000     0.0000000     0.0000000 
          55.            0.        1.0000       0.56771        7.6821        8.0761        7.2870        6.8757         0.098       29.5119     0.0258390     0.0008307     0.0007570     0.0000736     0.0000001     0.0000000     0.0000000     0.0000000     0.0000000     0.0000000 
          56.            0.        1.0000       0.56600        7.6824        8.0761        7.2877        6.8767         0.098       29.6896     0.0257575     0.0008135     0.0007402     0.0000732     0.0000001     0.0000000     0.0000000     0.0000000     0.0000000     0.0000000 
          56.            0.        1.0000       0.56432        7.6828        8.0761        7.2883        6.8777         0.098       29.8660     0.0256777     0.0007969     0.0007241     0.0000727     0.0000001     0.0000000     0.0000000     0.0000000     0.0000000     0.0000000 
          56.            0.        1.0000       0.56267        7.6831        8.0762        7.2889        6.8787         0.099       30.0409     0.0255994     0.0007808     0.0007084     0.0000723     0.0000001     0.0000000     0.0000000     0.0000000     0.0000000     0.0000000 
          57.            0.        1.0000       0.56105        7.6835        8.0762        7.2895        6.8797         0.099       30.2144     0.0255226     0.0007653     0.0006933     0.0000719     0.0000001     0.0000000     0.0000000     0.0000000     0.0000000     0.0000000 
          58.            0.        1.0000       0.55947        7.6838        8.0762        7.2900        6.8807         0.099       30.3867     0.0254473     0.0007503     0.0006787     0.0000715     0.0000001     0.0000000     0.0000000     0.0000000     0.0000000     0.0000000 
          58.            0.        1.0000       0.55791        7.6841        8.0763        7.2906        6.8816         0.100       30.5575     0.0253734     0.0007358     0.0006646     0.0000711     0.0000001     0.0000000     0.0000000     0.0000000     0.0000000     0.0000000 
          58.            0.        1.0000       0.55638        7.6844        8.0763        7.2912        6.8826         0.100       30.7271     0.0253009     0.0007218     0.0006510     0.0000707     0.0000001     0.0000000     0.0000000     0.0000000     0.0000000     0.0000000 
          59.            0.        1.0000       0.55489        7.6848        8.0763        7.2917        6.8835         0.101       30.8954     0.0252298     0.0007081     0.0006377     0.0000703     0.0000001     0.0000000     0.0000000     0.0000000     0.0000000     0.0000000 
          60.            0.        1.0000       0.55341        7.6851        8.0764        7.2923        6.8844         0.101       31.0624     0.0251599     0.0006950     0.0006249     0.0000699     0.0000001     0.0000000     0.0000000     0.0000000     0.0000000     0.0000000 
          60.            0.        1.0000       0.55197        7.6854        8.0764        7.2928        6.8853         0.102       31.2282     0.0250914     0.0006822     0.0006125     0.0000696     0.0000001     0.0000000     0.0000000     0.0000000     0.0000000     0.0000000 
          60.            0.        1.0000       0.55055        7.6857        8.0764        7.2934        6.8862         0.102       31.3928     0.0250240     0.0006698     0.0006005     0.0000692     0.0000001     0.0000000     0.0000000     0.0000000     0.0000000     0.0000000 
          61.            0.        1.0000       0.54916        7.6860        8.0764        7.2939        6.8870         0.102       31.5561     0.0249579     0.0006578     0.0005889     0.0000689     0.0000001     0.0000000     0.0000000     0.0000000     0.0000000     0.0000000 
          62.            0.        1.0000       0.54779        7.6863        8.0765        7.2944        6.8879         0.103       31.7182     0.0248929     0.0006462     0.0005776     0.0000685     0.0000001     0.0000000     0.0000000     0.0000000     0.0000000     0.0000000 
          62.            0.        1.0000       0.54644        7.6866        8.0765        7.2949        6.8887         0.103       31.8792     0.0248291     0.0006349     0.0005666     0.0000682     0.0000001     0.0000000     0.0000000     0.0000000     0.0000000     0.0000000 
          62.            0.        1.0000       0.54512        7.6869        8.0765        7.2954        6.8895         0.104       32.0390     0.0247664     0.0006239     0.0005560     0.0000679     0.0000001     0.0000000     0.0000000     0.0000000     0.0000000     0.0000000 
          63.            0.        1.0000       0.54381        7.6872        8.0765        7.2959        6.8903         0.104       32.1976     0.0247047     0.0006133     0.0005457     0.0000675     0.0000001     0.0000000     0.0000000     0.0000000     0.0000000     0.0000000 
          64.            0.        1.0000       0.54253        7.6874        8.0766        7.2964        6.8911         0.105       32.3552     0.0246441     0.0006030     0.0005357     0.0000672     0.0000001     0.0000000     0.0000000     0.0000000     0.0000000     0.0000000 
          64.            0.        1.0000       0.54128        7.6877        8.0766        7.2969        6.8919         0.105       32.5116     0.0245845     0.0005929     0.0005259     0.0000669     0.0000001     0.0000000     0.0000000     0.0000000     0.0000000     0.0000000 
          64.            0.        1.0000       0.54004        7.6880        8.0766        7.2973        6.8927         0.106       32.6670     0.0245258     0.0005832     0.0005165     0.0000666     0.0000001     0.0000000     0.0000000     0.0000000     0.0000000     0.0000000 
          65.            0.        1.0000       0.53882        7.6883        8.0767        7.2978        6.8934         0.106       32.8212     0.0244682     0.0005737     0.0005073     0.0000663     0.0000001     0.0000000     0.0000000     0.0000000     0.0000000     0.0000000 
          66.            0.        1.0000       0.53762        7.6885        8.0767        7.2982        6.8942         0.107       32.9744     0.0244115     0.0005645     0.0004984     0.0000660     0.0000001     0.0000000     0.0000000     0.0000000     0.0000000     0.0000000 
          66.            0.        1.0000       0.53644        7.6888        8.0767        7.2987        6.8949         0.107       33.1266     0.0243556     0.0005555     0.0004897     0.0000657     0.0000001     0.0000000     0.0000000     0.0000000     0.0000000     0.0000000 
          66.            0.        1.0000       0.53528        7.6891        8.0767        7.2991        6.8956         0.108       33.2777     0.0243007     0.0005468     0.0004813     0.0000655     0.0000001     0.0000000     0.0000000     0.0000000     0.0000000     0.0000000 
          67.            0.        1.0000       0.53414        7.6893        8.0768        7.2996        6.8963         0.108       33.4278     0.0242467     0.0005383     0.0004730     0.0000652     0.0000001     0.0000000     0.0000000     0.0000000     0.0000000     0.0000000 
          68.            0.        1.0000       0.53302        7.6896        8.0768        7.3000        6.8970         0.109       33.5770     0.0241935     0.0005300     0.0004651     0.0000649     0.0000001     0.0000000     0.0000000     0.0000000     0.0000000     0.0000000 
          68.            0.        1.0000       0.53191        7.6898        8.0768        7.3004        6.8977         0.110       33.7251     0.0241411     0.0005220     0.0004573     0.0000646     0.0000001     0.0000000     0.0000000     0.0000000     0.0000000     0.0000000 
          68.            0.        1.0000       0.53082        7.6900        8.0768        7.3008        6.8984         0.110       33.8722     0.0240895     0.0005141     0.0004497     0.0000644     0.0000001     0.0000000     0.0000000     0.0000000     0.0000000     0.0000000 
          69.            0.        1.0000       0.52975        7.6903        8.0768        7.3012        6.8991         0.111       34.0184     0.0240387     0.0005065     0.0004423     0.0000641     0.0000001     0.0000000     0.0000000     0.0000000     0.0000000     0.0000000 
          70.            0.        1.0000       0.52869        7.6905        8.0769        7.3016        6.8997         0.111       34.1637     0.0239887     0.0004991     0.0004352     0.0000639     0.0000001     0.0000000     0.0000000     0.0000000     0.0000000     0.0000000 
          70.            0.        1.0000       0.52764        7.6908        8.0769        7.3020        6.9004         0.112       34.3080     0.0239394     0.0004918     0.0004282     0.0000636     0.0000001     0.0000000     0.0000000     0.0000000     0.0000000     0.0000000 
          70.            0.        1.0000       0.52662        7.6910        8.0769        7.3024        6.9010         0.113       34.4514     0.0238909     0.0004848     0.0004213     0.0000634     0.0000001     0.0000000     0.0000000     0.0000000     0.0000000     0.0000000 
          71.            0.        1.0000       0.52560        7.6912        8.0769        7.3028        6.9016         0.113       34.5939     0.0238430     0.0004779     0.0004147     0.0000631     0.0000001     0.0000000     0.0000000     0.0000000     0.0000000     0.0000000 
          72.            0.        1.0000       0.52461        7.6914        8.0770        7.3032        6.9022         0.114       34.7355     0.0237959     0.0004712     0.0004082     0.0000629     0.0000001     0.0000000     0.0000000     0.0000000     0.0000000     0.0000000 
          72.            0.        1.0000       0.52362        7.6917        8.0770        7.3036        6.9028         0.114       34.8762     0.0237494     0.0004646     0.0004019     0.0000626     0.0000001     0.0000000     0.0000000     0.0000000     0.0000000     0.0000000 
          72.            0.        1.0000       0.52265        7.6919        8.0770        7.3039        6.9034         0.115       35.0161     0.0237036     0.0004582     0.0003957     0.0000624     0.0000001     0.0000000     0.0000000     0.0000000     0.0000000     0.0000000 
          73.            0.        1.0000       0.52170        7.6921        8.0770        7.3043        6.9040         0.116       35.1551     0.0236585     0.0004520     0.0003897     0.0000622     0.0000001     0.0000000     0.0000000     0.0000000     0.0000000     0.0000000 
          74.            0.        1.0000       0.52075        7.6923        8.0770        7.3047        6.9046         0.116       35.2932     0.0236140     0.0004459     0.0003839     0.0000620     0.0000001     0.0000000     0.0000000     0.0000000     0.0000000     0.0000000 
          74.            0.        1.0000       0.51982        7.6925        8.0771        7.3050        6.9052         0.117       35.4305     0.0235701     0.0004399     0.0003781     0.0000617     0.0000001     0.0000000     0.0000000     0.0000000     0.0000000     0.0000000 
          74.            0.        1.0000       0.51891        7.6927        8.0771        7.3054        6.9057         0.118       35.5670     0.0235268     0.0004341     0.0003726     0.0000615     0.0000001     0.0000000     0.0000000     0.0000000     0.0000000     0.0000000 
          75.            0.        1.0000       0.51800        7.6929        8.0771        7.3057        6.9063         0.118       35.7027     0.0234841     0.0004285     0.0003671     0.0000613     0.0000001     0.0000000     0.0000000     0.0000000     0.0000000     0.0000000 
          76.            0.        1.0000       0.51711        7.6931        8.0771        7.3060        6.9068         0.119       35.8376     0.0234420     0.0004229     0.0003618     0.0000611     0.0000001     0.0000000     0.0000000     0.0000000     0.0000000     0.0000000 
          76.            0.        1.0000       0.51623        7.6933        8.0771        7.3064        6.9074         0.120       35.9717     0.0234005     0.0004175     0.0003566     0.0000609     0.0000001     0.0000000     0.0000000     0.0000000     0.0000000     0.0000000 
          76.            0.        1.0000       0.51536        7.6935        8.0772        7.3067        6.9079         0.120       36.1052     0.0233595     0.0004122     0.0003515     0.0000607     0.0000001     0.0000000     0.0000000     0.0000000     0.0000000     0.0000000 
          77.            0.        1.0000       0.51450        7.6937        8.0772        7.3070        6.9084         0.121       36.2381     0.0233191     0.0004070     0.0003465     0.0000605     0.0000001     0.0000000     0.0000000     0.0000000     0.0000000     0.0000000 
          78.            0.        1.0000       0.51366        7.6939        8.0772        7.3074        6.9089         0.122       36.3710     0.0232793     0.0004020     0.0003417     0.0000603     0.0000001     0.0000000     0.0000000     0.0000000     0.0000000     0.0000000 
          78.            0.        1.0000       0.51283        7.6941        8.0772        7.3077        6.9094         0.122       36.5055     0.0232404     0.0003971     0.0003370     0.0000601     0.0000001     0.0000000     0.0000000     0.0000000     0.0000000     0.0000000 
          78.            0.        1.0000       0.51204        7.6943        8.0772        7.3080        6.9099         0.123       36.6462     0.0232029     0.0003924     0.0003325     0.0000599     0.0000001     0.0000000     0.0000000     0.0000000     0.0000000     0.0000000 
          79.            0.        1.0000       0.51131        7.6945        8.0773        7.3083        6.9104         0.124       36.8063     0.0231685     0.0003882     0.0003284     0.0000597     0.0000001     0.0000000     0.0000000     0.0000000     0.0000000     0.0000000 
          80.            0.        1.0000       0.51078        7.6946        8.0773        7.3085        6.9109         0.127       37.0213     0.0231428     0.0003851     0.0003255     0.0000596     0.0000001     0.0000000     0.0000000     0.0000000     0.0000000     0.0000000 
          80.            0.        1.0000       0.51269        7.6926        8.0770        7.3052        6.9057         0.151       37.8746     0.0232449     0.0003963     0.0003362     0.0000601     0.0000001     0.0000000     0.0000000     0.0000000     0.0000000     0.0000000 
          80.            0.        2.0000       0.44538        7.6539        8.0734        7.2363        6.7896         0.185       39.6755     0.0147783     0.0000214     0.0000000     0.0000214     0.0000000     0.0000000     0.0000000     0.0000000     0.0000000     0.0000000 
          81.            0.        3.0000       0.41567        7.6161        8.0699        7.1698        6.6805         0.202       41.1026     0.0116874     0.0000117     0.0000000     0.0000117     0.0000000     0.0000000     0.0000000     0.0000000     0.0000000     0.0000000 
          82.            0.        4.0000       0.39817        7.5807        8.0666        7.1088        6.5839         0.211       41.9966     0.0100803     0.0000076     0.0000000     0.0000076     0.0000000     0.0000000     0.0000000     0.0000000     0.0000000     0.0000000 
          82.            0.        5.0000       0.38631        7.5482        8.0635        7.0553        6.5040         0.216       42.4691     0.0090953     0.0000054     0.0000000     0.0000054     0.0000000     0.0000000     0.0000000     0.0000000     0.0000000     0.0000000 
          82.            0.        6.0000       0.37759        7.5186        8.0603        7.0095        6.4403         0.220       42.6330     0.0084271     0.0000040     0.0000000     0.0000040     0.0000000     0.0000000     0.0000000     0.0000000     0.0000000     0.0000000 
          83.            0.        7.0000       0.37084        7.4916        8.0571        6.9701        6.3890         0.222       42.5749     0.0079433     0.0000031     0.0000000     0.0000031     0.0000000     0.0000000     0.0000000     0.0000000     0.0000000     0.0000000 
          84.            0.        8.0000       0.36545        7.4667        8.0540        6.9358        6.3470         0.222       42.3565     0.0075781     0.0000025     0.0000000     0.0000025     0.0000000     0.0000000     0.0000000     0.0000000     0.0000000     0.0000000 
          84.            0.        9.0000       0.36106        7.4439        8.0508        6.9057        6.3116         0.222       42.0213     0.0072941     0.0000020     0.0000000     0.0000020     0.0000000     0.0000000     0.0000000     0.0000000     0.0000000     0.0000000 
          84.            0.       10.0000       0.35742        7.4228        8.0475        6.8789        6.2813         0.220       41.5992     0.0070687     0.0000017     0.0000000     0.0000017     0.0000000     0.0000000     0.0000000     0.0000000     0.0000000     0.0000000 
          85.            0.       11.0000       0.35437        7.4033        8.0443        6.8551        6.2551         0.218       41.1100     0.0068866     0.0000014     0.0000000     0.0000014     0.0000000     0.0000000     0.0000000     0.0000000     0.0000000     0.0000000 
          86.            0.       12.0000       0.35178        7.3854        8.0411        6.8337        6.2321         0.215       40.5647     0.0067374     0.0000012     0.0000000     0.0000012     0.0000000     0.0000000     0.0000000     0.0000000     0.0000000     0.0000000 
          86.            0.       13.0000       0.34953        7.3688        8.0380        6.8143        6.2116         0.212       39.9665     0.0066135     0.0000010     0.0000000     0.0000010     0.0000000     0.0000000     0.0000000     0.0000000     0.0000000     0.0000000 
          86.            0.       14.0000       0.34752        7.3533        8.0348        6.7966        6.1931         0.208       39.3097     0.0065089     0.0000008     0.0000000     0.0000008     0.0000000     0.0000000     0.0000000     0.0000000     0.0000000     0.0000000 
          87.            0.       15.0000       0.34565        7.3385        8.0317        6.7800        6.1758         0.203       38.5800     0.0064202     0.0000007     0.0000000     0.0000007     0.0000000     0.0000000     0.0000000     0.0000000     0.0000000     0.0000000 
          88.            0.       16.0000       0.34382        7.3241        8.0285        6.7638        6.1590         0.199       37.7553     0.0063438     0.0000006     0.0000000     0.0000006     0.0000000     0.0000000     0.0000000     0.0000000     0.0000000     0.0000000 
          88.            0.       17.0000       0.34195        7.3094        8.0251        6.7474        6.1420         0.193       36.8148     0.0062774     0.0000005     0.0000000     0.0000005     0.0000000     0.0000000     0.0000000     0.0000000     0.0000000     0.0000000 
          88.            0.       18.0000       0.34005        7.2942        8.0214        6.7307        6.1247         0.187       35.7725     0.0062196     0.0000005     0.0000000     0.0000005     0.0000000     0.0000000     0.0000000     0.0000000     0.0000000     0.0000000 
          89.            0.       19.0000       0.33836        7.2796        8.0174        6.7151        6.1087         0.181       34.6838     0.0061706     0.0000004     0.0000000     0.0000004     0.0000000     0.0000000     0.0000000     0.0000000     0.0000000     0.0000000 
          90.            0.       19.0000       0.33713        7.2738        8.0165        6.7076        6.0999         0.178       34.0960     0.0061643     0.0000004     0.0000000     0.0000004     0.0000000     0.0000000     0.0000000     0.0000000     0.0000000     0.0000000 
          90.            0.       19.0000       0.33715        7.2738        8.0165        6.7076        6.0999         0.179       34.1226     0.0061647     0.0000004     0.0000000     0.0000004     0.0000000     0.0000000     0.0000000     0.0000000     0.0000000     0.0000000 
          90.            0.       19.0000       0.33716        7.2738        8.0165        6.7075        6.0998         0.180       34.1316     0.0061650     0.0000004     0.0000000     0.0000004     0.0000000     0.0000000     0.0000000     0.0000000     0.0000000     0.0000000 
          91.            0.       19.0000       0.33716        7.2738        8.0165        6.7074        6.0996         0.180       34.1347     0.0061653     0.0000004     0.0000000     0.0000004     0.0000000     0.0000000     0.0000000     0.0000000     0.0000000     0.0000000 
          92.            0.       19.0000       0.33716        7.2737        8.0165        6.7074        6.0995         0.181       34.1359     0.0061655     0.0000004     0.0000000     0.0000004     0.0000000     0.0000000     0.0000000     0.0000000     0.0000000     0.0000000 
          92.            0.       19.0000       0.33716        7.2737        8.0165        6.7073        6.0994         0.181       34.1364     0.0061658     0.0000004     0.0000000     0.0000004     0.0000000     0.0000000     0.0000000     0.0000000     0.0000000     0.0000000 
          92.            0.       19.0000       0.33716        7.2737        8.0165        6.7072        6.0992         0.182       34.1367     0.0061661     0.0000004     0.0000000     0.0000004     0.0000000     0.0000000     0.0000000     0.0000000     0.0000000     0.0000000 
          93.            0.       19.0000       0.33716        7.2736        8.0165        6.7071        6.0991         0.182       34.1370     0.0061663     0.0000004     0.0000000     0.0000004     0.0000000     0.0000000     0.0000000     0.0000000     0.0000000     0.0000000 
          94.            0.       19.0000       0.33716        7.2736        8.0164        6.7071        6.0990         0.183       34.1372     0.0061666     0.0000004     0.0000000     0.0000004     0.0000000     0.0000000     0.0000000     0.0000000     0.0000000     0.0000000 
          94.            0.       19.0000       0.33716        7.2736        8.0164        6.7070        6.0988         0.183       34.1375     0.0061669     0.0000004     0.0000000     0.0000004     0.0000000     0.0000000     0.0000000     0.0000000     0.0000000     0.0000000 
          94.            0.       19.0000       0.33716        7.2735        8.0164        6.7069        6.0987         0.184       34.1377     0.0061671     0.0000004     0.0000000     0.0000004     0.0000000     0.0000000     0.0000000     0.0000000     0.0000000     0.0000000 
          95.            0.       19.0000       0.33716        7.2735        8.0164        6.7068        6.0985         0.185       34.1379     0.0061674     0.0000004     0.0000000     0.0000004     0.0000000     0.0000000     0.0000000     0.0000000     0.0000000     0.0000000 
          96.            0.       19.0000       0.33716        7.2735        8.0164        6.7068        6.0984         0.185       34.1382     0.0061677     0.0000004     0.0000000     0.0000004     0.0000000     0.0000000     0.0000000     0.0000000     0.0000000     0.0000000 
          96.            0.       19.0000       0.33716        7.2734        8.0164        6.7067        6.0983         0.186       34.1384     0.0061680     0.0000004     0.0000000     0.0000004     0.0000000     0.0000000     0.0000000     0.0000000     0.0000000     0.0000000 
          96.            0.       19.0000       0.33716        7.2734        8.0164        6.7066        6.0981         0.186       34.1387     0.0061682     0.0000004     0.0000000     0.0000004     0.0000000     0.0000000     0.0000000     0.0000000     0.0000000     0.0000000 
          97.            0.       19.0000       0.33716        7.2734        8.0164        6.7065        6.0980         0.187       34.1389     0.0061685     0.0000004     0.0000000     0.0000004     0.0000000     0.0000000     0.0000000     0.0000000     0.0000000     0.0000000 
          98.            0.       19.0000       0.33716        7.2733        8.0164        6.7064        6.0978         0.188       34.1392     0.0061688     0.0000004     0.0000000     0.0000004     0.0000000     0.0000000     0.0000000     0.0000000     0.0000000     0.0000000 
          98.            0.       19.0000       0.33716        7.2733        8.0164        6.7063        6.0977         0.188       34.1395     0.0061691     0.0000004     0.0000000     0.0000004     0.0000000     0.0000000     0.0000000     0.0000000     0.0000000     0.0000000 
          98.            0.       19.0000       0.33716        7.2732        8.0164        6.7063        6.0975         0.189       34.1397     0.0061694     0.0000004     0.0000000     0.0000004     0.0000000     0.0000000     0.0000000     0.0000000     0.0000000     0.0000000 
          99.            0.       19.0000       0.33716        7.2732        8.0164        6.7062        6.0974         0.189       34.1400     0.0061697     0.0000004     0.0000000     0.0000004     0.0000000     0.0000000     0.0000000     0.0000000     0.0000000     0.0000000 
         100.            0.       19.0000       0.33716        7.2732        8.0164        6.7061        6.0972         0.190       34.1403     0.0061700     0.0000004     0.0000000     0.0000004     0.0000000     0.0000000     0.0000000     0.0000000     0.0000000     0.0000000 
         100.            0.       19.0000       0.33716        7.2731        8.0164        6.7060        6.0971         0.191       34.1406     0.0061703     0.0000004     0.0000000     0.0000004     0.0000000     0.0000000     0.0000000     0.0000000     0.0000000     0.0000000 
