%
%
% Run:2017  Table:COMPGRID          SWAN version:41.10A
%
%       Xp            Yp            Depth         Hsig          Tm_10         TPsmoo        Tm01          Tm02          Dir           Dspr          Steepn        Dissip        Ssurf         Sfric         Swcap         Redist        Snl3          Snl4          Genera        Swind    
%       [m]           [m]           [m]           [m]           [sec]         [sec]         [sec]         [sec]         [degr]        [degr]        [ ]           [m2/s]        [m2/s]        [m2/s]        [m2/s]        [m2/s]        [m2/s]        [m2/s]        [m2/s]        [m2/s]   
%
           0.            0.       19.0000       0.75332        1.8017        2.0035        1.6431        1.4696         0.040       31.6776     0.2232926     0.0000006     0.0000000     0.0000000     0.0000006     0.0000000     0.0000000     0.0000000     0.0000000     0.0000000 
           0.            0.       19.0000       0.74006        1.8287        2.0039        1.7022        1.5733         0.043       31.5295     0.1913699     0.0014600     0.0000000     0.0000000     0.0014600     0.0000000     0.0000000     0.0000000     0.0000000     0.0000000 
           1.            0.       19.0000       0.72969        1.8489        2.0044        1.7458        1.6550         0.044       31.4304     0.1705010     0.0011415     0.0000000     0.0000000     0.0011415     0.0000000     0.0000000     0.0000000     0.0000000     0.0000000 
           2.            0.       19.0000       0.72179        1.8628        2.0048        1.7741        1.7078         0.046       31.3658     0.1583893     0.0009506     0.0000000     0.0000000     0.0009506     0.0000000     0.0000000     0.0000000     0.0000000     0.0000000 
           2.            0.       19.0000       0.71554        1.8726        2.0051        1.7923        1.7395         0.047       31.3167     0.1513465     0.0008281     0.0000000     0.0000000     0.0008281     0.0000000     0.0000000     0.0000000     0.0000000     0.0000000 
           2.            0.       19.0000       0.71033        1.8801        2.0055        1.8048        1.7589         0.048       31.2744     0.1469411     0.0007425     0.0000000     0.0000000     0.0007425     0.0000000     0.0000000     0.0000000     0.0000000     0.0000000 
           3.            0.       19.0000       0.70579        1.8861        2.0058        1.8142        1.7719         0.049       31.2357     0.1438712     0.0006783     0.0000000     0.0000000     0.0006783     0.0000000     0.0000000     0.0000000     0.0000000     0.0000000 
           4.            0.       19.0000       0.70172        1.8912        2.0061        1.8216        1.7814         0.050       31.1998     0.1415264     0.0006275     0.0000000     0.0000000     0.0006275     0.0000000     0.0000000     0.0000000     0.0000000     0.0000000 
           4.            0.       19.0000       0.69799        1.8957        2.0064        1.8280        1.7890         0.051       31.1665     0.1395745     0.0005856     0.0000000     0.0000000     0.0005856     0.0000000     0.0000000     0.0000000     0.0000000     0.0000000 
           4.            0.       19.0000       0.69454        1.8998        2.0067        1.8337        1.7958         0.051       31.1359     0.1378361     0.0005500     0.0000000     0.0000000     0.0005500     0.0000000     0.0000000     0.0000000     0.0000000     0.0000000 
           5.            0.       19.0000       0.69131        1.9035        2.0070        1.8388        1.8019         0.052       31.1074     0.1362655     0.0005192     0.0000000     0.0000000     0.0005192     0.0000000     0.0000000     0.0000000     0.0000000     0.0000000 
           6.            0.       19.0000       0.68827        1.9069        2.0073        1.8435        1.8075         0.053       31.0806     0.1348324     0.0004923     0.0000000     0.0000000     0.0004923     0.0000000     0.0000000     0.0000000     0.0000000     0.0000000 
           6.            0.       19.0000       0.68540        1.9101        2.0075        1.8478        1.8126         0.053       31.0555     0.1335145     0.0004685     0.0000000     0.0000000     0.0004685     0.0000000     0.0000000     0.0000000     0.0000000     0.0000000 
           6.            0.       19.0000       0.68268        1.9130        2.0078        1.8519        1.8173         0.054       31.0316     0.1322943     0.0004472     0.0000000     0.0000000     0.0004472     0.0000000     0.0000000     0.0000000     0.0000000     0.0000000 
           7.            0.       19.0000       0.68008        1.9158        2.0080        1.8556        1.8217         0.054       31.0091     0.1311582     0.0004281     0.0000000     0.0000000     0.0004281     0.0000000     0.0000000     0.0000000     0.0000000     0.0000000 
           8.            0.       19.0000       0.67760        1.9184        2.0083        1.8591        1.8258         0.055       30.9875     0.1300955     0.0004107     0.0000000     0.0000000     0.0004107     0.0000000     0.0000000     0.0000000     0.0000000     0.0000000 
           8.            0.       19.0000       0.67523        1.9208        2.0085        1.8624        1.8296         0.055       30.9669     0.1290971     0.0003949     0.0000000     0.0000000     0.0003949     0.0000000     0.0000000     0.0000000     0.0000000     0.0000000 
           8.            0.       19.0000       0.67295        1.9231        2.0087        1.8655        1.8332         0.056       30.9472     0.1281558     0.0003804     0.0000000     0.0000000     0.0003804     0.0000000     0.0000000     0.0000000     0.0000000     0.0000000 
           9.            0.       19.0000       0.67076        1.9253        2.0089        1.8684        1.8366         0.056       30.9283     0.1272652     0.0003671     0.0000000     0.0000000     0.0003671     0.0000000     0.0000000     0.0000000     0.0000000     0.0000000 
          10.            0.       19.0000       0.66864        1.9274        2.0092        1.8712        1.8398         0.057       30.9101     0.1264204     0.0003548     0.0000000     0.0000000     0.0003548     0.0000000     0.0000000     0.0000000     0.0000000     0.0000000 
          10.            0.       19.0000       0.66660        1.9294        2.0094        1.8738        1.8429         0.057       30.8926     0.1256167     0.0003434     0.0000000     0.0000000     0.0003434     0.0000000     0.0000000     0.0000000     0.0000000     0.0000000 
          10.            0.       19.0000       0.66463        1.9314        2.0096        1.8763        1.8458         0.057       30.8757     0.1248504     0.0003327     0.0000000     0.0000000     0.0003327     0.0000000     0.0000000     0.0000000     0.0000000     0.0000000 
          11.            0.       19.0000       0.66272        1.9332        2.0098        1.8787        1.8486         0.057       30.8593     0.1241182     0.0003228     0.0000000     0.0000000     0.0003228     0.0000000     0.0000000     0.0000000     0.0000000     0.0000000 
          12.            0.       19.0000       0.66087        1.9350        2.0100        1.8810        1.8512         0.058       30.8436     0.1234172     0.0003135     0.0000000     0.0000000     0.0003135     0.0000000     0.0000000     0.0000000     0.0000000     0.0000000 
          12.            0.       19.0000       0.65907        1.9367        2.0102        1.8832        1.8538         0.058       30.8283     0.1227448     0.0003048     0.0000000     0.0000000     0.0003048     0.0000000     0.0000000     0.0000000     0.0000000     0.0000000 
          12.            0.       19.0000       0.65732        1.9383        2.0104        1.8853        1.8562         0.058       30.8134     0.1220990     0.0002966     0.0000000     0.0000000     0.0002966     0.0000000     0.0000000     0.0000000     0.0000000     0.0000000 
          13.            0.       19.0000       0.65563        1.9399        2.0106        1.8874        1.8585         0.058       30.7990     0.1214775     0.0002888     0.0000000     0.0000000     0.0002888     0.0000000     0.0000000     0.0000000     0.0000000     0.0000000 
          14.            0.       19.0000       0.65397        1.9414        2.0108        1.8893        1.8608         0.058       30.7850     0.1208787     0.0002815     0.0000000     0.0000000     0.0002815     0.0000000     0.0000000     0.0000000     0.0000000     0.0000000 
          14.            0.       19.0000       0.65236        1.9429        2.0109        1.8912        1.8630         0.059       30.7715     0.1203011     0.0002746     0.0000000     0.0000000     0.0002746     0.0000000     0.0000000     0.0000000     0.0000000     0.0000000 
          14.            0.       19.0000       0.65079        1.9443        2.0111        1.8931        1.8650         0.059       30.7583     0.1197431     0.0002680     0.0000000     0.0000000     0.0002680     0.0000000     0.0000000     0.0000000     0.0000000     0.0000000 
          15.            0.       19.0000       0.64926        1.9457        2.0113        1.8948        1.8671         0.059       30.7454     0.1192035     0.0002618     0.0000000     0.0000000     0.0002618     0.0000000     0.0000000     0.0000000     0.0000000     0.0000000 
          16.            0.       19.0000       0.64776        1.9470        2.0115        1.8965        1.8690         0.059       30.7329     0.1186812     0.0002559     0.0000000     0.0000000     0.0002559     0.0000000     0.0000000     0.0000000     0.0000000     0.0000000 
          16.            0.       19.0000       0.64630        1.9483        2.0117        1.8982        1.8709         0.059       30.7207     0.1181750     0.0002502     0.0000000     0.0000000     0.0002502     0.0000000     0.0000000     0.0000000     0.0000000     0.0000000 
          16.            0.       19.0000       0.64487        1.9496        2.0118        1.8998        1.8727         0.059       30.7088     0.1176841     0.0002449     0.0000000     0.0000000     0.0002449     0.0000000     0.0000000     0.0000000     0.0000000     0.0000000 
          17.            0.       19.0000       0.64347        1.9508        2.0120        1.9013        1.8745         0.059       30.6972     0.1172075     0.0002397     0.0000000     0.0000000     0.0002397     0.0000000     0.0000000     0.0000000     0.0000000     0.0000000 
          18.            0.       19.0000       0.64210        1.9520        2.0122        1.9028        1.8762         0.059       30.6859     0.1167444     0.0002348     0.0000000     0.0000000     0.0002348     0.0000000     0.0000000     0.0000000     0.0000000     0.0000000 
          18.            0.       19.0000       0.64075        1.9531        2.0123        1.9043        1.8778         0.059       30.6749     0.1162942     0.0002301     0.0000000     0.0000000     0.0002301     0.0000000     0.0000000     0.0000000     0.0000000     0.0000000 
          18.            0.       19.0000       0.63944        1.9543        2.0125        1.9057        1.8795         0.059       30.6642     0.1158561     0.0002256     0.0000000     0.0000000     0.0002256     0.0000000     0.0000000     0.0000000     0.0000000     0.0000000 
          19.            0.       19.0000       0.63815        1.9554        2.0126        1.9071        1.8810         0.059       30.6537     0.1154295     0.0002213     0.0000000     0.0000000     0.0002213     0.0000000     0.0000000     0.0000000     0.0000000     0.0000000 
          20.            0.       19.0000       0.63689        1.9564        2.0128        1.9085        1.8826         0.058       30.6434     0.1150138     0.0002171     0.0000000     0.0000000     0.0002171     0.0000000     0.0000000     0.0000000     0.0000000     0.0000000 
          20.            0.       19.0000       0.63564        1.9575        2.0130        1.9098        1.8840         0.058       30.6334     0.1146086     0.0002131     0.0000000     0.0000000     0.0002131     0.0000000     0.0000000     0.0000000     0.0000000     0.0000000 
          20.            0.       19.0000       0.63443        1.9585        2.0131        1.9111        1.8855         0.058       30.6236     0.1142132     0.0002093     0.0000000     0.0000000     0.0002093     0.0000000     0.0000000     0.0000000     0.0000000     0.0000000 
          21.            0.       19.0000       0.63323        1.9595        2.0133        1.9123        1.8869         0.058       30.6140     0.1138272     0.0002056     0.0000000     0.0000000     0.0002056     0.0000000     0.0000000     0.0000000     0.0000000     0.0000000 
          22.            0.       19.0000       0.63206        1.9605        2.0134        1.9135        1.8883         0.058       30.6047     0.1134502     0.0002020     0.0000000     0.0000000     0.0002020     0.0000000     0.0000000     0.0000000     0.0000000     0.0000000 
          22.            0.       19.0000       0.63090        1.9615        2.0136        1.9147        1.8896         0.058       30.5955     0.1130820     0.0001986     0.0000000     0.0000000     0.0001986     0.0000000     0.0000000     0.0000000     0.0000000     0.0000000 
          22.            0.       19.0000       0.62977        1.9624        2.0137        1.9159        1.8909         0.058       30.5866     0.1127218     0.0001953     0.0000000     0.0000000     0.0001953     0.0000000     0.0000000     0.0000000     0.0000000     0.0000000 
          23.            0.       19.0000       0.62865        1.9633        2.0138        1.9170        1.8922         0.057       30.5779     0.1123696     0.0001921     0.0000000     0.0000000     0.0001921     0.0000000     0.0000000     0.0000000     0.0000000     0.0000000 
          24.            0.       19.0000       0.62755        1.9642        2.0140        1.9182        1.8935         0.057       30.5694     0.1120249     0.0001890     0.0000000     0.0000000     0.0001890     0.0000000     0.0000000     0.0000000     0.0000000     0.0000000 
          24.            0.       19.0000       0.62647        1.9651        2.0141        1.9192        1.8947         0.057       30.5610     0.1116874     0.0001860     0.0000000     0.0000000     0.0001860     0.0000000     0.0000000     0.0000000     0.0000000     0.0000000 
          24.            0.       19.0000       0.62541        1.9660        2.0143        1.9203        1.8959         0.057       30.5529     0.1113569     0.0001831     0.0000000     0.0000000     0.0001831     0.0000000     0.0000000     0.0000000     0.0000000     0.0000000 
          25.            0.       19.0000       0.62436        1.9668        2.0144        1.9214        1.8971         0.056       30.5449     0.1110330     0.0001803     0.0000000     0.0000000     0.0001803     0.0000000     0.0000000     0.0000000     0.0000000     0.0000000 
          26.            0.       19.0000       0.62333        1.9676        2.0145        1.9224        1.8982         0.056       30.5371     0.1107156     0.0001775     0.0000000     0.0000000     0.0001775     0.0000000     0.0000000     0.0000000     0.0000000     0.0000000 
          26.            0.       19.0000       0.62232        1.9685        2.0147        1.9234        1.8994         0.056       30.5295     0.1104043     0.0001749     0.0000000     0.0000000     0.0001749     0.0000000     0.0000000     0.0000000     0.0000000     0.0000000 
          26.            0.       19.0000       0.62131        1.9693        2.0148        1.9244        1.9005         0.056       30.5221     0.1100990     0.0001724     0.0000000     0.0000000     0.0001724     0.0000000     0.0000000     0.0000000     0.0000000     0.0000000 
          27.            0.       19.0000       0.62033        1.9700        2.0149        1.9253        1.9015         0.055       30.5148     0.1097994     0.0001699     0.0000000     0.0000000     0.0001699     0.0000000     0.0000000     0.0000000     0.0000000     0.0000000 
          28.            0.       19.0000       0.61936        1.9708        2.0151        1.9263        1.9026         0.055       30.5077     0.1095054     0.0001675     0.0000000     0.0000000     0.0001675     0.0000000     0.0000000     0.0000000     0.0000000     0.0000000 
          28.            0.       19.0000       0.61840        1.9716        2.0152        1.9272        1.9036         0.055       30.5008     0.1092167     0.0001651     0.0000000     0.0000000     0.0001651     0.0000000     0.0000000     0.0000000     0.0000000     0.0000000 
          28.            0.       19.0000       0.61745        1.9723        2.0153        1.9281        1.9047         0.055       30.4940     0.1089330     0.0001629     0.0000000     0.0000000     0.0001629     0.0000000     0.0000000     0.0000000     0.0000000     0.0000000 
          29.            0.       19.0000       0.61652        1.9731        2.0154        1.9290        1.9057         0.054       30.4874     0.1086545     0.0001607     0.0000000     0.0000000     0.0001607     0.0000000     0.0000000     0.0000000     0.0000000     0.0000000 
          30.            0.       19.0000       0.61560        1.9738        2.0156        1.9299        1.9066         0.054       30.4809     0.1083807     0.0001585     0.0000000     0.0000000     0.0001585     0.0000000     0.0000000     0.0000000     0.0000000     0.0000000 
          30.            0.       19.0000       0.61469        1.9745        2.0157        1.9308        1.9076         0.054       30.4745     0.1081115     0.0001564     0.0000000     0.0000000     0.0001564     0.0000000     0.0000000     0.0000000     0.0000000     0.0000000 
          30.            0.       19.0000       0.61380        1.9752        2.0158        1.9316        1.9085         0.053       30.4684     0.1078468     0.0001544     0.0000000     0.0000000     0.0001544     0.0000000     0.0000000     0.0000000     0.0000000     0.0000000 
          31.            0.       19.0000       0.61291        1.9759        2.0159        1.9325        1.9095         0.053       30.4623     0.1075865     0.0001524     0.0000000     0.0000000     0.0001524     0.0000000     0.0000000     0.0000000     0.0000000     0.0000000 
          32.            0.       18.0000       0.61204        1.9765        2.0161        1.9333        1.9104         0.053       30.4564     0.1073305     0.0001505     0.0000000     0.0000000     0.0001505     0.0000000     0.0000000     0.0000000     0.0000000     0.0000000 
          32.            0.       17.0000       0.61118        1.9772        2.0162        1.9341        1.9113         0.052       30.4506     0.1070784     0.0001486     0.0000000     0.0000000     0.0001486     0.0000000     0.0000000     0.0000000     0.0000000     0.0000000 
          32.            0.       16.0000       0.61033        1.9779        2.0163        1.9349        1.9122         0.052       30.4450     0.1068304     0.0001468     0.0000000     0.0000000     0.0001468     0.0000000     0.0000000     0.0000000     0.0000000     0.0000000 
          33.            0.       15.0000       0.60949        1.9785        2.0164        1.9357        1.9130         0.052       30.4395     0.1065862     0.0001450     0.0000000     0.0000000     0.0001450     0.0000000     0.0000000     0.0000000     0.0000000     0.0000000 
          34.            0.       14.0000       0.60866        1.9791        2.0165        1.9364        1.9139         0.051       30.4341     0.1063457     0.0001433     0.0000000     0.0000000     0.0001433     0.0000000     0.0000000     0.0000000     0.0000000     0.0000000 
          34.            0.       13.0000       0.60783        1.9798        2.0166        1.9372        1.9147         0.051       30.4288     0.1061089     0.0001416     0.0000000     0.0000000     0.0001416     0.0000000     0.0000000     0.0000000     0.0000000     0.0000000 
          34.            0.       12.0000       0.60702        1.9804        2.0167        1.9379        1.9156         0.051       30.4236     0.1058756     0.0001399     0.0000000     0.0000000     0.0001399     0.0000000     0.0000000     0.0000000     0.0000000     0.0000000 
          35.            0.       11.0000       0.60622        1.9810        2.0169        1.9387        1.9164         0.050       30.4183     0.1056461     0.0001383     0.0000000     0.0000000     0.0001383     0.0000000     0.0000000     0.0000000     0.0000000     0.0000000 
          36.            0.       10.0000       0.60542        1.9816        2.0170        1.9394        1.9172         0.050       30.4129     0.1054198     0.0001367     0.0000000     0.0000000     0.0001367     0.0000000     0.0000000     0.0000000     0.0000000     0.0000000 
          36.            0.        9.0000       0.60463        1.9822        2.0171        1.9401        1.9180         0.049       30.4071     0.1051978     0.0001352     0.0000000     0.0000000     0.0001352     0.0000000     0.0000000     0.0000000     0.0000000     0.0000000 
          36.            0.        8.0000       0.60383        1.9827        2.0172        1.9407        1.9187         0.049       30.3999     0.1049792     0.0001337     0.0000000     0.0000000     0.0001337     0.0000000     0.0000000     0.0000000     0.0000000     0.0000000 
          37.            0.        7.0000       0.60298        1.9831        2.0173        1.9413        1.9194         0.049       30.3881     0.1047671     0.0001322     0.0000000     0.0000000     0.0001322     0.0000000     0.0000000     0.0000000     0.0000000     0.0000000 
          38.            0.        6.0000       0.60201        1.9832        2.0174        1.9417        1.9198         0.049       30.3656     0.1045666     0.0001308     0.0000000     0.0000000     0.0001308     0.0000000     0.0000000     0.0000000     0.0000000     0.0000000 
          38.            0.        5.0000       0.60058        1.9827        2.0173        1.9415        1.9198         0.051       30.3143     0.1043701     0.0001294     0.0000000     0.0000001     0.0001293     0.0000000     0.0000000     0.0000000     0.0000000     0.0000000 
          38.            0.        4.0000       0.59761        1.9808        2.0167        1.9400        1.9185         0.056       30.1669     0.1041327     0.0001274     0.0000000     0.0000002     0.0001272     0.0000000     0.0000000     0.0000000     0.0000000     0.0000000 
          39.            0.        3.0000       0.58946        1.9761        2.0145        1.9356        1.9143         0.066       29.6689     0.1036513     0.0001231     0.0000000     0.0000011     0.0001220     0.0000000     0.0000000     0.0000000     0.0000000     0.0000000 
          40.            0.        2.0000       0.56685        1.9703        2.0114        1.9289        1.9072         0.120       27.8415     0.1026453     0.0001149     0.0000005     0.0000051     0.0001093     0.0000000     0.0000000     0.0000000     0.0000000     0.0000000 
          40.            0.        1.0000       0.53383        1.9817        2.0168        1.9385        1.9158         0.181       25.9932     0.1088865     0.0019314     0.0017798     0.0000286     0.0001230     0.0000000     0.0000000     0.0000000     0.0000000     0.0000000 
          40.            0.        1.0000       0.52472        1.9829        2.0171        1.9399        1.9173         0.197       25.3311     0.1069030     0.0016833     0.0015453     0.0000277     0.0001103     0.0000000     0.0000000     0.0000000     0.0000000     0.0000000 
          41.            0.        1.0000       0.51691        1.9845        2.0175        1.9417        1.9192         0.198       25.1175     0.1051594     0.0014888     0.0013617     0.0000269     0.0001002     0.0000000     0.0000000     0.0000000     0.0000000     0.0000000 
          42.            0.        1.0000       0.50999        1.9861        2.0179        1.9434        1.9211         0.203       25.0565     0.1036032     0.0013301     0.0012121     0.0000262     0.0000918     0.0000000     0.0000000     0.0000000     0.0000000     0.0000000 
          42.            0.        1.0000       0.50375        1.9876        2.0183        1.9450        1.9228         0.205       25.0485     0.1022011     0.0011979     0.0010876     0.0000256     0.0000847     0.0000000     0.0000000     0.0000000     0.0000000     0.0000000 
          42.            0.        1.0000       0.49809        1.9889        2.0186        1.9465        1.9244         0.206       25.0618     0.1009289     0.0010862     0.0009824     0.0000251     0.0000788     0.0000000     0.0000000     0.0000000     0.0000000     0.0000000 
          43.            0.        1.0000       0.49291        1.9902        2.0190        1.9479        1.9259         0.207       25.0850     0.0997673     0.0009907     0.0008925     0.0000246     0.0000736     0.0000000     0.0000000     0.0000000     0.0000000     0.0000000 
          44.            0.        1.0000       0.48815        1.9913        2.0193        1.9492        1.9272         0.207       25.1143     0.0987019     0.0009084     0.0008152     0.0000242     0.0000691     0.0000000     0.0000000     0.0000000     0.0000000     0.0000000 
          44.            0.        1.0000       0.48374        1.9924        2.0196        1.9504        1.9285         0.208       25.1485     0.0977201     0.0008370     0.0007480     0.0000238     0.0000652     0.0000000     0.0000000     0.0000000     0.0000000     0.0000000 
          44.            0.        1.0000       0.47966        1.9934        2.0198        1.9515        1.9296         0.210       25.1869     0.0968120     0.0007744     0.0006893     0.0000234     0.0000617     0.0000000     0.0000000     0.0000000     0.0000000     0.0000000 
          45.            0.        1.0000       0.47586        1.9943        2.0201        1.9525        1.9307         0.213       25.2290     0.0959689     0.0007194     0.0006378     0.0000230     0.0000586     0.0000000     0.0000000     0.0000000     0.0000000     0.0000000 
          46.            0.        1.0000       0.47232        1.9952        2.0203        1.9534        1.9316         0.217       25.2743     0.0951834     0.0006707     0.0005921     0.0000227     0.0000559     0.0000000     0.0000000     0.0000000     0.0000000     0.0000000 
          46.            0.        1.0000       0.46899        1.9960        2.0205        1.9543        1.9325         0.223       25.3220     0.0944494     0.0006274     0.0005516     0.0000224     0.0000534     0.0000000     0.0000000     0.0000000     0.0000000     0.0000000 
          46.            0.        1.0000       0.46587        1.9968        2.0208        1.9551        1.9334         0.228       25.3714     0.0937611     0.0005886     0.0005153     0.0000221     0.0000512     0.0000000     0.0000000     0.0000000     0.0000000     0.0000000 
          47.            0.        1.0000       0.46292        1.9975        2.0210        1.9558        1.9341         0.235       25.4222     0.0931142     0.0005538     0.0004828     0.0000219     0.0000491     0.0000000     0.0000000     0.0000000     0.0000000     0.0000000 
          48.            0.        1.0000       0.46014        1.9982        2.0211        1.9565        1.9349         0.242       25.4738     0.0925045     0.0005223     0.0004534     0.0000216     0.0000473     0.0000000     0.0000000     0.0000000     0.0000000     0.0000000 
          48.            0.        1.0000       0.45750        1.9988        2.0213        1.9572        1.9355         0.249       25.5259     0.0919285     0.0004938     0.0004269     0.0000214     0.0000456     0.0000000     0.0000000     0.0000000     0.0000000     0.0000000 
          48.            0.        1.0000       0.45500        1.9994        2.0215        1.9578        1.9362         0.256       25.5782     0.0913831     0.0004679     0.0004027     0.0000212     0.0000440     0.0000000     0.0000000     0.0000000     0.0000000     0.0000000 
          49.            0.        1.0000       0.45262        1.9999        2.0217        1.9584        1.9367         0.263       25.6304     0.0908658     0.0004442     0.0003807     0.0000210     0.0000425     0.0000000     0.0000000     0.0000000     0.0000000     0.0000000 
          50.            0.        1.0000       0.45036        2.0005        2.0218        1.9589        1.9373         0.270       25.6825     0.0903740     0.0004225     0.0003605     0.0000208     0.0000412     0.0000000     0.0000000     0.0000000     0.0000000     0.0000000 
          50.            0.        1.0000       0.44819        2.0010        2.0220        1.9595        1.9378         0.277       25.7342     0.0899057     0.0004026     0.0003421     0.0000206     0.0000400     0.0000000     0.0000000     0.0000000     0.0000000     0.0000000 
          50.            0.        1.0000       0.44612        2.0015        2.0221        1.9599        1.9383         0.284       25.7855     0.0894590     0.0003843     0.0003251     0.0000204     0.0000388     0.0000000     0.0000000     0.0000000     0.0000000     0.0000000 
          51.            0.        1.0000       0.44414        2.0019        2.0223        1.9604        1.9387         0.290       25.8365     0.0890323     0.0003673     0.0003094     0.0000202     0.0000377     0.0000000     0.0000000     0.0000000     0.0000000     0.0000000 
          52.            0.        1.0000       0.44224        2.0023        2.0224        1.9608        1.9391         0.296       25.8871     0.0886241     0.0003517     0.0002949     0.0000201     0.0000367     0.0000000     0.0000000     0.0000000     0.0000000     0.0000000 
          52.            0.        1.0000       0.44042        2.0027        2.0226        1.9612        1.9395         0.302       25.9374     0.0882331     0.0003371     0.0002814     0.0000199     0.0000358     0.0000000     0.0000000     0.0000000     0.0000000     0.0000000 
          52.            0.        1.0000       0.43866        2.0031        2.0227        1.9616        1.9399         0.307       25.9875     0.0878582     0.0003236     0.0002689     0.0000198     0.0000349     0.0000000     0.0000000     0.0000000     0.0000000     0.0000000 
          53.            0.        1.0000       0.43698        2.0035        2.0228        1.9619        1.9402         0.313       26.0377     0.0874982     0.0003110     0.0002573     0.0000196     0.0000341     0.0000000     0.0000000     0.0000000     0.0000000     0.0000000 
          54.            0.        1.0000       0.43536        2.0038        2.0229        1.9623        1.9406         0.318       26.0881     0.0871524     0.0002993     0.0002465     0.0000195     0.0000333     0.0000000     0.0000000     0.0000000     0.0000000     0.0000000 
          54.            0.        1.0000       0.43379        2.0042        2.0231        1.9626        1.9409         0.323       26.1388     0.0868197     0.0002883     0.0002365     0.0000193     0.0000325     0.0000000     0.0000000     0.0000000     0.0000000     0.0000000 
          54.            0.        1.0000       0.43228        2.0045        2.0232        1.9629        1.9412         0.328       26.1900     0.0864995     0.0002781     0.0002270     0.0000192     0.0000318     0.0000000     0.0000000     0.0000000     0.0000000     0.0000000 
          55.            0.        1.0000       0.43083        2.0048        2.0233        1.9632        1.9414         0.334       26.2418     0.0861909     0.0002684     0.0002182     0.0000191     0.0000312     0.0000000     0.0000000     0.0000000     0.0000000     0.0000000 
          56.            0.        1.0000       0.42942        2.0051        2.0234        1.9635        1.9417         0.340       26.2941     0.0858934     0.0002594     0.0002099     0.0000190     0.0000305     0.0000000     0.0000000     0.0000000     0.0000000     0.0000000 
          56.            0.        1.0000       0.42806        2.0054        2.0235        1.9637        1.9420         0.346       26.3470     0.0856063     0.0002509     0.0002021     0.0000189     0.0000299     0.0000000     0.0000000     0.0000000     0.0000000     0.0000000 
          56.            0.        1.0000       0.42675        2.0056        2.0236        1.9640        1.9422         0.353       26.4003     0.0853288     0.0002429     0.0001948     0.0000187     0.0000294     0.0000000     0.0000000     0.0000000     0.0000000     0.0000000 
          57.            0.        1.0000       0.42547        2.0059        2.0237        1.9642        1.9424         0.360       26.4539     0.0850605     0.0002354     0.0001879     0.0000186     0.0000288     0.0000000     0.0000000     0.0000000     0.0000000     0.0000000 
          58.            0.        1.0000       0.42424        2.0061        2.0238        1.9645        1.9426         0.368       26.5078     0.0848009     0.0002282     0.0001814     0.0000185     0.0000283     0.0000000     0.0000000     0.0000000     0.0000000     0.0000000 
          58.            0.        1.0000       0.42304        2.0064        2.0239        1.9647        1.9428         0.376       26.5618     0.0845494     0.0002215     0.0001753     0.0000184     0.0000278     0.0000000     0.0000000     0.0000000     0.0000000     0.0000000 
          58.            0.        1.0000       0.42189        2.0066        2.0240        1.9649        1.9430         0.384       26.6157     0.0843059     0.0002151     0.0001695     0.0000183     0.0000273     0.0000000     0.0000000     0.0000000     0.0000000     0.0000000 
          59.            0.        1.0000       0.42077        2.0068        2.0241        1.9651        1.9432         0.392       26.6686     0.0840705     0.0002091     0.0001640     0.0000182     0.0000269     0.0000000     0.0000000     0.0000000     0.0000000     0.0000000 
          60.            0.        1.0000       0.41970        2.0071        2.0242        1.9653        1.9434         0.400       26.7152     0.0838445     0.0002036     0.0001589     0.0000182     0.0000265     0.0000000     0.0000000     0.0000000     0.0000000     0.0000000 
          60.            0.        1.0000       0.42235        2.0086        2.0247        1.9670        1.9451         0.427       28.6755     0.0842663     0.0002171     0.0001714     0.0000184     0.0000273     0.0000000     0.0000000     0.0000000     0.0000000     0.0000000 
          60.            0.        2.0000       0.44426        1.9991        2.0204        1.9594        1.9386         0.444       31.3703     0.0780710     0.0000256     0.0000000     0.0000034     0.0000222     0.0000000     0.0000000     0.0000000     0.0000000     0.0000000 
          61.            0.        3.0000       0.45794        2.0039        2.0228        1.9649        1.9445         0.410       31.4282     0.0781021     0.0000242     0.0000000     0.0000007     0.0000235     0.0000000     0.0000000     0.0000000     0.0000000     0.0000000 
          62.            0.        4.0000       0.46230        2.0077        2.0243        1.9686        1.9481         0.401       31.3162     0.0781436     0.0000241     0.0000000     0.0000002     0.0000239     0.0000000     0.0000000     0.0000000     0.0000000     0.0000000 
          62.            0.        5.0000       0.46351        2.0095        2.0248        1.9702        1.9496         0.402       31.2917     0.0781103     0.0000240     0.0000000     0.0000000     0.0000239     0.0000000     0.0000000     0.0000000     0.0000000     0.0000000 
          62.            0.        6.0000       0.46376        2.0103        2.0250        1.9709        1.9503         0.407       31.2859     0.0780601     0.0000239     0.0000000     0.0000000     0.0000239     0.0000000     0.0000000     0.0000000     0.0000000     0.0000000 
          63.            0.        7.0000       0.46371        2.0107        2.0250        1.9712        1.9506         0.413       31.2791     0.0780113     0.0000238     0.0000000     0.0000000     0.0000238     0.0000000     0.0000000     0.0000000     0.0000000     0.0000000 
          64.            0.        8.0000       0.46358        2.0109        2.0250        1.9714        1.9507         0.420       31.2712     0.0779696     0.0000237     0.0000000     0.0000000     0.0000237     0.0000000     0.0000000     0.0000000     0.0000000     0.0000000 
          64.            0.        9.0000       0.46342        2.0110        2.0251        1.9715        1.9509         0.427       31.2650     0.0779317     0.0000237     0.0000000     0.0000000     0.0000237     0.0000000     0.0000000     0.0000000     0.0000000     0.0000000 
          64.            0.       10.0000       0.46325        2.0111        2.0251        1.9716        1.9510         0.434       31.2591     0.0778938     0.0000236     0.0000000     0.0000000     0.0000236     0.0000000     0.0000000     0.0000000     0.0000000     0.0000000 
          65.            0.       11.0000       0.46308        2.0112        2.0251        1.9717        1.9511         0.441       31.2532     0.0778568     0.0000235     0.0000000     0.0000000     0.0000235     0.0000000     0.0000000     0.0000000     0.0000000     0.0000000 
          66.            0.       12.0000       0.46291        2.0113        2.0251        1.9718        1.9512         0.448       31.2478     0.0778201     0.0000235     0.0000000     0.0000000     0.0000235     0.0000000     0.0000000     0.0000000     0.0000000     0.0000000 
          66.            0.       13.0000       0.46274        2.0114        2.0252        1.9719        1.9513         0.456       31.2426     0.0777837     0.0000234     0.0000000     0.0000000     0.0000234     0.0000000     0.0000000     0.0000000     0.0000000     0.0000000 
          66.            0.       14.0000       0.46257        2.0115        2.0252        1.9720        1.9514         0.464       31.2377     0.0777475     0.0000233     0.0000000     0.0000000     0.0000233     0.0000000     0.0000000     0.0000000     0.0000000     0.0000000 
          67.            0.       15.0000       0.46241        2.0116        2.0252        1.9721        1.9515         0.472       31.2330     0.0777116     0.0000233     0.0000000     0.0000000     0.0000233     0.0000000     0.0000000     0.0000000     0.0000000     0.0000000 
          68.            0.       16.0000       0.46224        2.0117        2.0252        1.9722        1.9516         0.480       31.2283     0.0776758     0.0000232     0.0000000     0.0000000     0.0000232     0.0000000     0.0000000     0.0000000     0.0000000     0.0000000 
          68.            0.       17.0000       0.46208        2.0118        2.0253        1.9723        1.9517         0.488       31.2238     0.0776402     0.0000232     0.0000000     0.0000000     0.0000232     0.0000000     0.0000000     0.0000000     0.0000000     0.0000000 
          68.            0.       18.0000       0.46191        2.0118        2.0253        1.9724        1.9518         0.497       31.2195     0.0776047     0.0000231     0.0000000     0.0000000     0.0000231     0.0000000     0.0000000     0.0000000     0.0000000     0.0000000 
          69.            0.       19.0000       0.46175        2.0119        2.0253        1.9725        1.9519         0.505       31.2152     0.0775694     0.0000230     0.0000000     0.0000000     0.0000230     0.0000000     0.0000000     0.0000000     0.0000000     0.0000000 
          70.            0.       19.0000       0.46159        2.0120        2.0253        1.9726        1.9520         0.514       31.2111     0.0775344     0.0000230     0.0000000     0.0000000     0.0000230     0.0000000     0.0000000     0.0000000     0.0000000     0.0000000 
          70.            0.       19.0000       0.46143        2.0121        2.0254        1.9727        1.9521         0.524       31.2071     0.0774994     0.0000229     0.0000000     0.0000000     0.0000229     0.0000000     0.0000000     0.0000000     0.0000000     0.0000000 
          70.            0.       19.0000       0.46127        2.0122        2.0254        1.9728        1.9522         0.533       31.2031     0.0774647     0.0000229     0.0000000     0.0000000     0.0000229     0.0000000     0.0000000     0.0000000     0.0000000     0.0000000 
          71.            0.       19.0000       0.46111        2.0123        2.0254        1.9729        1.9523         0.543       31.1994     0.0774301     0.0000228     0.0000000     0.0000000     0.0000228     0.0000000     0.0000000     0.0000000     0.0000000     0.0000000 
          72.            0.       19.0000       0.46095        2.0124        2.0254        1.9730        1.9524         0.552       31.1957     0.0773957     0.0000228     0.0000000     0.0000000     0.0000228     0.0000000     0.0000000     0.0000000     0.0000000     0.0000000 
          72.            0.       19.0000       0.46079        2.0125        2.0255        1.9731        1.9525         0.562       31.1921     0.0773614     0.0000227     0.0000000     0.0000000     0.0000227     0.0000000     0.0000000     0.0000000     0.0000000     0.0000000 
          72.            0.       19.0000       0.46063        2.0125        2.0255        1.9731        1.9526         0.573       31.1886     0.0773273     0.0000226     0.0000000     0.0000000     0.0000226     0.0000000     0.0000000     0.0000000     0.0000000     0.0000000 
          73.            0.       19.0000       0.46047        2.0126        2.0255        1.9732        1.9527         0.583       31.1853     0.0772934     0.0000226     0.0000000     0.0000000     0.0000226     0.0000000     0.0000000     0.0000000     0.0000000     0.0000000 
          74.            0.       19.0000       0.46032        2.0127        2.0255        1.9733        1.9527         0.594       31.1821     0.0772595     0.0000225     0.0000000     0.0000000     0.0000225     0.0000000     0.0000000     0.0000000     0.0000000     0.0000000 
          74.            0.       19.0000       0.46016        2.0128        2.0256        1.9734        1.9528         0.605       31.1789     0.0772259     0.0000225     0.0000000     0.0000000     0.0000225     0.0000000     0.0000000     0.0000000     0.0000000     0.0000000 
          74.            0.       19.0000       0.46001        2.0129        2.0256        1.9735        1.9529         0.616       31.1759     0.0771924     0.0000224     0.0000000     0.0000000     0.0000224     0.0000000     0.0000000     0.0000000     0.0000000     0.0000000 
          75.            0.       19.0000       0.45985        2.0130        2.0256        1.9736        1.9530         0.627       31.1730     0.0771591     0.0000224     0.0000000     0.0000000     0.0000224     0.0000000     0.0000000     0.0000000     0.0000000     0.0000000 
          76.            0.       19.0000       0.45970        2.0131        2.0256        1.9737        1.9531         0.638       31.1702     0.0771258     0.0000223     0.0000000     0.0000000     0.0000223     0.0000000     0.0000000     0.0000000     0.0000000     0.0000000 
          76.            0.       19.0000       0.45955        2.0131        2.0257        1.9738        1.9532         0.650       31.1675     0.0770928     0.0000223     0.0000000     0.0000000     0.0000223     0.0000000     0.0000000     0.0000000     0.0000000     0.0000000 
          76.            0.       19.0000       0.45940        2.0132        2.0257        1.9739        1.9533         0.662       31.1649     0.0770599     0.0000222     0.0000000     0.0000000     0.0000222     0.0000000     0.0000000     0.0000000     0.0000000     0.0000000 
          77.            0.       19.0000       0.45925        2.0133        2.0257        1.9740        1.9534         0.674       31.1623     0.0770271     0.0000221     0.0000000     0.0000000     0.0000221     0.0000000     0.0000000     0.0000000     0.0000000     0.0000000 
          78.            0.       19.0000       0.45910        2.0134        2.0257        1.9741        1.9535         0.686       31.1599     0.0769944     0.0000221     0.0000000     0.0000000     0.0000221     0.0000000     0.0000000     0.0000000     0.0000000     0.0000000 
          78.            0.       19.0000       0.45895        2.0135        2.0258        1.9741        1.9536         0.699       31.1576     0.0769619     0.0000220     0.0000000     0.0000000     0.0000220     0.0000000     0.0000000     0.0000000     0.0000000     0.0000000 
          78.            0.       19.0000       0.45880        2.0136        2.0258        1.9742        1.9537         0.711       31.1554     0.0769296     0.0000220     0.0000000     0.0000000     0.0000220     0.0000000     0.0000000     0.0000000     0.0000000     0.0000000 
          79.            0.       19.0000       0.45865        2.0136        2.0258        1.9743        1.9538         0.724       31.1533     0.0768974     0.0000219     0.0000000     0.0000000     0.0000219     0.0000000     0.0000000     0.0000000     0.0000000     0.0000000 
          80.            0.       19.0000       0.45850        2.0137        2.0258        1.9744        1.9539         0.736       31.1512     0.0768653     0.0000219     0.0000000     0.0000000     0.0000219     0.0000000     0.0000000     0.0000000     0.0000000     0.0000000 
          80.            0.       19.0000       0.45835        2.0138        2.0258        1.9745        1.9540         0.749       31.1492     0.0768332     0.0000218     0.0000000     0.0000000     0.0000218     0.0000000     0.0000000     0.0000000     0.0000000     0.0000000 
          80.            0.       19.0000       0.45821        2.0139        2.0259        1.9746        1.9541         0.762       31.1473     0.0768014     0.0000218     0.0000000     0.0000000     0.0000218     0.0000000     0.0000000     0.0000000     0.0000000     0.0000000 
          81.            0.       19.0000       0.45806        2.0140        2.0259        1.9747        1.9542         0.776       31.1455     0.0767697     0.0000217     0.0000000     0.0000000     0.0000217     0.0000000     0.0000000     0.0000000     0.0000000     0.0000000 
          82.            0.       19.0000       0.45792        2.0140        2.0259        1.9748        1.9543         0.789       31.1438     0.0767380     0.0000217     0.0000000     0.0000000     0.0000217     0.0000000     0.0000000     0.0000000     0.0000000     0.0000000 
          82.            0.       19.0000       0.45777        2.0141        2.0259        1.9749        1.9543         0.802       31.1421     0.0767065     0.0000216     0.0000000     0.0000000     0.0000216     0.0000000     0.0000000     0.0000000     0.0000000     0.0000000 
          82.            0.       19.0000       0.45763        2.0142        2.0260        1.9749        1.9544         0.816       31.1404     0.0766751     0.0000216     0.0000000     0.0000000     0.0000216     0.0000000     0.0000000     0.0000000     0.0000000     0.0000000 
          83.            0.       19.0000       0.45749        2.0143        2.0260        1.9750        1.9545         0.829       31.1388     0.0766438     0.0000215     0.0000000     0.0000000     0.0000215     0.0000000     0.0000000     0.0000000     0.0000000     0.0000000 
          84.            0.       19.0000       0.45734        2.0144        2.0260        1.9751        1.9546         0.843       31.1373     0.0766126     0.0000215     0.0000000     0.0000000     0.0000215     0.0000000     0.0000000     0.0000000     0.0000000     0.0000000 
          84.            0.       19.0000       0.45720        2.0144        2.0260        1.9752        1.9547         0.856       31.1358     0.0765815     0.0000214     0.0000000     0.0000000     0.0000214     0.0000000     0.0000000     0.0000000     0.0000000     0.0000000 
          84.            0.       19.0000       0.45706        2.0145        2.0261        1.9753        1.9548         0.870       31.1344     0.0765505     0.0000214     0.0000000     0.0000000     0.0000214     0.0000000     0.0000000     0.0000000     0.0000000     0.0000000 
          85.            0.       19.0000       0.45692        2.0146        2.0261        1.9754        1.9549         0.884       31.1330     0.0765195     0.0000213     0.0000000     0.0000000     0.0000213     0.0000000     0.0000000     0.0000000     0.0000000     0.0000000 
          86.            0.       19.0000       0.45678        2.0147        2.0261        1.9755        1.9550         0.897       31.1316     0.0764888     0.0000213     0.0000000     0.0000000     0.0000213     0.0000000     0.0000000     0.0000000     0.0000000     0.0000000 
          86.            0.       19.0000       0.45664        2.0148        2.0261        1.9756        1.9551         0.911       31.1303     0.0764580     0.0000212     0.0000000     0.0000000     0.0000212     0.0000000     0.0000000     0.0000000     0.0000000     0.0000000 
          86.            0.       19.0000       0.45649        2.0149        2.0262        1.9756        1.9552         0.925       31.1289     0.0764274     0.0000212     0.0000000     0.0000000     0.0000212     0.0000000     0.0000000     0.0000000     0.0000000     0.0000000 
          87.            0.       19.0000       0.45636        2.0149        2.0262        1.9757        1.9553         0.939       31.1276     0.0763968     0.0000211     0.0000000     0.0000000     0.0000211     0.0000000     0.0000000     0.0000000     0.0000000     0.0000000 
          88.            0.       19.0000       0.45622        2.0150        2.0262        1.9758        1.9554         0.952       31.1263     0.0763663     0.0000211     0.0000000     0.0000000     0.0000211     0.0000000     0.0000000     0.0000000     0.0000000     0.0000000 
          88.            0.       19.0000       0.45608        2.0151        2.0262        1.9759        1.9555         0.966       31.1250     0.0763359     0.0000210     0.0000000     0.0000000     0.0000210     0.0000000     0.0000000     0.0000000     0.0000000     0.0000000 
          88.            0.       19.0000       0.45594        2.0152        2.0263        1.9760        1.9555         0.980       31.1237     0.0763056     0.0000210     0.0000000     0.0000000     0.0000210     0.0000000     0.0000000     0.0000000     0.0000000     0.0000000 
          89.            0.       19.0000       0.45580        2.0153        2.0263        1.9761        1.9556         0.993       31.1224     0.0762754     0.0000210     0.0000000     0.0000000     0.0000210     0.0000000     0.0000000     0.0000000     0.0000000     0.0000000 
          90.            0.       19.0000       0.45566        2.0153        2.0263        1.9762        1.9557         1.007       31.1211     0.0762452     0.0000209     0.0000000     0.0000000     0.0000209     0.0000000     0.0000000     0.0000000     0.0000000     0.0000000 
          90.            0.       19.0000       0.45552        2.0154        2.0263        1.9763        1.9558         1.021       31.1198     0.0762151     0.0000209     0.0000000     0.0000000     0.0000209     0.0000000     0.0000000     0.0000000     0.0000000     0.0000000 
          90.            0.       19.0000       0.45539        2.0155        2.0264        1.9763        1.9559         1.034       31.1184     0.0761850     0.0000208     0.0000000     0.0000000     0.0000208     0.0000000     0.0000000     0.0000000     0.0000000     0.0000000 
          91.            0.       19.0000       0.45525        2.0156        2.0264        1.9764        1.9560         1.048       31.1171     0.0761550     0.0000208     0.0000000     0.0000000     0.0000208     0.0000000     0.0000000     0.0000000     0.0000000     0.0000000 
          92.            0.       19.0000       0.45511        2.0156        2.0264        1.9765        1.9561         1.062       31.1157     0.0761251     0.0000207     0.0000000     0.0000000     0.0000207     0.0000000     0.0000000     0.0000000     0.0000000     0.0000000 
          92.            0.       19.0000       0.45498        2.0157        2.0265        1.9766        1.9562         1.075       31.1143     0.0760953     0.0000207     0.0000000     0.0000000     0.0000207     0.0000000     0.0000000     0.0000000     0.0000000     0.0000000 
          92.            0.       19.0000       0.45484        2.0158        2.0265        1.9767        1.9563         1.089       31.1129     0.0760655     0.0000206     0.0000000     0.0000000     0.0000206     0.0000000     0.0000000     0.0000000     0.0000000     0.0000000 
          93.            0.       19.0000       0.45471        2.0159        2.0265        1.9768        1.9564         1.102       31.1115     0.0760358     0.0000206     0.0000000     0.0000000     0.0000206     0.0000000     0.0000000     0.0000000     0.0000000     0.0000000 
          94.            0.       19.0000       0.45457        2.0160        2.0265        1.9769        1.9565         1.115       31.1100     0.0760061     0.0000205     0.0000000     0.0000000     0.0000205     0.0000000     0.0000000     0.0000000     0.0000000     0.0000000 
          94.            0.       19.0000       0.45443        2.0160        2.0266        1.9769        1.9565         1.129       31.1085     0.0759765     0.0000205     0.0000000     0.0000000     0.0000205     0.0000000     0.0000000     0.0000000     0.0000000     0.0000000 
          94.            0.       19.0000       0.45430        2.0161        2.0266        1.9770        1.9566         1.142       31.1069     0.0759469     0.0000204     0.0000000     0.0000000     0.0000204     0.0000000     0.0000000     0.0000000     0.0000000     0.0000000 
          95.            0.       19.0000       0.45416        2.0162        2.0266        1.9771        1.9567         1.155       31.1053     0.0759175     0.0000204     0.0000000     0.0000000     0.0000204     0.0000000     0.0000000     0.0000000     0.0000000     0.0000000 
          96.            0.       19.0000       0.45403        2.0163        2.0266        1.9772        1.9568         1.168       31.1037     0.0758880     0.0000204     0.0000000     0.0000000     0.0000204     0.0000000     0.0000000     0.0000000     0.0000000     0.0000000 
          96.            0.       19.0000       0.45390        2.0164        2.0267        1.9773        1.9569         1.181       31.1020     0.0758587     0.0000203     0.0000000     0.0000000     0.0000203     0.0000000     0.0000000     0.0000000     0.0000000     0.0000000 
          96.            0.       19.0000       0.45376        2.0164        2.0267        1.9774        1.9570         1.194       31.1003     0.0758294     0.0000203     0.0000000     0.0000000     0.0000203     0.0000000     0.0000000     0.0000000     0.0000000     0.0000000 
          97.            0.       19.0000       0.45363        2.0165        2.0267        1.9774        1.9571         1.207       31.0985     0.0758001     0.0000202     0.0000000     0.0000000     0.0000202     0.0000000     0.0000000     0.0000000     0.0000000     0.0000000 
          98.            0.       19.0000       0.45349        2.0166        2.0267        1.9775        1.9572         1.220       31.0968     0.0757709     0.0000202     0.0000000     0.0000000     0.0000202     0.0000000     0.0000000     0.0000000     0.0000000     0.0000000 
          98.            0.       19.0000       0.45336        2.0167        2.0268        1.9776        1.9573         1.233       31.0949     0.0757417     0.0000201     0.0000000     0.0000000     0.0000201     0.0000000     0.0000000     0.0000000     0.0000000     0.0000000 
          98.            0.       19.0000       0.45323        2.0167        2.0268        1.9777        1.9573         1.246       31.0930     0.0757127     0.0000201     0.0000000     0.0000000     0.0000201     0.0000000     0.0000000     0.0000000     0.0000000     0.0000000 
          99.            0.       19.0000       0.45309        2.0168        2.0268        1.9778        1.9574         1.259       31.0911     0.0756836     0.0000200     0.0000000     0.0000000     0.0000200     0.0000000     0.0000000     0.0000000     0.0000000     0.0000000 
         100.            0.       19.0000       0.45296        2.0169        2.0268        1.9779        1.9575         1.271       31.0891     0.0756546     0.0000200     0.0000000     0.0000000     0.0000200     0.0000000     0.0000000     0.0000000     0.0000000     0.0000000 
         100.            0.       19.0000       0.45283        2.0170        2.0269        1.9779        1.9576         1.284       31.0871     0.0756257     0.0000200     0.0000000     0.0000000     0.0000200     0.0000000     0.0000000     0.0000000     0.0000000     0.0000000 
