%
%
% Run:2017  Table:COMPGRID          SWAN version:41.10A
%
%       Xp            Yp            Depth         Hsig          Tm_10         TPsmoo        Tm01          Tm02          Dir           Dspr          Steepn        Dissip        Ssurf         Sfric         Swcap         Redist        Snl3          Snl4          Genera        Swind    
%       [m]           [m]           [m]           [m]           [sec]         [sec]         [sec]         [sec]         [degr]        [degr]        [ ]           [m2/s]        [m2/s]        [m2/s]        [m2/s]        [m2/s]        [m2/s]        [m2/s]        [m2/s]        [m2/s]   
%
           0.            0.       19.0000       0.75819        7.2084        8.0134        6.5767        5.8853         0.032       33.4752     0.0148181     0.0000000     0.0000000     0.0000000     0.0000000     0.0000000     0.0000000     0.0000000     0.0000000     0.0000000 
           0.            0.       19.0000       0.75819        7.2084        8.0134        6.5767        5.8853         0.032       33.4750     0.0148181     0.0000020     0.0000000     0.0000020     0.0000000     0.0000000     0.0000000     0.0000000     0.0000000     0.0000000 
           1.            0.       19.0000       0.75818        7.2084        8.0134        6.5767        5.8853         0.032       33.4749     0.0148180     0.0000020     0.0000000     0.0000020     0.0000000     0.0000000     0.0000000     0.0000000     0.0000000     0.0000000 
           2.            0.       19.0000       0.75818        7.2084        8.0134        6.5767        5.8853         0.032       33.4748     0.0148179     0.0000020     0.0000000     0.0000020     0.0000000     0.0000000     0.0000000     0.0000000     0.0000000     0.0000000 
           2.            0.       19.0000       0.75818        7.2084        8.0134        6.5767        5.8853         0.032       33.4747     0.0148178     0.0000020     0.0000000     0.0000020     0.0000000     0.0000000     0.0000000     0.0000000     0.0000000     0.0000000 
           2.            0.       19.0000       0.75818        7.2084        8.0134        6.5767        5.8854         0.031       33.4745     0.0148177     0.0000020     0.0000000     0.0000020     0.0000000     0.0000000     0.0000000     0.0000000     0.0000000     0.0000000 
           3.            0.       19.0000       0.75818        7.2084        8.0134        6.5767        5.8854         0.031       33.4744     0.0148176     0.0000020     0.0000000     0.0000020     0.0000000     0.0000000     0.0000000     0.0000000     0.0000000     0.0000000 
           4.            0.       19.0000       0.75817        7.2084        8.0134        6.5767        5.8854         0.031       33.4743     0.0148175     0.0000020     0.0000000     0.0000020     0.0000000     0.0000000     0.0000000     0.0000000     0.0000000     0.0000000 
           4.            0.       19.0000       0.75817        7.2084        8.0134        6.5767        5.8854         0.031       33.4741     0.0148175     0.0000020     0.0000000     0.0000020     0.0000000     0.0000000     0.0000000     0.0000000     0.0000000     0.0000000 
           4.            0.       19.0000       0.75817        7.2084        8.0134        6.5767        5.8854         0.031       33.4740     0.0148174     0.0000020     0.0000000     0.0000020     0.0000000     0.0000000     0.0000000     0.0000000     0.0000000     0.0000000 
           5.            0.       19.0000       0.75817        7.2084        8.0134        6.5767        5.8854         0.030       33.4739     0.0148173     0.0000020     0.0000000     0.0000020     0.0000000     0.0000000     0.0000000     0.0000000     0.0000000     0.0000000 
           6.            0.       19.0000       0.75816        7.2084        8.0134        6.5767        5.8854         0.030       33.4738     0.0148172     0.0000020     0.0000000     0.0000020     0.0000000     0.0000000     0.0000000     0.0000000     0.0000000     0.0000000 
           6.            0.       19.0000       0.75816        7.2084        8.0134        6.5767        5.8854         0.030       33.4736     0.0148172     0.0000020     0.0000000     0.0000020     0.0000000     0.0000000     0.0000000     0.0000000     0.0000000     0.0000000 
           6.            0.       19.0000       0.75816        7.2084        8.0134        6.5767        5.8854         0.030       33.4735     0.0148171     0.0000020     0.0000000     0.0000020     0.0000000     0.0000000     0.0000000     0.0000000     0.0000000     0.0000000 
           7.            0.       19.0000       0.75816        7.2084        8.0134        6.5767        5.8854         0.030       33.4734     0.0148170     0.0000020     0.0000000     0.0000020     0.0000000     0.0000000     0.0000000     0.0000000     0.0000000     0.0000000 
           8.            0.       19.0000       0.75816        7.2084        8.0134        6.5768        5.8854         0.029       33.4733     0.0148169     0.0000020     0.0000000     0.0000020     0.0000000     0.0000000     0.0000000     0.0000000     0.0000000     0.0000000 
           8.            0.       19.0000       0.75815        7.2084        8.0134        6.5768        5.8854         0.029       33.4732     0.0148168     0.0000020     0.0000000     0.0000020     0.0000000     0.0000000     0.0000000     0.0000000     0.0000000     0.0000000 
           8.            0.       19.0000       0.75815        7.2084        8.0134        6.5768        5.8854         0.029       33.4731     0.0148167     0.0000020     0.0000000     0.0000020     0.0000000     0.0000000     0.0000000     0.0000000     0.0000000     0.0000000 
           9.            0.       19.0000       0.75815        7.2084        8.0134        6.5768        5.8855         0.029       33.4730     0.0148167     0.0000020     0.0000000     0.0000020     0.0000000     0.0000000     0.0000000     0.0000000     0.0000000     0.0000000 
          10.            0.       19.0000       0.75815        7.2084        8.0134        6.5768        5.8855         0.029       33.4728     0.0148166     0.0000020     0.0000000     0.0000020     0.0000000     0.0000000     0.0000000     0.0000000     0.0000000     0.0000000 
          10.            0.       19.0000       0.75814        7.2084        8.0134        6.5768        5.8855         0.028       33.4727     0.0148165     0.0000020     0.0000000     0.0000020     0.0000000     0.0000000     0.0000000     0.0000000     0.0000000     0.0000000 
          10.            0.       19.0000       0.75814        7.2084        8.0134        6.5768        5.8855         0.028       33.4726     0.0148164     0.0000020     0.0000000     0.0000020     0.0000000     0.0000000     0.0000000     0.0000000     0.0000000     0.0000000 
          11.            0.       19.0000       0.75814        7.2084        8.0134        6.5768        5.8855         0.028       33.4725     0.0148164     0.0000020     0.0000000     0.0000020     0.0000000     0.0000000     0.0000000     0.0000000     0.0000000     0.0000000 
          12.            0.       19.0000       0.75814        7.2084        8.0134        6.5768        5.8855         0.028       33.4724     0.0148163     0.0000020     0.0000000     0.0000020     0.0000000     0.0000000     0.0000000     0.0000000     0.0000000     0.0000000 
          12.            0.       19.0000       0.75814        7.2084        8.0134        6.5768        5.8855         0.028       33.4723     0.0148162     0.0000020     0.0000000     0.0000020     0.0000000     0.0000000     0.0000000     0.0000000     0.0000000     0.0000000 
          12.            0.       19.0000       0.75813        7.2084        8.0134        6.5768        5.8855         0.027       33.4722     0.0148161     0.0000020     0.0000000     0.0000020     0.0000000     0.0000000     0.0000000     0.0000000     0.0000000     0.0000000 
          13.            0.       19.0000       0.75813        7.2084        8.0134        6.5768        5.8855         0.027       33.4721     0.0148161     0.0000020     0.0000000     0.0000020     0.0000000     0.0000000     0.0000000     0.0000000     0.0000000     0.0000000 
          14.            0.       19.0000       0.75813        7.2084        8.0134        6.5768        5.8855         0.027       33.4719     0.0148160     0.0000020     0.0000000     0.0000020     0.0000000     0.0000000     0.0000000     0.0000000     0.0000000     0.0000000 
          14.            0.       19.0000       0.75813        7.2084        8.0134        6.5768        5.8855         0.027       33.4718     0.0148159     0.0000020     0.0000000     0.0000020     0.0000000     0.0000000     0.0000000     0.0000000     0.0000000     0.0000000 
          14.            0.       19.0000       0.75813        7.2084        8.0134        6.5768        5.8855         0.027       33.4717     0.0148158     0.0000020     0.0000000     0.0000020     0.0000000     0.0000000     0.0000000     0.0000000     0.0000000     0.0000000 
          15.            0.       19.0000       0.75812        7.2084        8.0134        6.5768        5.8855         0.027       33.4716     0.0148158     0.0000020     0.0000000     0.0000020     0.0000000     0.0000000     0.0000000     0.0000000     0.0000000     0.0000000 
          16.            0.       19.0000       0.75812        7.2084        8.0134        6.5768        5.8855         0.026       33.4715     0.0148157     0.0000020     0.0000000     0.0000020     0.0000000     0.0000000     0.0000000     0.0000000     0.0000000     0.0000000 
          16.            0.       19.0000       0.75812        7.2084        8.0134        6.5768        5.8855         0.026       33.4714     0.0148156     0.0000020     0.0000000     0.0000020     0.0000000     0.0000000     0.0000000     0.0000000     0.0000000     0.0000000 
          16.            0.       19.0000       0.75812        7.2084        8.0134        6.5768        5.8856         0.026       33.4713     0.0148156     0.0000020     0.0000000     0.0000020     0.0000000     0.0000000     0.0000000     0.0000000     0.0000000     0.0000000 
          17.            0.       19.0000       0.75811        7.2084        8.0134        6.5768        5.8856         0.026       33.4712     0.0148155     0.0000020     0.0000000     0.0000020     0.0000000     0.0000000     0.0000000     0.0000000     0.0000000     0.0000000 
          18.            0.       19.0000       0.75811        7.2084        8.0134        6.5768        5.8856         0.026       33.4711     0.0148154     0.0000020     0.0000000     0.0000020     0.0000000     0.0000000     0.0000000     0.0000000     0.0000000     0.0000000 
          18.            0.       19.0000       0.75811        7.2084        8.0134        6.5768        5.8856         0.026       33.4710     0.0148154     0.0000020     0.0000000     0.0000020     0.0000000     0.0000000     0.0000000     0.0000000     0.0000000     0.0000000 
          18.            0.       19.0000       0.75811        7.2084        8.0134        6.5768        5.8856         0.025       33.4709     0.0148153     0.0000020     0.0000000     0.0000020     0.0000000     0.0000000     0.0000000     0.0000000     0.0000000     0.0000000 
          19.            0.       19.0000       0.75811        7.2084        8.0134        6.5768        5.8856         0.025       33.4708     0.0148152     0.0000020     0.0000000     0.0000020     0.0000000     0.0000000     0.0000000     0.0000000     0.0000000     0.0000000 
          20.            0.       19.0000       0.75810        7.2084        8.0134        6.5768        5.8856         0.025       33.4707     0.0148152     0.0000020     0.0000000     0.0000020     0.0000000     0.0000000     0.0000000     0.0000000     0.0000000     0.0000000 
          20.            0.       19.0000       0.75810        7.2084        8.0134        6.5768        5.8856         0.025       33.4706     0.0148151     0.0000020     0.0000000     0.0000020     0.0000000     0.0000000     0.0000000     0.0000000     0.0000000     0.0000000 
          20.            0.       19.0000       0.75810        7.2084        8.0134        6.5768        5.8856         0.025       33.4705     0.0148151     0.0000020     0.0000000     0.0000020     0.0000000     0.0000000     0.0000000     0.0000000     0.0000000     0.0000000 
          21.            0.       19.0000       0.75810        7.2084        8.0134        6.5768        5.8856         0.025       33.4705     0.0148150     0.0000020     0.0000000     0.0000020     0.0000000     0.0000000     0.0000000     0.0000000     0.0000000     0.0000000 
          22.            0.       19.0000       0.75810        7.2084        8.0134        6.5768        5.8856         0.025       33.4703     0.0148149     0.0000020     0.0000000     0.0000020     0.0000000     0.0000000     0.0000000     0.0000000     0.0000000     0.0000000 
          22.            0.       19.0000       0.75809        7.2084        8.0134        6.5768        5.8856         0.024       33.4703     0.0148149     0.0000020     0.0000000     0.0000020     0.0000000     0.0000000     0.0000000     0.0000000     0.0000000     0.0000000 
          22.            0.       19.0000       0.75809        7.2084        8.0134        6.5768        5.8856         0.024       33.4702     0.0148148     0.0000020     0.0000000     0.0000020     0.0000000     0.0000000     0.0000000     0.0000000     0.0000000     0.0000000 
          23.            0.       19.0000       0.75809        7.2084        8.0134        6.5768        5.8856         0.024       33.4701     0.0148148     0.0000020     0.0000000     0.0000020     0.0000000     0.0000000     0.0000000     0.0000000     0.0000000     0.0000000 
          24.            0.       19.0000       0.75809        7.2084        8.0134        6.5768        5.8856         0.024       33.4700     0.0148147     0.0000020     0.0000000     0.0000020     0.0000000     0.0000000     0.0000000     0.0000000     0.0000000     0.0000000 
          24.            0.       19.0000       0.75809        7.2084        8.0134        6.5768        5.8856         0.024       33.4699     0.0148147     0.0000020     0.0000000     0.0000020     0.0000000     0.0000000     0.0000000     0.0000000     0.0000000     0.0000000 
          24.            0.       19.0000       0.75808        7.2084        8.0134        6.5768        5.8856         0.024       33.4698     0.0148146     0.0000020     0.0000000     0.0000020     0.0000000     0.0000000     0.0000000     0.0000000     0.0000000     0.0000000 
          25.            0.       19.0000       0.75808        7.2084        8.0134        6.5768        5.8856         0.024       33.4697     0.0148145     0.0000020     0.0000000     0.0000020     0.0000000     0.0000000     0.0000000     0.0000000     0.0000000     0.0000000 
          26.            0.       19.0000       0.75808        7.2084        8.0134        6.5768        5.8856         0.023       33.4696     0.0148145     0.0000020     0.0000000     0.0000020     0.0000000     0.0000000     0.0000000     0.0000000     0.0000000     0.0000000 
          26.            0.       19.0000       0.75808        7.2084        8.0134        6.5768        5.8856         0.023       33.4696     0.0148144     0.0000020     0.0000000     0.0000020     0.0000000     0.0000000     0.0000000     0.0000000     0.0000000     0.0000000 
          26.            0.       19.0000       0.75807        7.2084        8.0134        6.5768        5.8856         0.023       33.4695     0.0148144     0.0000020     0.0000000     0.0000020     0.0000000     0.0000000     0.0000000     0.0000000     0.0000000     0.0000000 
          27.            0.       19.0000       0.75807        7.2084        8.0134        6.5768        5.8856         0.023       33.4694     0.0148143     0.0000020     0.0000000     0.0000020     0.0000000     0.0000000     0.0000000     0.0000000     0.0000000     0.0000000 
          28.            0.       19.0000       0.75807        7.2084        8.0134        6.5768        5.8856         0.023       33.4693     0.0148143     0.0000020     0.0000000     0.0000020     0.0000000     0.0000000     0.0000000     0.0000000     0.0000000     0.0000000 
          28.            0.       19.0000       0.75807        7.2084        8.0134        6.5768        5.8856         0.023       33.4692     0.0148142     0.0000020     0.0000000     0.0000020     0.0000000     0.0000000     0.0000000     0.0000000     0.0000000     0.0000000 
          28.            0.       19.0000       0.75807        7.2084        8.0134        6.5768        5.8856         0.023       33.4691     0.0148142     0.0000020     0.0000000     0.0000020     0.0000000     0.0000000     0.0000000     0.0000000     0.0000000     0.0000000 
          29.            0.       19.0000       0.75806        7.2084        8.0134        6.5768        5.8856         0.023       33.4691     0.0148142     0.0000020     0.0000000     0.0000020     0.0000000     0.0000000     0.0000000     0.0000000     0.0000000     0.0000000 
          30.            0.       19.0000       0.75806        7.2083        8.0134        6.5768        5.8856         0.022       33.4690     0.0148141     0.0000020     0.0000000     0.0000020     0.0000000     0.0000000     0.0000000     0.0000000     0.0000000     0.0000000 
          30.            0.       19.0000       0.75806        7.2083        8.0134        6.5768        5.8856         0.022       33.4689     0.0148140     0.0000020     0.0000000     0.0000020     0.0000000     0.0000000     0.0000000     0.0000000     0.0000000     0.0000000 
          30.            0.       19.0000       0.75806        7.2083        8.0134        6.5768        5.8856         0.022       33.4688     0.0148140     0.0000020     0.0000000     0.0000020     0.0000000     0.0000000     0.0000000     0.0000000     0.0000000     0.0000000 
          31.            0.       19.0000       0.75806        7.2083        8.0134        6.5768        5.8856         0.022       33.4687     0.0148140     0.0000020     0.0000000     0.0000020     0.0000000     0.0000000     0.0000000     0.0000000     0.0000000     0.0000000 
          32.            0.       19.0000       0.75805        7.2083        8.0134        6.5768        5.8856         0.022       33.4687     0.0148139     0.0000020     0.0000000     0.0000020     0.0000000     0.0000000     0.0000000     0.0000000     0.0000000     0.0000000 
          32.            0.       19.0000       0.75805        7.2083        8.0134        6.5768        5.8856         0.022       33.4686     0.0148139     0.0000020     0.0000000     0.0000020     0.0000000     0.0000000     0.0000000     0.0000000     0.0000000     0.0000000 
          32.            0.       19.0000       0.75805        7.2083        8.0134        6.5768        5.8856         0.022       33.4685     0.0148138     0.0000020     0.0000000     0.0000020     0.0000000     0.0000000     0.0000000     0.0000000     0.0000000     0.0000000 
          33.            0.       19.0000       0.75805        7.2083        8.0134        6.5768        5.8856         0.022       33.4685     0.0148138     0.0000020     0.0000000     0.0000020     0.0000000     0.0000000     0.0000000     0.0000000     0.0000000     0.0000000 
          34.            0.       19.0000       0.75805        7.2083        8.0134        6.5768        5.8856         0.021       33.4684     0.0148137     0.0000020     0.0000000     0.0000020     0.0000000     0.0000000     0.0000000     0.0000000     0.0000000     0.0000000 
          34.            0.       19.0000       0.75804        7.2083        8.0134        6.5768        5.8856         0.021       33.4685     0.0148137     0.0000020     0.0000000     0.0000020     0.0000000     0.0000000     0.0000000     0.0000000     0.0000000     0.0000000 
          34.            0.       19.0000       0.75804        7.2083        8.0134        6.5768        5.8856         0.021       33.4687     0.0148137     0.0000020     0.0000000     0.0000020     0.0000000     0.0000000     0.0000000     0.0000000     0.0000000     0.0000000 
          35.            0.       19.0000       0.75804        7.2083        8.0134        6.5768        5.8857         0.021       33.4696     0.0148136     0.0000020     0.0000000     0.0000020     0.0000000     0.0000000     0.0000000     0.0000000     0.0000000     0.0000000 
          36.            0.       19.0000       0.75805        7.2084        8.0134        6.5768        5.8857         0.021       33.4724     0.0148136     0.0000020     0.0000000     0.0000020     0.0000000     0.0000000     0.0000000     0.0000000     0.0000000     0.0000000 
          36.            0.       19.0000       0.75720        7.2065        8.0131        6.5744        5.8828         0.022       33.2874     0.0148100     0.0000020     0.0000000     0.0000020     0.0000000     0.0000000     0.0000000     0.0000000     0.0000000     0.0000000 
          36.            0.       18.0000       0.75382        7.2066        8.0152        6.5706        5.8755         0.024       32.8848     0.0148807     0.0000023     0.0000000     0.0000023     0.0000000     0.0000000     0.0000000     0.0000000     0.0000000     0.0000000 
          37.            0.       17.0000       0.75042        7.2077        8.0174        6.5677        5.8686         0.027       32.4182     0.0149617     0.0000025     0.0000000     0.0000025     0.0000000     0.0000000     0.0000000     0.0000000     0.0000000     0.0000000 
          38.            0.       16.0000       0.74725        7.2105        8.0199        6.5665        5.8634         0.029       31.9276     0.0150565     0.0000029     0.0000000     0.0000029     0.0000000     0.0000000     0.0000000     0.0000000     0.0000000     0.0000000 
          38.            0.       15.0000       0.74445        7.2154        8.0227        6.5676        5.8602         0.031       31.4280     0.0151685     0.0000033     0.0000000     0.0000033     0.0000000     0.0000000     0.0000000     0.0000000     0.0000000     0.0000000 
          38.            0.       14.0000       0.74213        7.2226        8.0256        6.5714        5.8597         0.033       30.9226     0.0153015     0.0000037     0.0000000     0.0000037     0.0000000     0.0000000     0.0000000     0.0000000     0.0000000     0.0000000 
          39.            0.       13.0000       0.74039        7.2323        8.0286        6.5783        5.8621         0.034       30.4116     0.0154623     0.0000043     0.0000000     0.0000043     0.0000000     0.0000000     0.0000000     0.0000000     0.0000000     0.0000000 
          40.            0.       12.0000       0.73936        7.2447        8.0319        6.5887        5.8683         0.036       29.8866     0.0156565     0.0000050     0.0000000     0.0000050     0.0000000     0.0000000     0.0000000     0.0000000     0.0000000     0.0000000 
          40.            0.       11.0000       0.73923        7.2603        8.0352        6.6033        5.8789         0.040       29.3479     0.0158947     0.0000058     0.0000000     0.0000058     0.0000000     0.0000000     0.0000000     0.0000000     0.0000000     0.0000000 
          40.            0.       10.0000       0.74027        7.2793        8.0387        6.6228        5.8951         0.043       28.8012     0.0161909     0.0000069     0.0000000     0.0000069     0.0000000     0.0000000     0.0000000     0.0000000     0.0000000     0.0000000 
          41.            0.        9.0000       0.74280        7.3020        8.0424        6.6483        5.9184         0.047       28.2499     0.0165649     0.0000083     0.0000000     0.0000083     0.0000000     0.0000000     0.0000000     0.0000000     0.0000000     0.0000000 
          42.            0.        8.0000       0.74731        7.3290        8.0461        6.6809        5.9511         0.053       27.6800     0.0170456     0.0000101     0.0000000     0.0000101     0.0000000     0.0000000     0.0000000     0.0000000     0.0000000     0.0000000 
          42.            0.        7.0000       0.75450        7.3606        8.0498        6.7224        5.9965         0.060       27.0970     0.0176772     0.0000126     0.0000000     0.0000126     0.0000000     0.0000000     0.0000000     0.0000000     0.0000000     0.0000000 
          42.            0.        6.0000       0.76539        7.3973        8.0536        6.7749        6.0598         0.067       26.5077     0.0185328     0.0000162     0.0000000     0.0000162     0.0000000     0.0000000     0.0000000     0.0000000     0.0000000     0.0000000 
          43.            0.        5.0000       0.78159        7.4391        8.0573        6.8407        6.1473         0.074       25.8868     0.0197491     0.0000217     0.0000000     0.0000217     0.0000000     0.0000000     0.0000000     0.0000000     0.0000000     0.0000000 
          44.            0.        4.0000       0.80596        7.4856        8.0610        6.9203        6.2634         0.083       25.1756     0.0216173     0.0000308     0.0000000     0.0000308     0.0000001     0.0000000     0.0000000     0.0000000     0.0000000     0.0000000 
          44.            0.        3.0000       0.84414        7.5345        8.0646        7.0093        6.4033         0.089       24.3154     0.0248252     0.0000484     0.0000002     0.0000480     0.0000002     0.0000000     0.0000000     0.0000000     0.0000000     0.0000000 
          44.            0.        2.0000       0.90938        7.5826        8.0681        7.0999        6.5531         0.091       23.1046     0.0312292     0.0005270     0.0004376     0.0000888     0.0000005     0.0000000     0.0000000     0.0000000     0.0000000     0.0000000 
          45.            0.        1.0000       1.03774        7.6277        8.0716        7.1850        6.6981         0.077       22.2789     0.0483414     0.0188306     0.0185816     0.0002452     0.0000039     0.0000000     0.0000000     0.0000000     0.0000000     0.0000000 
          46.            0.        1.0000       1.01565        7.6310        8.0718        7.1912        6.7086         0.070       22.4710     0.0472465     0.0173931     0.0171548     0.0002349     0.0000034     0.0000000     0.0000000     0.0000000     0.0000000     0.0000000 
          46.            0.        1.0000       0.99495        7.6339        8.0721        7.1966        6.7179         0.072       23.1324     0.0462257     0.0159923     0.0157639     0.0002254     0.0000030     0.0000000     0.0000000     0.0000000     0.0000000     0.0000000 
          46.            0.        1.0000       0.97532        7.6365        8.0723        7.2016        6.7264         0.076       23.8898     0.0452624     0.0147285     0.0145091     0.0002167     0.0000026     0.0000000     0.0000000     0.0000000     0.0000000     0.0000000 
          47.            0.        1.0000       0.95690        7.6390        8.0725        7.2063        6.7344         0.080       24.6826     0.0443599     0.0135974     0.0133865     0.0002086     0.0000023     0.0000000     0.0000000     0.0000000     0.0000000     0.0000000 
          48.            0.        1.0000       0.93964        7.6414        8.0727        7.2107        6.7421         0.084       25.4899     0.0435158     0.0125864     0.0123831     0.0002012     0.0000021     0.0000000     0.0000000     0.0000000     0.0000000     0.0000000 
          48.            0.        1.0000       0.92349        7.6437        8.0728        7.2150        6.7494         0.089       26.3037     0.0427260     0.0116813     0.0114851     0.0001943     0.0000019     0.0000000     0.0000000     0.0000000     0.0000000     0.0000000 
          48.            0.        1.0000       0.90834        7.6460        8.0730        7.2191        6.7565         0.094       27.1202     0.0419863     0.0108692     0.0106795     0.0001880     0.0000017     0.0000000     0.0000000     0.0000000     0.0000000     0.0000000 
          49.            0.        1.0000       0.89414        7.6481        8.0732        7.2231        6.7633         0.099       27.9375     0.0412924     0.0101386     0.0099548     0.0001822     0.0000016     0.0000000     0.0000000     0.0000000     0.0000000     0.0000000 
          50.            0.        1.0000       0.88078        7.6502        8.0734        7.2269        6.7698         0.104       28.7542     0.0406408     0.0094796     0.0093013     0.0001768     0.0000014     0.0000000     0.0000000     0.0000000     0.0000000     0.0000000 
          50.            0.        1.0000       0.86822        7.6522        8.0735        7.2306        6.7761         0.110       29.5692     0.0400279     0.0088836     0.0087104     0.0001718     0.0000013     0.0000000     0.0000000     0.0000000     0.0000000     0.0000000 
          50.            0.        1.0000       0.85639        7.6542        8.0737        7.2342        6.7822         0.115       30.3816     0.0394509     0.0083433     0.0081749     0.0001672     0.0000012     0.0000000     0.0000000     0.0000000     0.0000000     0.0000000 
          51.            0.        1.0000       0.84523        7.6560        8.0739        7.2376        6.7881         0.121       31.1907     0.0389069     0.0078523     0.0076883     0.0001629     0.0000011     0.0000000     0.0000000     0.0000000     0.0000000     0.0000000 
          52.            0.        1.0000       0.83470        7.6579        8.0740        7.2410        6.7937         0.126       31.9960     0.0383934     0.0074051     0.0072452     0.0001589     0.0000010     0.0000000     0.0000000     0.0000000     0.0000000     0.0000000 
          52.            0.        1.0000       0.82474        7.6597        8.0742        7.2442        6.7992         0.131       32.7970     0.0379083     0.0069969     0.0068409     0.0001551     0.0000009     0.0000000     0.0000000     0.0000000     0.0000000     0.0000000 
          52.            0.        1.0000       0.81532        7.6614        8.0743        7.2473        6.8045         0.137       33.5936     0.0374496     0.0066237     0.0064712     0.0001516     0.0000009     0.0000000     0.0000000     0.0000000     0.0000000     0.0000000 
          53.            0.        1.0000       0.80641        7.6630        8.0745        7.2503        6.8095         0.142       34.3866     0.0370156     0.0062818     0.0061327     0.0001483     0.0000008     0.0000000     0.0000000     0.0000000     0.0000000     0.0000000 
          54.            0.        1.0000       0.79798        7.6646        8.0746        7.2532        6.8144         0.148       35.1791     0.0366056     0.0059688     0.0058228     0.0001453     0.0000008     0.0000000     0.0000000     0.0000000     0.0000000     0.0000000 
          54.            0.        1.0000       0.79007        7.6662        8.0747        7.2560        6.8191         0.154       35.9794     0.0362202     0.0056835     0.0055404     0.0001424     0.0000007     0.0000000     0.0000000     0.0000000     0.0000000     0.0000000 
          54.            0.        1.0000       0.78279        7.6676        8.0749        7.2586        6.8237         0.164       36.8061     0.0358652     0.0054286     0.0052881     0.0001398     0.0000007     0.0000000     0.0000000     0.0000000     0.0000000     0.0000000 
          55.            0.        1.0000       0.77963        7.6669        8.0748        7.2574        6.8219         0.197       38.2810     0.0357291     0.0053210     0.0051816     0.0001387     0.0000007     0.0000000     0.0000000     0.0000000     0.0000000     0.0000000 
          56.            0.        2.0000       0.67596        7.6259        8.0712        7.1827        6.6956         0.210       40.3738     0.0227310     0.0000557     0.0000064     0.0000493     0.0000001     0.0000000     0.0000000     0.0000000     0.0000000     0.0000000 
          56.            0.        3.0000       0.63006        7.5853        8.0677        7.1100        6.5766         0.191       41.7164     0.0180087     0.0000269     0.0000000     0.0000269     0.0000000     0.0000000     0.0000000     0.0000000     0.0000000     0.0000000 
          56.            0.        4.0000       0.60317        7.5472        8.0643        7.0436        6.4722         0.172       42.5272     0.0155712     0.0000174     0.0000000     0.0000174     0.0000000     0.0000000     0.0000000     0.0000000     0.0000000     0.0000000 
          57.            0.        5.0000       0.58504        7.5125        8.0610        6.9861        6.3871         0.159       42.9373     0.0140861     0.0000123     0.0000000     0.0000123     0.0000000     0.0000000     0.0000000     0.0000000     0.0000000     0.0000000 
          58.            0.        6.0000       0.57176        7.4812        8.0578        6.9374        6.3199         0.150       43.0571     0.0130823     0.0000092     0.0000000     0.0000092     0.0000000     0.0000000     0.0000000     0.0000000     0.0000000     0.0000000 
          58.            0.        7.0000       0.56150        7.4529        8.0545        6.8959        6.2665         0.144       42.9676     0.0123572     0.0000071     0.0000000     0.0000071     0.0000000     0.0000000     0.0000000     0.0000000     0.0000000     0.0000000 
          58.            0.        8.0000       0.55332        7.4271        8.0513        6.8601        6.2229         0.140       42.7259     0.0118102     0.0000056     0.0000000     0.0000056     0.0000000     0.0000000     0.0000000     0.0000000     0.0000000     0.0000000 
          59.            0.        9.0000       0.54665        7.4034        8.0481        6.8288        6.1866         0.138       42.3728     0.0113855     0.0000046     0.0000000     0.0000046     0.0000000     0.0000000     0.0000000     0.0000000     0.0000000     0.0000000 
          60.            0.       10.0000       0.54112        7.3817        8.0448        6.8012        6.1557         0.136       41.9364     0.0110485     0.0000038     0.0000000     0.0000038     0.0000000     0.0000000     0.0000000     0.0000000     0.0000000     0.0000000 
          60.            0.       11.0000       0.53649        7.3617        8.0416        6.7766        6.1289         0.134       41.4355     0.0107765     0.0000031     0.0000000     0.0000031     0.0000000     0.0000000     0.0000000     0.0000000     0.0000000     0.0000000 
          60.            0.       12.0000       0.53254        7.3433        8.0384        6.7547        6.1055         0.131       40.8807     0.0105538     0.0000026     0.0000000     0.0000026     0.0000000     0.0000000     0.0000000     0.0000000     0.0000000     0.0000000 
          61.            0.       13.0000       0.52910        7.3263        8.0352        6.7349        6.0847         0.128       40.2745     0.0103690     0.0000022     0.0000000     0.0000022     0.0000000     0.0000000     0.0000000     0.0000000     0.0000000     0.0000000 
          62.            0.       14.0000       0.52603        7.3105        8.0320        6.7168        6.0660         0.124       39.6113     0.0102132     0.0000019     0.0000000     0.0000019     0.0000000     0.0000000     0.0000000     0.0000000     0.0000000     0.0000000 
          62.            0.       15.0000       0.52316        7.2953        8.0289        6.6997        6.0484         0.119       38.8762     0.0100812     0.0000016     0.0000000     0.0000016     0.0000000     0.0000000     0.0000000     0.0000000     0.0000000     0.0000000 
          62.            0.       16.0000       0.52035        7.2805        8.0256        6.6830        6.0313         0.113       38.0475     0.0099677     0.0000014     0.0000000     0.0000014     0.0000000     0.0000000     0.0000000     0.0000000     0.0000000     0.0000000 
          63.            0.       17.0000       0.51747        7.2654        8.0222        6.6662        6.0139         0.108       37.1045     0.0098694     0.0000012     0.0000000     0.0000012     0.0000000     0.0000000     0.0000000     0.0000000     0.0000000     0.0000000 
          64.            0.       18.0000       0.51456        7.2498        8.0184        6.6490        5.9962         0.102       36.0613     0.0097843     0.0000011     0.0000000     0.0000011     0.0000000     0.0000000     0.0000000     0.0000000     0.0000000     0.0000000 
          64.            0.       19.0000       0.51196        7.2348        8.0144        6.6329        5.9799         0.098       34.9743     0.0097122     0.0000009     0.0000000     0.0000009     0.0000000     0.0000000     0.0000000     0.0000000     0.0000000     0.0000000 
          64.            0.       19.0000       0.51009        7.2287        8.0134        6.6250        5.9708         0.095       34.3883     0.0097037     0.0000009     0.0000000     0.0000009     0.0000000     0.0000000     0.0000000     0.0000000     0.0000000     0.0000000 
          65.            0.       19.0000       0.51011        7.2288        8.0134        6.6250        5.9708         0.096       34.4144     0.0097040     0.0000009     0.0000000     0.0000009     0.0000000     0.0000000     0.0000000     0.0000000     0.0000000     0.0000000 
          66.            0.       19.0000       0.51012        7.2288        8.0134        6.6250        5.9708         0.096       34.4231     0.0097043     0.0000009     0.0000000     0.0000009     0.0000000     0.0000000     0.0000000     0.0000000     0.0000000     0.0000000 
          66.            0.       19.0000       0.51012        7.2287        8.0134        6.6250        5.9707         0.096       34.4261     0.0097045     0.0000009     0.0000000     0.0000009     0.0000000     0.0000000     0.0000000     0.0000000     0.0000000     0.0000000 
          66.            0.       19.0000       0.51012        7.2287        8.0134        6.6250        5.9707         0.097       34.4271     0.0097047     0.0000009     0.0000000     0.0000009     0.0000000     0.0000000     0.0000000     0.0000000     0.0000000     0.0000000 
          67.            0.       19.0000       0.51012        7.2287        8.0134        6.6249        5.9706         0.097       34.4275     0.0097049     0.0000009     0.0000000     0.0000009     0.0000000     0.0000000     0.0000000     0.0000000     0.0000000     0.0000000 
          68.            0.       19.0000       0.51012        7.2287        8.0134        6.6249        5.9705         0.097       34.4277     0.0097051     0.0000009     0.0000000     0.0000009     0.0000000     0.0000000     0.0000000     0.0000000     0.0000000     0.0000000 
          68.            0.       19.0000       0.51012        7.2287        8.0134        6.6248        5.9704         0.098       34.4278     0.0097053     0.0000009     0.0000000     0.0000009     0.0000000     0.0000000     0.0000000     0.0000000     0.0000000     0.0000000 
          68.            0.       19.0000       0.51012        7.2286        8.0134        6.6248        5.9704         0.098       34.4279     0.0097055     0.0000009     0.0000000     0.0000009     0.0000000     0.0000000     0.0000000     0.0000000     0.0000000     0.0000000 
          69.            0.       19.0000       0.51012        7.2286        8.0134        6.6247        5.9703         0.098       34.4280     0.0097057     0.0000009     0.0000000     0.0000009     0.0000000     0.0000000     0.0000000     0.0000000     0.0000000     0.0000000 
          70.            0.       19.0000       0.51012        7.2286        8.0134        6.6247        5.9702         0.099       34.4281     0.0097060     0.0000009     0.0000000     0.0000009     0.0000000     0.0000000     0.0000000     0.0000000     0.0000000     0.0000000 
          70.            0.       19.0000       0.51012        7.2286        8.0134        6.6246        5.9701         0.099       34.4282     0.0097062     0.0000009     0.0000000     0.0000009     0.0000000     0.0000000     0.0000000     0.0000000     0.0000000     0.0000000 
          70.            0.       19.0000       0.51012        7.2286        8.0134        6.6246        5.9700         0.100       34.4284     0.0097065     0.0000009     0.0000000     0.0000009     0.0000000     0.0000000     0.0000000     0.0000000     0.0000000     0.0000000 
          71.            0.       19.0000       0.51012        7.2285        8.0134        6.6245        5.9700         0.100       34.4285     0.0097067     0.0000009     0.0000000     0.0000009     0.0000000     0.0000000     0.0000000     0.0000000     0.0000000     0.0000000 
          72.            0.       19.0000       0.51012        7.2285        8.0134        6.6245        5.9699         0.100       34.4286     0.0097070     0.0000009     0.0000000     0.0000009     0.0000000     0.0000000     0.0000000     0.0000000     0.0000000     0.0000000 
          72.            0.       19.0000       0.51012        7.2285        8.0134        6.6244        5.9698         0.101       34.4288     0.0097073     0.0000009     0.0000000     0.0000009     0.0000000     0.0000000     0.0000000     0.0000000     0.0000000     0.0000000 
          72.            0.       19.0000       0.51012        7.2285        8.0134        6.6244        5.9697         0.101       34.4289     0.0097076     0.0000009     0.0000000     0.0000009     0.0000000     0.0000000     0.0000000     0.0000000     0.0000000     0.0000000 
          73.            0.       19.0000       0.51012        7.2284        8.0134        6.6243        5.9696         0.102       34.4291     0.0097078     0.0000009     0.0000000     0.0000009     0.0000000     0.0000000     0.0000000     0.0000000     0.0000000     0.0000000 
          74.            0.       19.0000       0.51012        7.2284        8.0134        6.6243        5.9695         0.102       34.4293     0.0097081     0.0000009     0.0000000     0.0000009     0.0000000     0.0000000     0.0000000     0.0000000     0.0000000     0.0000000 
          74.            0.       19.0000       0.51012        7.2284        8.0134        6.6242        5.9694         0.103       34.4295     0.0097085     0.0000009     0.0000000     0.0000009     0.0000000     0.0000000     0.0000000     0.0000000     0.0000000     0.0000000 
          74.            0.       19.0000       0.51012        7.2284        8.0134        6.6241        5.9693         0.103       34.4297     0.0097088     0.0000009     0.0000000     0.0000009     0.0000000     0.0000000     0.0000000     0.0000000     0.0000000     0.0000000 
          75.            0.       19.0000       0.51012        7.2283        8.0134        6.6241        5.9692         0.103       34.4299     0.0097091     0.0000009     0.0000000     0.0000009     0.0000000     0.0000000     0.0000000     0.0000000     0.0000000     0.0000000 
          76.            0.       19.0000       0.51012        7.2283        8.0134        6.6240        5.9690         0.104       34.4301     0.0097095     0.0000009     0.0000000     0.0000009     0.0000000     0.0000000     0.0000000     0.0000000     0.0000000     0.0000000 
          76.            0.       19.0000       0.51012        7.2283        8.0134        6.6240        5.9689         0.104       34.4303     0.0097098     0.0000009     0.0000000     0.0000009     0.0000000     0.0000000     0.0000000     0.0000000     0.0000000     0.0000000 
          76.            0.       19.0000       0.51012        7.2282        8.0134        6.6239        5.9688         0.105       34.4306     0.0097102     0.0000009     0.0000000     0.0000009     0.0000000     0.0000000     0.0000000     0.0000000     0.0000000     0.0000000 
          77.            0.       19.0000       0.51012        7.2282        8.0134        6.6238        5.9687         0.105       34.4308     0.0097105     0.0000009     0.0000000     0.0000009     0.0000000     0.0000000     0.0000000     0.0000000     0.0000000     0.0000000 
          78.            0.       19.0000       0.51012        7.2282        8.0134        6.6238        5.9686         0.106       34.4311     0.0097109     0.0000009     0.0000000     0.0000009     0.0000000     0.0000000     0.0000000     0.0000000     0.0000000     0.0000000 
          78.            0.       19.0000       0.51012        7.2281        8.0134        6.6237        5.9684         0.106       34.4313     0.0097113     0.0000009     0.0000000     0.0000009     0.0000000     0.0000000     0.0000000     0.0000000     0.0000000     0.0000000 
          78.            0.       19.0000       0.51012        7.2281        8.0134        6.6236        5.9683         0.107       34.4316     0.0097117     0.0000009     0.0000000     0.0000009     0.0000000     0.0000000     0.0000000     0.0000000     0.0000000     0.0000000 
          79.            0.       19.0000       0.51012        7.2281        8.0134        6.6235        5.9682         0.107       34.4319     0.0097121     0.0000009     0.0000000     0.0000009     0.0000000     0.0000000     0.0000000     0.0000000     0.0000000     0.0000000 
          80.            0.       19.0000       0.51012        7.2280        8.0134        6.6235        5.9680         0.108       34.4322     0.0097125     0.0000009     0.0000000     0.0000009     0.0000000     0.0000000     0.0000000     0.0000000     0.0000000     0.0000000 
          80.            0.       19.0000       0.51012        7.2280        8.0134        6.6234        5.9679         0.108       34.4325     0.0097130     0.0000009     0.0000000     0.0000009     0.0000000     0.0000000     0.0000000     0.0000000     0.0000000     0.0000000 
          80.            0.       19.0000       0.51012        7.2280        8.0134        6.6233        5.9678         0.109       34.4328     0.0097134     0.0000009     0.0000000     0.0000009     0.0000000     0.0000000     0.0000000     0.0000000     0.0000000     0.0000000 
          81.            0.       19.0000       0.51012        7.2279        8.0134        6.6232        5.9676         0.109       34.4331     0.0097138     0.0000009     0.0000000     0.0000009     0.0000000     0.0000000     0.0000000     0.0000000     0.0000000     0.0000000 
          82.            0.       19.0000       0.51012        7.2279        8.0134        6.6231        5.9675         0.110       34.4335     0.0097143     0.0000009     0.0000000     0.0000009     0.0000000     0.0000000     0.0000000     0.0000000     0.0000000     0.0000000 
          82.            0.       19.0000       0.51012        7.2279        8.0134        6.6231        5.9673         0.111       34.4339     0.0097148     0.0000009     0.0000000     0.0000009     0.0000000     0.0000000     0.0000000     0.0000000     0.0000000     0.0000000 
          82.            0.       19.0000       0.51012        7.2278        8.0134        6.6230        5.9672         0.111       34.4342     0.0097152     0.0000009     0.0000000     0.0000009     0.0000000     0.0000000     0.0000000     0.0000000     0.0000000     0.0000000 
          83.            0.       19.0000       0.51012        7.2278        8.0134        6.6229        5.9670         0.112       34.4346     0.0097157     0.0000009     0.0000000     0.0000009     0.0000000     0.0000000     0.0000000     0.0000000     0.0000000     0.0000000 
          84.            0.       19.0000       0.51012        7.2278        8.0134        6.6228        5.9668         0.112       34.4350     0.0097162     0.0000009     0.0000000     0.0000009     0.0000000     0.0000000     0.0000000     0.0000000     0.0000000     0.0000000 
          84.            0.       19.0000       0.51012        7.2277        8.0134        6.6227        5.9667         0.113       34.4354     0.0097167     0.0000009     0.0000000     0.0000009     0.0000000     0.0000000     0.0000000     0.0000000     0.0000000     0.0000000 
          84.            0.       19.0000       0.51012        7.2277        8.0134        6.6226        5.9665         0.114       34.4358     0.0097172     0.0000009     0.0000000     0.0000009     0.0000000     0.0000000     0.0000000     0.0000000     0.0000000     0.0000000 
          85.            0.       19.0000       0.51012        7.2276        8.0134        6.6225        5.9664         0.114       34.4362     0.0097177     0.0000009     0.0000000     0.0000009     0.0000000     0.0000000     0.0000000     0.0000000     0.0000000     0.0000000 
          86.            0.       19.0000       0.51012        7.2276        8.0134        6.6224        5.9662         0.115       34.4366     0.0097183     0.0000009     0.0000000     0.0000009     0.0000000     0.0000000     0.0000000     0.0000000     0.0000000     0.0000000 
          86.            0.       19.0000       0.51012        7.2276        8.0134        6.6223        5.9660         0.115       34.4370     0.0097188     0.0000009     0.0000000     0.0000009     0.0000000     0.0000000     0.0000000     0.0000000     0.0000000     0.0000000 
          86.            0.       19.0000       0.51012        7.2275        8.0134        6.6222        5.9658         0.116       34.4375     0.0097193     0.0000009     0.0000000     0.0000009     0.0000000     0.0000000     0.0000000     0.0000000     0.0000000     0.0000000 
          87.            0.       19.0000       0.51012        7.2275        8.0134        6.6221        5.9657         0.117       34.4380     0.0097199     0.0000009     0.0000000     0.0000009     0.0000000     0.0000000     0.0000000     0.0000000     0.0000000     0.0000000 
          88.            0.       19.0000       0.51013        7.2274        8.0134        6.6220        5.9655         0.117       34.4384     0.0097204     0.0000009     0.0000000     0.0000009     0.0000000     0.0000000     0.0000000     0.0000000     0.0000000     0.0000000 
          88.            0.       19.0000       0.51013        7.2274        8.0134        6.6219        5.9653         0.118       34.4389     0.0097210     0.0000009     0.0000000     0.0000009     0.0000000     0.0000000     0.0000000     0.0000000     0.0000000     0.0000000 
          88.            0.       19.0000       0.51013        7.2273        8.0134        6.6218        5.9651         0.119       34.4394     0.0097216     0.0000009     0.0000000     0.0000009     0.0000000     0.0000000     0.0000000     0.0000000     0.0000000     0.0000000 
          89.            0.       19.0000       0.51013        7.2273        8.0134        6.6217        5.9649         0.119       34.4399     0.0097222     0.0000009     0.0000000     0.0000009     0.0000000     0.0000000     0.0000000     0.0000000     0.0000000     0.0000000 
          90.            0.       19.0000       0.51013        7.2272        8.0134        6.6216        5.9648         0.120       34.4404     0.0097227     0.0000009     0.0000000     0.0000009     0.0000000     0.0000000     0.0000000     0.0000000     0.0000000     0.0000000 
          90.            0.       19.0000       0.51013        7.2272        8.0134        6.6215        5.9646         0.121       34.4409     0.0097233     0.0000009     0.0000000     0.0000009     0.0000000     0.0000000     0.0000000     0.0000000     0.0000000     0.0000000 
          90.            0.       19.0000       0.51013        7.2271        8.0134        6.6214        5.9644         0.122       34.4414     0.0097239     0.0000009     0.0000000     0.0000009     0.0000000     0.0000000     0.0000000     0.0000000     0.0000000     0.0000000 
          91.            0.       19.0000       0.51013        7.2271        8.0134        6.6213        5.9642         0.122       34.4420     0.0097246     0.0000009     0.0000000     0.0000009     0.0000000     0.0000000     0.0000000     0.0000000     0.0000000     0.0000000 
          92.            0.       19.0000       0.51013        7.2270        8.0134        6.6212        5.9640         0.123       34.4425     0.0097252     0.0000009     0.0000000     0.0000009     0.0000000     0.0000000     0.0000000     0.0000000     0.0000000     0.0000000 
          92.            0.       19.0000       0.51014        7.2270        8.0134        6.6211        5.9638         0.124       34.4431     0.0097258     0.0000009     0.0000000     0.0000009     0.0000000     0.0000000     0.0000000     0.0000000     0.0000000     0.0000000 
          92.            0.       19.0000       0.51014        7.2270        8.0134        6.6210        5.9636         0.124       34.4437     0.0097264     0.0000009     0.0000000     0.0000009     0.0000000     0.0000000     0.0000000     0.0000000     0.0000000     0.0000000 
          93.            0.       19.0000       0.51014        7.2269        8.0134        6.6208        5.9634         0.125       34.4443     0.0097270     0.0000009     0.0000000     0.0000009     0.0000000     0.0000000     0.0000000     0.0000000     0.0000000     0.0000000 
          94.            0.       19.0000       0.51014        7.2268        8.0134        6.6207        5.9632         0.126       34.4448     0.0097277     0.0000009     0.0000000     0.0000009     0.0000000     0.0000000     0.0000000     0.0000000     0.0000000     0.0000000 
          94.            0.       19.0000       0.51014        7.2268        8.0134        6.6206        5.9630         0.127       34.4454     0.0097283     0.0000009     0.0000000     0.0000009     0.0000000     0.0000000     0.0000000     0.0000000     0.0000000     0.0000000 
          94.            0.       19.0000       0.51014        7.2267        8.0134        6.6205        5.9628         0.127       34.4460     0.0097290     0.0000009     0.0000000     0.0000009     0.0000000     0.0000000     0.0000000     0.0000000     0.0000000     0.0000000 
          95.            0.       19.0000       0.51014        7.2267        8.0134        6.6204        5.9626         0.128       34.4466     0.0097296     0.0000009     0.0000000     0.0000009     0.0000000     0.0000000     0.0000000     0.0000000     0.0000000     0.0000000 
          96.            0.       19.0000       0.51015        7.2266        8.0134        6.6203        5.9624         0.129       34.4472     0.0097303     0.0000009     0.0000000     0.0000009     0.0000000     0.0000000     0.0000000     0.0000000     0.0000000     0.0000000 
          96.            0.       19.0000       0.51015        7.2266        8.0134        6.6201        5.9622         0.130       34.4479     0.0097309     0.0000009     0.0000000     0.0000009     0.0000000     0.0000000     0.0000000     0.0000000     0.0000000     0.0000000 
          96.            0.       19.0000       0.51015        7.2265        8.0134        6.6200        5.9620         0.131       34.4485     0.0097316     0.0000009     0.0000000     0.0000009     0.0000000     0.0000000     0.0000000     0.0000000     0.0000000     0.0000000 
          97.            0.       19.0000       0.51015        7.2265        8.0134        6.6199        5.9618         0.131       34.4491     0.0097322     0.0000009     0.0000000     0.0000009     0.0000000     0.0000000     0.0000000     0.0000000     0.0000000     0.0000000 
          98.            0.       19.0000       0.51015        7.2264        8.0134        6.6198        5.9616         0.132       34.4498     0.0097329     0.0000009     0.0000000     0.0000009     0.0000000     0.0000000     0.0000000     0.0000000     0.0000000     0.0000000 
          98.            0.       19.0000       0.51015        7.2264        8.0134        6.6197        5.9614         0.133       34.4505     0.0097336     0.0000009     0.0000000     0.0000009     0.0000000     0.0000000     0.0000000     0.0000000     0.0000000     0.0000000 
          98.            0.       19.0000       0.51015        7.2263        8.0134        6.6195        5.9611         0.134       34.4511     0.0097342     0.0000009     0.0000000     0.0000009     0.0000000     0.0000000     0.0000000     0.0000000     0.0000000     0.0000000 
          99.            0.       19.0000       0.51016        7.2263        8.0134        6.6194        5.9609         0.135       34.4518     0.0097349     0.0000009     0.0000000     0.0000009     0.0000000     0.0000000     0.0000000     0.0000000     0.0000000     0.0000000 
         100.            0.       19.0000       0.51016        7.2262        8.0134        6.6193        5.9607         0.136       34.4525     0.0097356     0.0000009     0.0000000     0.0000009     0.0000000     0.0000000     0.0000000     0.0000000     0.0000000     0.0000000 
         100.            0.       19.0000       0.51016        7.2262        8.0134        6.6192        5.9605         0.136       34.4531     0.0097363     0.0000009     0.0000000     0.0000009     0.0000000     0.0000000     0.0000000     0.0000000     0.0000000     0.0000000 
