%
%
% Run:2017  Table:COMPGRID          SWAN version:41.10A
%
%       Xp            Yp            Depth         Hsig          Tm_10         TPsmoo        Tm01          Tm02          Dir           Dspr          Steepn        Dissip        Ssurf         Sfric         Swcap         Redist        Snl3          Snl4          Genera        Swind    
%       [m]           [m]           [m]           [m]           [sec]         [sec]         [sec]         [sec]         [degr]        [degr]        [ ]           [m2/s]        [m2/s]        [m2/s]        [m2/s]        [m2/s]        [m2/s]        [m2/s]        [m2/s]        [m2/s]   
%
           0.            0.       20.0000       1.01307        7.2115        8.0137        6.5815        5.8918         0.062       33.9339     0.0196398     0.0000001     0.0000000     0.0000001     0.0000000     0.0000000     0.0000000     0.0000000     0.0000000     0.0000000 
           0.            0.       20.0000       1.01307        7.2115        8.0137        6.5815        5.8918         0.062       33.9338     0.0196397     0.0000032     0.0000000     0.0000032     0.0000001     0.0000000     0.0000000     0.0000000     0.0000000     0.0000000 
           1.            0.       20.0000       1.01307        7.2115        8.0137        6.5815        5.8918         0.062       33.9337     0.0196396     0.0000032     0.0000000     0.0000032     0.0000001     0.0000000     0.0000000     0.0000000     0.0000000     0.0000000 
           2.            0.       20.0000       1.01307        7.2115        8.0137        6.5815        5.8918         0.062       33.9337     0.0196395     0.0000032     0.0000000     0.0000032     0.0000001     0.0000000     0.0000000     0.0000000     0.0000000     0.0000000 
           2.            0.       20.0000       1.01306        7.2115        8.0137        6.5815        5.8918         0.062       33.9336     0.0196394     0.0000032     0.0000000     0.0000032     0.0000001     0.0000000     0.0000000     0.0000000     0.0000000     0.0000000 
           2.            0.       20.0000       1.01306        7.2115        8.0137        6.5815        5.8918         0.061       33.9335     0.0196393     0.0000032     0.0000000     0.0000032     0.0000001     0.0000000     0.0000000     0.0000000     0.0000000     0.0000000 
           3.            0.       20.0000       1.01306        7.2115        8.0137        6.5815        5.8918         0.061       33.9334     0.0196392     0.0000032     0.0000000     0.0000032     0.0000001     0.0000000     0.0000000     0.0000000     0.0000000     0.0000000 
           4.            0.       20.0000       1.01306        7.2115        8.0137        6.5815        5.8919         0.061       33.9333     0.0196391     0.0000032     0.0000000     0.0000032     0.0000001     0.0000000     0.0000000     0.0000000     0.0000000     0.0000000 
           4.            0.       20.0000       1.01305        7.2115        8.0137        6.5816        5.8919         0.061       33.9333     0.0196391     0.0000032     0.0000000     0.0000032     0.0000001     0.0000000     0.0000000     0.0000000     0.0000000     0.0000000 
           4.            0.       20.0000       1.01305        7.2115        8.0137        6.5816        5.8919         0.061       33.9332     0.0196390     0.0000032     0.0000000     0.0000032     0.0000001     0.0000000     0.0000000     0.0000000     0.0000000     0.0000000 
           5.            0.       20.0000       1.01305        7.2115        8.0137        6.5816        5.8919         0.061       33.9331     0.0196389     0.0000032     0.0000000     0.0000032     0.0000001     0.0000000     0.0000000     0.0000000     0.0000000     0.0000000 
           6.            0.       20.0000       1.01305        7.2115        8.0137        6.5816        5.8919         0.060       33.9331     0.0196388     0.0000032     0.0000000     0.0000032     0.0000001     0.0000000     0.0000000     0.0000000     0.0000000     0.0000000 
           6.            0.       20.0000       1.01304        7.2115        8.0137        6.5816        5.8919         0.060       33.9329     0.0196387     0.0000032     0.0000000     0.0000032     0.0000001     0.0000000     0.0000000     0.0000000     0.0000000     0.0000000 
           6.            0.       20.0000       1.01304        7.2115        8.0137        6.5816        5.8919         0.060       33.9329     0.0196386     0.0000032     0.0000000     0.0000032     0.0000001     0.0000000     0.0000000     0.0000000     0.0000000     0.0000000 
           7.            0.       20.0000       1.01304        7.2115        8.0137        6.5816        5.8919         0.060       33.9328     0.0196385     0.0000032     0.0000000     0.0000032     0.0000001     0.0000000     0.0000000     0.0000000     0.0000000     0.0000000 
           8.            0.       20.0000       1.01304        7.2115        8.0137        6.5816        5.8919         0.060       33.9328     0.0196384     0.0000032     0.0000000     0.0000032     0.0000001     0.0000000     0.0000000     0.0000000     0.0000000     0.0000000 
           8.            0.       20.0000       1.01303        7.2115        8.0137        6.5816        5.8919         0.060       33.9327     0.0196383     0.0000032     0.0000000     0.0000032     0.0000001     0.0000000     0.0000000     0.0000000     0.0000000     0.0000000 
           8.            0.       20.0000       1.01303        7.2115        8.0137        6.5816        5.8919         0.060       33.9327     0.0196383     0.0000032     0.0000000     0.0000032     0.0000001     0.0000000     0.0000000     0.0000000     0.0000000     0.0000000 
           9.            0.       20.0000       1.01303        7.2115        8.0137        6.5816        5.8919         0.059       33.9328     0.0196382     0.0000032     0.0000000     0.0000032     0.0000001     0.0000000     0.0000000     0.0000000     0.0000000     0.0000000 
          10.            0.       20.0000       1.01303        7.2115        8.0137        6.5816        5.8919         0.059       33.9331     0.0196381     0.0000032     0.0000000     0.0000032     0.0000001     0.0000000     0.0000000     0.0000000     0.0000000     0.0000000 
          10.            0.       20.0000       1.01303        7.2115        8.0137        6.5816        5.8919         0.059       33.9342     0.0196380     0.0000032     0.0000000     0.0000032     0.0000001     0.0000000     0.0000000     0.0000000     0.0000000     0.0000000 
          10.            0.       20.0000       1.01304        7.2115        8.0137        6.5816        5.8920         0.059       33.9378     0.0196380     0.0000032     0.0000000     0.0000032     0.0000001     0.0000000     0.0000000     0.0000000     0.0000000     0.0000000 
          11.            0.       20.0000       1.01214        7.2100        8.0134        6.5797        5.8897         0.062       33.7941     0.0196344     0.0000032     0.0000000     0.0000032     0.0000001     0.0000000     0.0000000     0.0000000     0.0000000     0.0000000 
          12.            0.       19.0000       1.00792        7.2097        8.0154        6.5757        5.8825         0.067       33.4803     0.0197174     0.0000036     0.0000000     0.0000036     0.0000001     0.0000000     0.0000000     0.0000000     0.0000000     0.0000000 
          12.            0.       18.0000       1.00366        7.2103        8.0176        6.5725        5.8758         0.074       33.1200     0.0198121     0.0000041     0.0000000     0.0000040     0.0000001     0.0000000     0.0000000     0.0000000     0.0000000     0.0000000 
          12.            0.       17.0000       0.99964        7.2124        8.0200        6.5707        5.8703         0.081       32.7414     0.0199222     0.0000046     0.0000000     0.0000045     0.0000001     0.0000000     0.0000000     0.0000000     0.0000000     0.0000000 
          13.            0.       16.0000       0.99602        7.2163        8.0227        6.5709        5.8666         0.088       32.3583     0.0200512     0.0000052     0.0000000     0.0000051     0.0000001     0.0000000     0.0000000     0.0000000     0.0000000     0.0000000 
          14.            0.       15.0000       0.99291        7.2222        8.0255        6.5734        5.8650         0.095       31.9743     0.0202037     0.0000059     0.0000000     0.0000058     0.0000001     0.0000000     0.0000000     0.0000000     0.0000000     0.0000000 
          14.            0.       14.0000       0.99045        7.2304        8.0285        6.5786        5.8660         0.103       31.5897     0.0203848     0.0000067     0.0000000     0.0000067     0.0000001     0.0000000     0.0000000     0.0000000     0.0000000     0.0000000 
          14.            0.       13.0000       0.98877        7.2410        8.0316        6.5868        5.8701         0.113       31.2048     0.0206035     0.0000077     0.0000000     0.0000077     0.0000001     0.0000000     0.0000000     0.0000000     0.0000000     0.0000000 
          15.            0.       12.0000       0.98809        7.2545        8.0349        6.5986        5.8780         0.123       30.8203     0.0208676     0.0000090     0.0000000     0.0000089     0.0000001     0.0000000     0.0000000     0.0000000     0.0000000     0.0000000 
          16.            0.       11.0000       0.98866        7.2710        8.0384        6.6146        5.8904         0.135       30.4374     0.0211917     0.0000105     0.0000000     0.0000104     0.0000001     0.0000000     0.0000000     0.0000000     0.0000000     0.0000000 
          16.            0.       10.0000       0.99083        7.2909        8.0419        6.6356        5.9085         0.149       30.0575     0.0215947     0.0000124     0.0000000     0.0000124     0.0000001     0.0000000     0.0000000     0.0000000     0.0000000     0.0000000 
          16.            0.        9.0000       0.99506        7.3145        8.0456        6.6625        5.9337         0.166       29.6806     0.0221036     0.0000149     0.0000000     0.0000148     0.0000001     0.0000000     0.0000000     0.0000000     0.0000000     0.0000000 
          17.            0.        8.0000       1.00196        7.3422        8.0493        6.6964        5.9682         0.185       29.3021     0.0227574     0.0000183     0.0000000     0.0000182     0.0000001     0.0000000     0.0000000     0.0000000     0.0000000     0.0000000 
          18.            0.        7.0000       1.01239        7.3742        8.0530        6.7388        6.0152         0.207       28.9070     0.0236153     0.0000228     0.0000000     0.0000227     0.0000001     0.0000000     0.0000000     0.0000000     0.0000000     0.0000000 
          18.            0.        6.0000       1.02758        7.4108        8.0567        6.7915        6.0792         0.232       28.4603     0.0247740     0.0000294     0.0000000     0.0000292     0.0000002     0.0000000     0.0000000     0.0000000     0.0000000     0.0000000 
          18.            0.        5.0000       1.04945        7.4519        8.0604        6.8565        6.1662         0.256       27.8916     0.0264128     0.0000394     0.0000000     0.0000391     0.0000003     0.0000000     0.0000000     0.0000000     0.0000000     0.0000000 
          19.            0.        4.0000       1.08140        7.4970        8.0639        6.9342        6.2801         0.271       27.0796     0.0289121     0.0000560     0.0000001     0.0000554     0.0000004     0.0000000     0.0000000     0.0000000     0.0000000     0.0000000 
          20.            0.        3.0000       1.13048        7.5443        8.0674        7.0206        6.4163         0.262       25.8604     0.0331700     0.0001792     0.0000922     0.0000861     0.0000009     0.0000000     0.0000000     0.0000000     0.0000000     0.0000000 
          20.            0.        2.0000       1.21490        7.5903        8.0708        7.1067        6.5583         0.217       24.6953     0.0416813     0.0051352     0.0049739     0.0001586     0.0000027     0.0000000     0.0000000     0.0000000     0.0000000     0.0000000 
          20.            0.        2.0000       1.20858        7.5917        8.0709        7.1092        6.5624         0.191       24.2461     0.0414393     0.0049603     0.0048007     0.0001570     0.0000027     0.0000000     0.0000000     0.0000000     0.0000000     0.0000000 
          21.            0.        2.0000       1.20427        7.5928        8.0710        7.1113        6.5660         0.188       24.2426     0.0412690     0.0048433     0.0046848     0.0001559     0.0000026     0.0000000     0.0000000     0.0000000     0.0000000     0.0000000 
          22.            0.        2.0000       1.20032        7.5938        8.0710        7.1132        6.5692         0.188       24.3185     0.0411144     0.0047377     0.0045803     0.0001548     0.0000025     0.0000000     0.0000000     0.0000000     0.0000000     0.0000000 
          22.            0.        2.0000       1.19655        7.5946        8.0711        7.1149        6.5721         0.189       24.4181     0.0409668     0.0046381     0.0044817     0.0001539     0.0000025     0.0000000     0.0000000     0.0000000     0.0000000     0.0000000 
          22.            0.        2.0000       1.19287        7.5955        8.0712        7.1165        6.5750         0.190       24.5250     0.0408235     0.0045426     0.0043871     0.0001530     0.0000025     0.0000000     0.0000000     0.0000000     0.0000000     0.0000000 
          23.            0.        2.0000       1.18927        7.5963        8.0712        7.1181        6.5778         0.192       24.6339     0.0406835     0.0044504     0.0042959     0.0001520     0.0000024     0.0000000     0.0000000     0.0000000     0.0000000     0.0000000 
          24.            0.        2.0000       1.18575        7.5971        8.0713        7.1197        6.5805         0.193       24.7432     0.0405462     0.0043612     0.0042077     0.0001512     0.0000024     0.0000000     0.0000000     0.0000000     0.0000000     0.0000000 
          24.            0.        2.0000       1.18228        7.5979        8.0713        7.1212        6.5832         0.195       24.8522     0.0404117     0.0042749     0.0041223     0.0001503     0.0000023     0.0000000     0.0000000     0.0000000     0.0000000     0.0000000 
          24.            0.        2.0000       1.17888        7.5986        8.0714        7.1228        6.5859         0.196       24.9607     0.0402796     0.0041913     0.0040396     0.0001494     0.0000023     0.0000000     0.0000000     0.0000000     0.0000000     0.0000000 
          25.            0.        2.0000       1.17555        7.5994        8.0714        7.1243        6.5885         0.198       25.0687     0.0401499     0.0041103     0.0039595     0.0001486     0.0000022     0.0000000     0.0000000     0.0000000     0.0000000     0.0000000 
          26.            0.        2.0000       1.17227        7.6001        8.0715        7.1257        6.5911         0.199       25.1762     0.0400226     0.0040317     0.0038818     0.0001478     0.0000022     0.0000000     0.0000000     0.0000000     0.0000000     0.0000000 
          26.            0.        2.0000       1.16905        7.6009        8.0715        7.1272        6.5936         0.201       25.2831     0.0398976     0.0039556     0.0038064     0.0001470     0.0000022     0.0000000     0.0000000     0.0000000     0.0000000     0.0000000 
          26.            0.        2.0000       1.16588        7.6016        8.0716        7.1286        6.5961         0.202       25.3895     0.0397748     0.0038817     0.0037334     0.0001462     0.0000021     0.0000000     0.0000000     0.0000000     0.0000000     0.0000000 
          27.            0.        2.0000       1.16277        7.6023        8.0716        7.1300        6.5986         0.204       25.4952     0.0396542     0.0038100     0.0036625     0.0001454     0.0000021     0.0000000     0.0000000     0.0000000     0.0000000     0.0000000 
          28.            0.        2.0000       1.15971        7.6030        8.0717        7.1314        6.6010         0.206       25.6004     0.0395357     0.0037404     0.0035937     0.0001447     0.0000021     0.0000000     0.0000000     0.0000000     0.0000000     0.0000000 
          28.            0.        2.0000       1.15671        7.6037        8.0717        7.1328        6.6034         0.207       25.7051     0.0394193     0.0036729     0.0035269     0.0001439     0.0000020     0.0000000     0.0000000     0.0000000     0.0000000     0.0000000 
          28.            0.        2.0000       1.15375        7.6044        8.0718        7.1341        6.6057         0.209       25.8092     0.0393049     0.0036072     0.0034621     0.0001432     0.0000020     0.0000000     0.0000000     0.0000000     0.0000000     0.0000000 
          29.            0.        2.0000       1.15084        7.6051        8.0718        7.1354        6.6080         0.211       25.9128     0.0391924     0.0035435     0.0033991     0.0001425     0.0000020     0.0000000     0.0000000     0.0000000     0.0000000     0.0000000 
          30.            0.        2.0000       1.14798        7.6057        8.0718        7.1368        6.6103         0.212       26.0158     0.0390818     0.0034816     0.0033378     0.0001418     0.0000019     0.0000000     0.0000000     0.0000000     0.0000000     0.0000000 
          30.            0.        2.0000       1.14517        7.6064        8.0719        7.1380        6.6126         0.214       26.1184     0.0389731     0.0034214     0.0032784     0.0001411     0.0000019     0.0000000     0.0000000     0.0000000     0.0000000     0.0000000 
          30.            0.        2.0000       1.14240        7.6070        8.0719        7.1393        6.6148         0.216       26.2203     0.0388662     0.0033628     0.0032205     0.0001404     0.0000019     0.0000000     0.0000000     0.0000000     0.0000000     0.0000000 
          31.            0.        2.0000       1.13968        7.6077        8.0720        7.1406        6.6169         0.217       26.3218     0.0387611     0.0033059     0.0031643     0.0001398     0.0000018     0.0000000     0.0000000     0.0000000     0.0000000     0.0000000 
          32.            0.        2.0000       1.13700        7.6083        8.0720        7.1418        6.6191         0.219       26.4226     0.0386576     0.0032505     0.0031096     0.0001391     0.0000018     0.0000000     0.0000000     0.0000000     0.0000000     0.0000000 
          32.            0.        2.0000       1.13435        7.6089        8.0721        7.1430        6.6212         0.221       26.5230     0.0385558     0.0031966     0.0030563     0.0001385     0.0000018     0.0000000     0.0000000     0.0000000     0.0000000     0.0000000 
          32.            0.        2.0000       1.13176        7.6095        8.0721        7.1442        6.6233         0.223       26.6228     0.0384557     0.0031441     0.0030045     0.0001378     0.0000018     0.0000000     0.0000000     0.0000000     0.0000000     0.0000000 
          33.            0.        2.0000       1.12920        7.6101        8.0721        7.1454        6.6254         0.225       26.7221     0.0383571     0.0030931     0.0029541     0.0001372     0.0000017     0.0000000     0.0000000     0.0000000     0.0000000     0.0000000 
          34.            0.        2.0000       1.12668        7.6107        8.0722        7.1465        6.6274         0.227       26.8209     0.0382600     0.0030434     0.0029050     0.0001366     0.0000017     0.0000000     0.0000000     0.0000000     0.0000000     0.0000000 
          34.            0.        2.0000       1.12419        7.6113        8.0722        7.1477        6.6294         0.228       26.9191     0.0381645     0.0029949     0.0028572     0.0001360     0.0000017     0.0000000     0.0000000     0.0000000     0.0000000     0.0000000 
          34.            0.        2.0000       1.12175        7.6119        8.0723        7.1488        6.6314         0.230       27.0169     0.0380704     0.0029477     0.0028106     0.0001354     0.0000017     0.0000000     0.0000000     0.0000000     0.0000000     0.0000000 
          35.            0.        2.0000       1.11934        7.6125        8.0723        7.1499        6.6333         0.232       27.1141     0.0379777     0.0029017     0.0027652     0.0001349     0.0000016     0.0000000     0.0000000     0.0000000     0.0000000     0.0000000 
          36.            0.        2.0000       1.11696        7.6130        8.0723        7.1510        6.6353         0.234       27.2107     0.0378864     0.0028569     0.0027210     0.0001343     0.0000016     0.0000000     0.0000000     0.0000000     0.0000000     0.0000000 
          36.            0.        2.0000       1.11462        7.6136        8.0724        7.1521        6.6372         0.236       27.3069     0.0377965     0.0028132     0.0026779     0.0001338     0.0000016     0.0000000     0.0000000     0.0000000     0.0000000     0.0000000 
          36.            0.        2.0000       1.11232        7.6141        8.0724        7.1532        6.6390         0.238       27.4026     0.0377079     0.0027706     0.0026358     0.0001332     0.0000016     0.0000000     0.0000000     0.0000000     0.0000000     0.0000000 
          37.            0.        2.0000       1.11004        7.6147        8.0725        7.1543        6.6409         0.240       27.4977     0.0376206     0.0027290     0.0025948     0.0001327     0.0000016     0.0000000     0.0000000     0.0000000     0.0000000     0.0000000 
          38.            0.        2.0000       1.10780        7.6152        8.0725        7.1553        6.6427         0.242       27.5924     0.0375345     0.0026885     0.0025548     0.0001321     0.0000015     0.0000000     0.0000000     0.0000000     0.0000000     0.0000000 
          38.            0.        2.0000       1.10559        7.6157        8.0725        7.1563        6.6445         0.243       27.6865     0.0374497     0.0026489     0.0025158     0.0001316     0.0000015     0.0000000     0.0000000     0.0000000     0.0000000     0.0000000 
          38.            0.        2.0000       1.10341        7.6163        8.0726        7.1574        6.6463         0.245       27.7802     0.0373661     0.0026103     0.0024777     0.0001311     0.0000015     0.0000000     0.0000000     0.0000000     0.0000000     0.0000000 
          39.            0.        2.0000       1.10126        7.6168        8.0726        7.1584        6.6481         0.247       27.8733     0.0372836     0.0025726     0.0024405     0.0001306     0.0000015     0.0000000     0.0000000     0.0000000     0.0000000     0.0000000 
          40.            0.        2.0000       1.09914        7.6173        8.0726        7.1594        6.6498         0.249       27.9659     0.0372023     0.0025358     0.0024042     0.0001301     0.0000015     0.0000000     0.0000000     0.0000000     0.0000000     0.0000000 
          40.            0.        2.0000       1.09705        7.6178        8.0727        7.1604        6.6516         0.251       28.0581     0.0371222     0.0024998     0.0023688     0.0001296     0.0000015     0.0000000     0.0000000     0.0000000     0.0000000     0.0000000 
          40.            0.        2.0000       1.09498        7.6183        8.0727        7.1613        6.6533         0.253       28.1497     0.0370431     0.0024647     0.0023341     0.0001291     0.0000014     0.0000000     0.0000000     0.0000000     0.0000000     0.0000000 
          41.            0.        2.0000       1.09294        7.6188        8.0727        7.1623        6.6550         0.255       28.2410     0.0369651     0.0024304     0.0023003     0.0001287     0.0000014     0.0000000     0.0000000     0.0000000     0.0000000     0.0000000 
          42.            0.        2.0000       1.09093        7.6193        8.0728        7.1633        6.6566         0.257       28.3317     0.0368882     0.0023969     0.0022673     0.0001282     0.0000014     0.0000000     0.0000000     0.0000000     0.0000000     0.0000000 
          42.            0.        2.0000       1.08895        7.6198        8.0728        7.1642        6.6583         0.259       28.4219     0.0368123     0.0023641     0.0022350     0.0001277     0.0000014     0.0000000     0.0000000     0.0000000     0.0000000     0.0000000 
          42.            0.        2.0000       1.08699        7.6202        8.0728        7.1651        6.6599         0.260       28.5117     0.0367373     0.0023321     0.0022034     0.0001273     0.0000014     0.0000000     0.0000000     0.0000000     0.0000000     0.0000000 
          43.            0.        2.0000       1.08506        7.6207        8.0729        7.1660        6.6615         0.262       28.6010     0.0366634     0.0023008     0.0021726     0.0001268     0.0000014     0.0000000     0.0000000     0.0000000     0.0000000     0.0000000 
          44.            0.        2.0000       1.08315        7.6212        8.0729        7.1669        6.6631         0.264       28.6898     0.0365905     0.0022701     0.0021424     0.0001264     0.0000013     0.0000000     0.0000000     0.0000000     0.0000000     0.0000000 
          44.            0.        2.0000       1.08127        7.6216        8.0729        7.1679        6.6647         0.266       28.7782     0.0365185     0.0022402     0.0021129     0.0001260     0.0000013     0.0000000     0.0000000     0.0000000     0.0000000     0.0000000 
          44.            0.        2.0000       1.07941        7.6221        8.0730        7.1687        6.6662         0.268       28.8661     0.0364474     0.0022109     0.0020840     0.0001255     0.0000013     0.0000000     0.0000000     0.0000000     0.0000000     0.0000000 
          45.            0.        2.0000       1.07757        7.6226        8.0730        7.1696        6.6678         0.270       28.9536     0.0363772     0.0021822     0.0020558     0.0001251     0.0000013     0.0000000     0.0000000     0.0000000     0.0000000     0.0000000 
          46.            0.        2.0000       1.07576        7.6230        8.0730        7.1705        6.6693         0.272       29.0406     0.0363079     0.0021542     0.0020282     0.0001247     0.0000013     0.0000000     0.0000000     0.0000000     0.0000000     0.0000000 
          46.            0.        2.0000       1.07396        7.6234        8.0731        7.1713        6.6708         0.274       29.1272     0.0362395     0.0021267     0.0020012     0.0001243     0.0000013     0.0000000     0.0000000     0.0000000     0.0000000     0.0000000 
          46.            0.        2.0000       1.07219        7.6239        8.0731        7.1722        6.6723         0.275       29.2133     0.0361719     0.0020998     0.0019747     0.0001239     0.0000013     0.0000000     0.0000000     0.0000000     0.0000000     0.0000000 
          47.            0.        2.0000       1.07044        7.6243        8.0731        7.1730        6.6738         0.277       29.2990     0.0361052     0.0020735     0.0019488     0.0001235     0.0000012     0.0000000     0.0000000     0.0000000     0.0000000     0.0000000 
          48.            0.        2.0000       1.06872        7.6247        8.0731        7.1739        6.6752         0.279       29.3843     0.0360393     0.0020478     0.0019234     0.0001231     0.0000012     0.0000000     0.0000000     0.0000000     0.0000000     0.0000000 
          48.            0.        2.0000       1.06701        7.6252        8.0732        7.1747        6.6767         0.281       29.4691     0.0359743     0.0020225     0.0018986     0.0001227     0.0000012     0.0000000     0.0000000     0.0000000     0.0000000     0.0000000 
          48.            0.        2.0000       1.06532        7.6256        8.0732        7.1755        6.6781         0.283       29.5535     0.0359100     0.0019978     0.0018743     0.0001223     0.0000012     0.0000000     0.0000000     0.0000000     0.0000000     0.0000000 
          49.            0.        2.0000       1.06365        7.6260        8.0732        7.1763        6.6795         0.284       29.6375     0.0358464     0.0019736     0.0018505     0.0001219     0.0000012     0.0000000     0.0000000     0.0000000     0.0000000     0.0000000 
          50.            0.        2.0000       1.06201        7.6264        8.0733        7.1771        6.6809         0.286       29.7211     0.0357836     0.0019499     0.0018271     0.0001216     0.0000012     0.0000000     0.0000000     0.0000000     0.0000000     0.0000000 
          50.            0.        2.0000       1.06038        7.6268        8.0733        7.1779        6.6823         0.288       29.8042     0.0357216     0.0019266     0.0018043     0.0001212     0.0000012     0.0000000     0.0000000     0.0000000     0.0000000     0.0000000 
          50.            0.        2.0000       1.05876        7.6272        8.0733        7.1787        6.6836         0.290       29.8870     0.0356604     0.0019038     0.0017818     0.0001208     0.0000012     0.0000000     0.0000000     0.0000000     0.0000000     0.0000000 
          51.            0.        2.0000       1.05717        7.6276        8.0733        7.1794        6.6850         0.292       29.9693     0.0355998     0.0018815     0.0017599     0.0001205     0.0000012     0.0000000     0.0000000     0.0000000     0.0000000     0.0000000 
          52.            0.        2.0000       1.05560        7.6280        8.0734        7.1802        6.6863         0.293       30.0512     0.0355399     0.0018596     0.0017383     0.0001201     0.0000011     0.0000000     0.0000000     0.0000000     0.0000000     0.0000000 
          52.            0.        2.0000       1.05404        7.6284        8.0734        7.1810        6.6876         0.295       30.1327     0.0354807     0.0018381     0.0017172     0.0001198     0.0000011     0.0000000     0.0000000     0.0000000     0.0000000     0.0000000 
          52.            0.        2.0000       1.05250        7.6288        8.0734        7.1817        6.6889         0.297       30.2138     0.0354222     0.0018171     0.0016965     0.0001194     0.0000011     0.0000000     0.0000000     0.0000000     0.0000000     0.0000000 
          53.            0.        2.0000       1.05098        7.6292        8.0735        7.1824        6.6902         0.299       30.2946     0.0353644     0.0017964     0.0016762     0.0001191     0.0000011     0.0000000     0.0000000     0.0000000     0.0000000     0.0000000 
          54.            0.        2.0000       1.04947        7.6295        8.0735        7.1832        6.6915         0.300       30.3749     0.0353072     0.0017762     0.0016563     0.0001187     0.0000011     0.0000000     0.0000000     0.0000000     0.0000000     0.0000000 
          54.            0.        2.0000       1.04798        7.6299        8.0735        7.1839        6.6928         0.302       30.4549     0.0352507     0.0017563     0.0016368     0.0001184     0.0000011     0.0000000     0.0000000     0.0000000     0.0000000     0.0000000 
          54.            0.        2.0000       1.04651        7.6303        8.0735        7.1846        6.6940         0.304       30.5345     0.0351948     0.0017368     0.0016176     0.0001181     0.0000011     0.0000000     0.0000000     0.0000000     0.0000000     0.0000000 
          55.            0.        2.0000       1.04505        7.6307        8.0736        7.1853        6.6953         0.305       30.6137     0.0351395     0.0017176     0.0015988     0.0001177     0.0000011     0.0000000     0.0000000     0.0000000     0.0000000     0.0000000 
          56.            0.        2.0000       1.04361        7.6310        8.0736        7.1860        6.6965         0.307       30.6925     0.0350848     0.0016989     0.0015804     0.0001174     0.0000011     0.0000000     0.0000000     0.0000000     0.0000000     0.0000000 
          56.            0.        2.0000       1.04219        7.6314        8.0736        7.1867        6.6977         0.309       30.7709     0.0350307     0.0016804     0.0015623     0.0001171     0.0000011     0.0000000     0.0000000     0.0000000     0.0000000     0.0000000 
          56.            0.        2.0000       1.04077        7.6317        8.0736        7.1874        6.6989         0.310       30.8490     0.0349773     0.0016623     0.0015445     0.0001168     0.0000010     0.0000000     0.0000000     0.0000000     0.0000000     0.0000000 
          57.            0.        2.0000       1.03938        7.6321        8.0737        7.1881        6.7001         0.312       30.9267     0.0349244     0.0016446     0.0015270     0.0001165     0.0000010     0.0000000     0.0000000     0.0000000     0.0000000     0.0000000 
          58.            0.        2.0000       1.03800        7.6324        8.0737        7.1887        6.7013         0.314       31.0040     0.0348720     0.0016271     0.0015099     0.0001162     0.0000010     0.0000000     0.0000000     0.0000000     0.0000000     0.0000000 
          58.            0.        2.0000       1.03663        7.6328        8.0737        7.1894        6.7024         0.315       31.0810     0.0348203     0.0016100     0.0014931     0.0001159     0.0000010     0.0000000     0.0000000     0.0000000     0.0000000     0.0000000 
          58.            0.        2.0000       1.03527        7.6331        8.0737        7.1901        6.7036         0.317       31.1577     0.0347690     0.0015932     0.0014766     0.0001156     0.0000010     0.0000000     0.0000000     0.0000000     0.0000000     0.0000000 
          59.            0.        2.0000       1.03393        7.6335        8.0738        7.1907        6.7047         0.318       31.2339     0.0347183     0.0015766     0.0014603     0.0001153     0.0000010     0.0000000     0.0000000     0.0000000     0.0000000     0.0000000 
          60.            0.        2.0000       1.03261        7.6338        8.0738        7.1914        6.7058         0.320       31.3099     0.0346682     0.0015604     0.0014444     0.0001150     0.0000010     0.0000000     0.0000000     0.0000000     0.0000000     0.0000000 
          60.            0.        2.0000       1.03130        7.6341        8.0738        7.1920        6.7070         0.322       31.3854     0.0346185     0.0015444     0.0014287     0.0001147     0.0000010     0.0000000     0.0000000     0.0000000     0.0000000     0.0000000 
          60.            0.        2.0000       1.02999        7.6345        8.0738        7.1926        6.7081         0.323       31.4607     0.0345694     0.0015287     0.0014134     0.0001144     0.0000010     0.0000000     0.0000000     0.0000000     0.0000000     0.0000000 
          61.            0.        2.0000       1.02871        7.6348        8.0739        7.1933        6.7092         0.325       31.5355     0.0345208     0.0015133     0.0013982     0.0001141     0.0000010     0.0000000     0.0000000     0.0000000     0.0000000     0.0000000 
          62.            0.        2.0000       1.02743        7.6351        8.0739        7.1939        6.7102         0.326       31.6101     0.0344727     0.0014982     0.0013834     0.0001138     0.0000010     0.0000000     0.0000000     0.0000000     0.0000000     0.0000000 
          62.            0.        2.0000       1.02617        7.6354        8.0739        7.1945        6.7113         0.328       31.6843     0.0344251     0.0014833     0.0013688     0.0001136     0.0000010     0.0000000     0.0000000     0.0000000     0.0000000     0.0000000 
          62.            0.        2.0000       1.02492        7.6357        8.0739        7.1951        6.7124         0.329       31.7582     0.0343779     0.0014687     0.0013544     0.0001133     0.0000009     0.0000000     0.0000000     0.0000000     0.0000000     0.0000000 
          63.            0.        2.0000       1.02368        7.6361        8.0739        7.1957        6.7134         0.331       31.8317     0.0343313     0.0014543     0.0013403     0.0001130     0.0000009     0.0000000     0.0000000     0.0000000     0.0000000     0.0000000 
          64.            0.        2.0000       1.02246        7.6364        8.0740        7.1963        6.7144         0.332       31.9049     0.0342851     0.0014401     0.0013264     0.0001128     0.0000009     0.0000000     0.0000000     0.0000000     0.0000000     0.0000000 
          64.            0.        2.0000       1.02124        7.6367        8.0740        7.1969        6.7155         0.333       31.9778     0.0342393     0.0014262     0.0013128     0.0001125     0.0000009     0.0000000     0.0000000     0.0000000     0.0000000     0.0000000 
          64.            0.        2.0000       1.02004        7.6370        8.0740        7.1975        6.7165         0.335       32.0504     0.0341940     0.0014125     0.0012994     0.0001122     0.0000009     0.0000000     0.0000000     0.0000000     0.0000000     0.0000000 
          65.            0.        2.0000       1.01885        7.6373        8.0740        7.1981        6.7175         0.336       32.1227     0.0341492     0.0013990     0.0012862     0.0001120     0.0000009     0.0000000     0.0000000     0.0000000     0.0000000     0.0000000 
          66.            0.        2.0000       1.01767        7.6376        8.0741        7.1986        6.7185         0.338       32.1946     0.0341048     0.0013858     0.0012732     0.0001117     0.0000009     0.0000000     0.0000000     0.0000000     0.0000000     0.0000000 
          66.            0.        2.0000       1.01650        7.6379        8.0741        7.1992        6.7195         0.339       32.2663     0.0340608     0.0013728     0.0012604     0.0001115     0.0000009     0.0000000     0.0000000     0.0000000     0.0000000     0.0000000 
          66.            0.        2.0000       1.01534        7.6382        8.0741        7.1997        6.7204         0.340       32.3376     0.0340173     0.0013599     0.0012478     0.0001112     0.0000009     0.0000000     0.0000000     0.0000000     0.0000000     0.0000000 
          67.            0.        2.0000       1.01420        7.6385        8.0741        7.2003        6.7214         0.342       32.4086     0.0339742     0.0013473     0.0012355     0.0001110     0.0000009     0.0000000     0.0000000     0.0000000     0.0000000     0.0000000 
          68.            0.        2.0000       1.01306        7.6388        8.0741        7.2009        6.7224         0.343       32.4793     0.0339314     0.0013349     0.0012233     0.0001107     0.0000009     0.0000000     0.0000000     0.0000000     0.0000000     0.0000000 
          68.            0.        2.0000       1.01193        7.6390        8.0742        7.2014        6.7233         0.344       32.5497     0.0338891     0.0013227     0.0012113     0.0001105     0.0000009     0.0000000     0.0000000     0.0000000     0.0000000     0.0000000 
          68.            0.        2.0000       1.01082        7.6393        8.0742        7.2019        6.7242         0.346       32.6198     0.0338472     0.0013107     0.0011996     0.0001102     0.0000009     0.0000000     0.0000000     0.0000000     0.0000000     0.0000000 
          69.            0.        2.0000       1.00971        7.6396        8.0742        7.2025        6.7252         0.347       32.6897     0.0338057     0.0012988     0.0011880     0.0001100     0.0000009     0.0000000     0.0000000     0.0000000     0.0000000     0.0000000 
          70.            0.        2.0000       1.00861        7.6399        8.0742        7.2030        6.7261         0.348       32.7592     0.0337646     0.0012872     0.0011766     0.0001098     0.0000009     0.0000000     0.0000000     0.0000000     0.0000000     0.0000000 
          70.            0.        2.0000       1.00753        7.6402        8.0742        7.2035        6.7270         0.349       32.8284     0.0337238     0.0012757     0.0011653     0.0001095     0.0000009     0.0000000     0.0000000     0.0000000     0.0000000     0.0000000 
          70.            0.        2.0000       1.00645        7.6404        8.0743        7.2040        6.7279         0.351       32.8974     0.0336835     0.0012644     0.0011543     0.0001093     0.0000008     0.0000000     0.0000000     0.0000000     0.0000000     0.0000000 
          71.            0.        2.0000       1.00538        7.6407        8.0743        7.2046        6.7288         0.352       32.9661     0.0336435     0.0012533     0.0011434     0.0001091     0.0000008     0.0000000     0.0000000     0.0000000     0.0000000     0.0000000 
          72.            0.        2.0000       1.00432        7.6410        8.0743        7.2051        6.7296         0.353       33.0344     0.0336039     0.0012423     0.0011327     0.0001088     0.0000008     0.0000000     0.0000000     0.0000000     0.0000000     0.0000000 
          72.            0.        2.0000       1.00328        7.6413        8.0743        7.2056        6.7305         0.354       33.1025     0.0335646     0.0012316     0.0011221     0.0001086     0.0000008     0.0000000     0.0000000     0.0000000     0.0000000     0.0000000 
          72.            0.        2.0000       1.00224        7.6415        8.0743        7.2061        6.7314         0.355       33.1704     0.0335257     0.0012209     0.0011117     0.0001084     0.0000008     0.0000000     0.0000000     0.0000000     0.0000000     0.0000000 
          73.            0.        2.0000       1.00121        7.6418        8.0744        7.2066        6.7322         0.357       33.2379     0.0334871     0.0012105     0.0011015     0.0001082     0.0000008     0.0000000     0.0000000     0.0000000     0.0000000     0.0000000 
          74.            0.        2.0000       1.00018        7.6420        8.0744        7.2070        6.7331         0.358       33.3052     0.0334489     0.0012001     0.0010914     0.0001079     0.0000008     0.0000000     0.0000000     0.0000000     0.0000000     0.0000000 
          74.            0.        2.0000       0.99917        7.6423        8.0744        7.2075        6.7339         0.359       33.3722     0.0334111     0.0011900     0.0010814     0.0001077     0.0000008     0.0000000     0.0000000     0.0000000     0.0000000     0.0000000 
          74.            0.        2.0000       0.99817        7.6425        8.0744        7.2080        6.7347         0.360       33.4390     0.0333735     0.0011800     0.0010717     0.0001075     0.0000008     0.0000000     0.0000000     0.0000000     0.0000000     0.0000000 
          75.            0.        2.0000       0.99717        7.6428        8.0744        7.2085        6.7355         0.361       33.5054     0.0333363     0.0011701     0.0010620     0.0001073     0.0000008     0.0000000     0.0000000     0.0000000     0.0000000     0.0000000 
          76.            0.        2.0000       0.99618        7.6431        8.0745        7.2090        6.7364         0.362       33.5717     0.0332995     0.0011604     0.0010525     0.0001071     0.0000008     0.0000000     0.0000000     0.0000000     0.0000000     0.0000000 
          76.            0.        2.0000       0.99520        7.6433        8.0745        7.2094        6.7372         0.363       33.6377     0.0332629     0.0011508     0.0010432     0.0001069     0.0000008     0.0000000     0.0000000     0.0000000     0.0000000     0.0000000 
          76.            0.        2.0000       0.99423        7.6435        8.0745        7.2099        6.7380         0.364       33.7035     0.0332267     0.0011414     0.0010339     0.0001067     0.0000008     0.0000000     0.0000000     0.0000000     0.0000000     0.0000000 
          77.            0.        2.0000       0.99327        7.6438        8.0745        7.2103        6.7387         0.365       33.7692     0.0331909     0.0011321     0.0010249     0.0001065     0.0000008     0.0000000     0.0000000     0.0000000     0.0000000     0.0000000 
          78.            0.        2.0000       0.99232        7.6440        8.0745        7.2108        6.7395         0.366       33.8352     0.0331554     0.0011230     0.0010159     0.0001063     0.0000008     0.0000000     0.0000000     0.0000000     0.0000000     0.0000000 
          78.            0.        2.0000       0.99138        7.6443        8.0746        7.2112        6.7403         0.367       33.9026     0.0331206     0.0011141     0.0010072     0.0001061     0.0000008     0.0000000     0.0000000     0.0000000     0.0000000     0.0000000 
          78.            0.        2.0000       0.99049        7.6445        8.0746        7.2117        6.7411         0.369       33.9745     0.0330869     0.0011056     0.0009989     0.0001059     0.0000008     0.0000000     0.0000000     0.0000000     0.0000000     0.0000000 
          79.            0.        2.0000       0.98968        7.6447        8.0746        7.2121        6.7418         0.370       34.0602     0.0330563     0.0010979     0.0009915     0.0001057     0.0000008     0.0000000     0.0000000     0.0000000     0.0000000     0.0000000 
          80.            0.        2.0000       0.98913        7.6449        8.0746        7.2126        6.7427         0.376       34.1813     0.0330341     0.0010928     0.0009864     0.0001056     0.0000008     0.0000000     0.0000000     0.0000000     0.0000000     0.0000000 
          80.            0.        2.0000       0.99241        7.6432        8.0744        7.2099        6.7389         0.422       34.8992     0.0331619     0.0011236     0.0010166     0.0001063     0.0000008     0.0000000     0.0000000     0.0000000     0.0000000     0.0000000 
          80.            0.        3.0000       0.92479        7.6004        8.0707        7.1332        6.6129         0.463       36.4602     0.0262770     0.0000604     0.0000022     0.0000580     0.0000003     0.0000000     0.0000000     0.0000000     0.0000000     0.0000000 
          81.            0.        4.0000       0.88845        7.5591        8.0671        7.0619        6.5017         0.444       37.9359     0.0228145     0.0000379     0.0000000     0.0000377     0.0000001     0.0000000     0.0000000     0.0000000     0.0000000     0.0000000 
          82.            0.        5.0000       0.86582        7.5224        8.0636        7.0021        6.4143         0.403       39.0632     0.0207344     0.0000270     0.0000000     0.0000269     0.0000001     0.0000000     0.0000000     0.0000000     0.0000000     0.0000000 
          82.            0.        6.0000       0.85040        7.4908        8.0602        6.9540        6.3492         0.362       39.8591     0.0193365     0.0000203     0.0000000     0.0000203     0.0000001     0.0000000     0.0000000     0.0000000     0.0000000     0.0000000 
          82.            0.        7.0000       0.83916        7.4634        8.0570        6.9150        6.3005         0.328       40.3695     0.0183253     0.0000159     0.0000000     0.0000159     0.0000000     0.0000000     0.0000000     0.0000000     0.0000000     0.0000000 
          83.            0.        8.0000       0.83051        7.4393        8.0538        6.8829        6.2628         0.300       40.6449     0.0175587     0.0000127     0.0000000     0.0000127     0.0000000     0.0000000     0.0000000     0.0000000     0.0000000     0.0000000 
          84.            0.        9.0000       0.82360        7.4178        8.0507        6.8556        6.2325         0.277       40.7320     0.0169592     0.0000104     0.0000000     0.0000104     0.0000000     0.0000000     0.0000000     0.0000000     0.0000000     0.0000000 
          84.            0.       10.0000       0.81792        7.3984        8.0476        6.8319        6.2071         0.257       40.6703     0.0164800     0.0000086     0.0000000     0.0000086     0.0000000     0.0000000     0.0000000     0.0000000     0.0000000     0.0000000 
          84.            0.       11.0000       0.81316        7.3807        8.0446        6.8111        6.1855         0.239       40.4907     0.0160904     0.0000073     0.0000000     0.0000072     0.0000000     0.0000000     0.0000000     0.0000000     0.0000000     0.0000000 
          85.            0.       12.0000       0.80910        7.3645        8.0415        6.7926        6.1668         0.224       40.2160     0.0157692     0.0000061     0.0000000     0.0000061     0.0000000     0.0000000     0.0000000     0.0000000     0.0000000     0.0000000 
          86.            0.       13.0000       0.80556        7.3496        8.0385        6.7760        6.1502         0.210       39.8610     0.0155013     0.0000052     0.0000000     0.0000052     0.0000000     0.0000000     0.0000000     0.0000000     0.0000000     0.0000000 
          86.            0.       14.0000       0.80239        7.3359        8.0355        6.7610        6.1354         0.198       39.4325     0.0152744     0.0000045     0.0000000     0.0000045     0.0000000     0.0000000     0.0000000     0.0000000     0.0000000     0.0000000 
          86.            0.       15.0000       0.79944        7.3229        8.0326        6.7471        6.1217         0.187       38.9293     0.0150817     0.0000039     0.0000000     0.0000039     0.0000000     0.0000000     0.0000000     0.0000000     0.0000000     0.0000000 
          87.            0.       16.0000       0.79655        7.3105        8.0296        6.7338        6.1086         0.177       38.3426     0.0149156     0.0000034     0.0000000     0.0000034     0.0000000     0.0000000     0.0000000     0.0000000     0.0000000     0.0000000 
          88.            0.       17.0000       0.79358        7.2981        8.0265        6.7206        6.0955         0.166       37.6576     0.0147712     0.0000029     0.0000000     0.0000029     0.0000000     0.0000000     0.0000000     0.0000000     0.0000000     0.0000000 
          88.            0.       18.0000       0.79039        7.2854        8.0232        6.7070        6.0820         0.156       36.8630     0.0146449     0.0000025     0.0000000     0.0000025     0.0000000     0.0000000     0.0000000     0.0000000     0.0000000     0.0000000 
          88.            0.       19.0000       0.78709        7.2722        8.0196        6.6931        6.0681         0.146       35.9797     0.0145347     0.0000022     0.0000000     0.0000022     0.0000000     0.0000000     0.0000000     0.0000000     0.0000000     0.0000000 
          89.            0.       20.0000       0.78409        7.2595        8.0157        6.6799        6.0551         0.137       35.0508     0.0144403     0.0000019     0.0000000     0.0000019     0.0000000     0.0000000     0.0000000     0.0000000     0.0000000     0.0000000 
          90.            0.       20.0000       0.78164        7.2541        8.0147        6.6731        6.0473         0.133       34.5512     0.0144292     0.0000019     0.0000000     0.0000019     0.0000000     0.0000000     0.0000000     0.0000000     0.0000000     0.0000000 
          90.            0.       20.0000       0.78169        7.2542        8.0147        6.6732        6.0473         0.133       34.5779     0.0144298     0.0000019     0.0000000     0.0000019     0.0000000     0.0000000     0.0000000     0.0000000     0.0000000     0.0000000 
          90.            0.       20.0000       0.78171        7.2542        8.0147        6.6732        6.0473         0.133       34.5868     0.0144303     0.0000019     0.0000000     0.0000019     0.0000000     0.0000000     0.0000000     0.0000000     0.0000000     0.0000000 
          91.            0.       20.0000       0.78171        7.2542        8.0147        6.6732        6.0473         0.134       34.5898     0.0144306     0.0000019     0.0000000     0.0000019     0.0000000     0.0000000     0.0000000     0.0000000     0.0000000     0.0000000 
          92.            0.       20.0000       0.78172        7.2542        8.0147        6.6732        6.0472         0.134       34.5908     0.0144310     0.0000019     0.0000000     0.0000019     0.0000000     0.0000000     0.0000000     0.0000000     0.0000000     0.0000000 
          92.            0.       20.0000       0.78172        7.2541        8.0147        6.6731        6.0471         0.135       34.5912     0.0144313     0.0000019     0.0000000     0.0000019     0.0000000     0.0000000     0.0000000     0.0000000     0.0000000     0.0000000 
          92.            0.       20.0000       0.78171        7.2541        8.0147        6.6731        6.0470         0.135       34.5914     0.0144316     0.0000019     0.0000000     0.0000019     0.0000000     0.0000000     0.0000000     0.0000000     0.0000000     0.0000000 
          93.            0.       20.0000       0.78171        7.2541        8.0147        6.6730        6.0470         0.135       34.5915     0.0144320     0.0000019     0.0000000     0.0000019     0.0000000     0.0000000     0.0000000     0.0000000     0.0000000     0.0000000 
          94.            0.       20.0000       0.78171        7.2541        8.0147        6.6730        6.0469         0.136       34.5916     0.0144323     0.0000019     0.0000000     0.0000019     0.0000000     0.0000000     0.0000000     0.0000000     0.0000000     0.0000000 
          94.            0.       20.0000       0.78171        7.2541        8.0147        6.6729        6.0468         0.136       34.5917     0.0144327     0.0000019     0.0000000     0.0000019     0.0000000     0.0000000     0.0000000     0.0000000     0.0000000     0.0000000 
          94.            0.       20.0000       0.78171        7.2540        8.0147        6.6729        6.0467         0.137       34.5918     0.0144330     0.0000019     0.0000000     0.0000019     0.0000000     0.0000000     0.0000000     0.0000000     0.0000000     0.0000000 
          95.            0.       20.0000       0.78171        7.2540        8.0147        6.6728        6.0466         0.137       34.5918     0.0144334     0.0000019     0.0000000     0.0000019     0.0000000     0.0000000     0.0000000     0.0000000     0.0000000     0.0000000 
          96.            0.       20.0000       0.78171        7.2540        8.0147        6.6728        6.0466         0.137       34.5919     0.0144337     0.0000019     0.0000000     0.0000019     0.0000000     0.0000000     0.0000000     0.0000000     0.0000000     0.0000000 
          96.            0.       20.0000       0.78171        7.2540        8.0147        6.6728        6.0465         0.138       34.5920     0.0144341     0.0000019     0.0000000     0.0000019     0.0000000     0.0000000     0.0000000     0.0000000     0.0000000     0.0000000 
          96.            0.       20.0000       0.78171        7.2540        8.0147        6.6727        6.0464         0.138       34.5921     0.0144345     0.0000019     0.0000000     0.0000019     0.0000000     0.0000000     0.0000000     0.0000000     0.0000000     0.0000000 
          97.            0.       20.0000       0.78171        7.2539        8.0147        6.6727        6.0463         0.139       34.5922     0.0144349     0.0000019     0.0000000     0.0000019     0.0000000     0.0000000     0.0000000     0.0000000     0.0000000     0.0000000 
          98.            0.       20.0000       0.78171        7.2539        8.0147        6.6726        6.0462         0.139       34.5923     0.0144353     0.0000019     0.0000000     0.0000019     0.0000000     0.0000000     0.0000000     0.0000000     0.0000000     0.0000000 
          98.            0.       20.0000       0.78171        7.2539        8.0147        6.6726        6.0461         0.140       34.5924     0.0144357     0.0000019     0.0000000     0.0000019     0.0000000     0.0000000     0.0000000     0.0000000     0.0000000     0.0000000 
          98.            0.       20.0000       0.78171        7.2539        8.0147        6.6725        6.0460         0.140       34.5925     0.0144361     0.0000019     0.0000000     0.0000019     0.0000000     0.0000000     0.0000000     0.0000000     0.0000000     0.0000000 
          99.            0.       20.0000       0.78170        7.2538        8.0147        6.6725        6.0459         0.140       34.5926     0.0144365     0.0000019     0.0000000     0.0000019     0.0000000     0.0000000     0.0000000     0.0000000     0.0000000     0.0000000 
         100.            0.       20.0000       0.78170        7.2538        8.0147        6.6724        6.0458         0.141       34.5928     0.0144369     0.0000019     0.0000000     0.0000019     0.0000000     0.0000000     0.0000000     0.0000000     0.0000000     0.0000000 
         100.            0.       20.0000       0.78170        7.2538        8.0147        6.6724        6.0457         0.141       34.5929     0.0144373     0.0000019     0.0000000     0.0000019     0.0000000     0.0000000     0.0000000     0.0000000     0.0000000     0.0000000 
