%
%
% Run:2017  Table:COMPGRID          SWAN version:41.10A
%
%       Xp            Yp            Depth         Hsig          Tm_10         TPsmoo        Tm01          Tm02          Dir           Dspr          Steepn        Dissip        Ssurf         Sfric         Swcap         Redist        Snl3          Snl4          Genera        Swind    
%       [m]           [m]           [m]           [m]           [sec]         [sec]         [sec]         [sec]         [degr]        [degr]        [ ]           [m2/s]        [m2/s]        [m2/s]        [m2/s]        [m2/s]        [m2/s]        [m2/s]        [m2/s]        [m2/s]   
%
           0.            0.       20.0000       1.01382        5.4115        6.0108        4.9395        4.4224         0.100       34.0452     0.0335055     0.0000000     0.0000000     0.0000000     0.0000000     0.0000000     0.0000000     0.0000000     0.0000000     0.0000000 
           0.            0.       20.0000       1.01382        5.4115        6.0108        4.9396        4.4225         0.099       34.0451     0.0335047     0.0000016     0.0000000     0.0000010     0.0000006     0.0000000     0.0000000     0.0000000     0.0000000     0.0000000 
           1.            0.       20.0000       1.01382        5.4115        6.0108        4.9396        4.4225         0.099       34.0449     0.0335039     0.0000016     0.0000000     0.0000010     0.0000006     0.0000000     0.0000000     0.0000000     0.0000000     0.0000000 
           2.            0.       20.0000       1.01381        5.4115        6.0108        4.9396        4.4226         0.098       34.0448     0.0335032     0.0000016     0.0000000     0.0000010     0.0000006     0.0000000     0.0000000     0.0000000     0.0000000     0.0000000 
           2.            0.       20.0000       1.01381        5.4115        6.0108        4.9396        4.4226         0.098       34.0447     0.0335024     0.0000016     0.0000000     0.0000010     0.0000006     0.0000000     0.0000000     0.0000000     0.0000000     0.0000000 
           2.            0.       20.0000       1.01381        5.4115        6.0108        4.9397        4.4226         0.097       34.0445     0.0335017     0.0000016     0.0000000     0.0000010     0.0000006     0.0000000     0.0000000     0.0000000     0.0000000     0.0000000 
           3.            0.       20.0000       1.01381        5.4115        6.0108        4.9397        4.4227         0.097       34.0444     0.0335010     0.0000016     0.0000000     0.0000010     0.0000006     0.0000000     0.0000000     0.0000000     0.0000000     0.0000000 
           4.            0.       20.0000       1.01380        5.4116        6.0108        4.9397        4.4227         0.097       34.0443     0.0335002     0.0000016     0.0000000     0.0000010     0.0000006     0.0000000     0.0000000     0.0000000     0.0000000     0.0000000 
           4.            0.       20.0000       1.01380        5.4116        6.0108        4.9397        4.4228         0.096       34.0441     0.0334995     0.0000016     0.0000000     0.0000010     0.0000006     0.0000000     0.0000000     0.0000000     0.0000000     0.0000000 
           4.            0.       20.0000       1.01380        5.4116        6.0108        4.9398        4.4228         0.096       34.0440     0.0334987     0.0000016     0.0000000     0.0000010     0.0000006     0.0000000     0.0000000     0.0000000     0.0000000     0.0000000 
           5.            0.       20.0000       1.01379        5.4116        6.0108        4.9398        4.4229         0.095       34.0439     0.0334980     0.0000016     0.0000000     0.0000010     0.0000006     0.0000000     0.0000000     0.0000000     0.0000000     0.0000000 
           6.            0.       20.0000       1.01379        5.4116        6.0108        4.9398        4.4229         0.095       34.0438     0.0334972     0.0000016     0.0000000     0.0000010     0.0000006     0.0000000     0.0000000     0.0000000     0.0000000     0.0000000 
           6.            0.       20.0000       1.01379        5.4116        6.0108        4.9398        4.4229         0.094       34.0437     0.0334965     0.0000016     0.0000000     0.0000010     0.0000006     0.0000000     0.0000000     0.0000000     0.0000000     0.0000000 
           6.            0.       20.0000       1.01378        5.4116        6.0108        4.9399        4.4230         0.094       34.0436     0.0334958     0.0000016     0.0000000     0.0000010     0.0000006     0.0000000     0.0000000     0.0000000     0.0000000     0.0000000 
           7.            0.       20.0000       1.01378        5.4116        6.0108        4.9399        4.4230         0.093       34.0434     0.0334950     0.0000016     0.0000000     0.0000010     0.0000006     0.0000000     0.0000000     0.0000000     0.0000000     0.0000000 
           8.            0.       20.0000       1.01378        5.4116        6.0108        4.9399        4.4231         0.093       34.0433     0.0334943     0.0000016     0.0000000     0.0000010     0.0000006     0.0000000     0.0000000     0.0000000     0.0000000     0.0000000 
           8.            0.       20.0000       1.01377        5.4116        6.0108        4.9399        4.4231         0.093       34.0432     0.0334936     0.0000016     0.0000000     0.0000010     0.0000006     0.0000000     0.0000000     0.0000000     0.0000000     0.0000000 
           8.            0.       20.0000       1.01377        5.4117        6.0108        4.9400        4.4232         0.092       34.0431     0.0334929     0.0000016     0.0000000     0.0000010     0.0000006     0.0000000     0.0000000     0.0000000     0.0000000     0.0000000 
           9.            0.       20.0000       1.01377        5.4117        6.0108        4.9400        4.4232         0.092       34.0431     0.0334921     0.0000016     0.0000000     0.0000010     0.0000006     0.0000000     0.0000000     0.0000000     0.0000000     0.0000000 
          10.            0.       20.0000       1.01377        5.4117        6.0108        4.9400        4.4232         0.091       34.0432     0.0334914     0.0000016     0.0000000     0.0000010     0.0000006     0.0000000     0.0000000     0.0000000     0.0000000     0.0000000 
          10.            0.       20.0000       1.01377        5.4117        6.0108        4.9400        4.4233         0.091       34.0437     0.0334907     0.0000016     0.0000000     0.0000010     0.0000006     0.0000000     0.0000000     0.0000000     0.0000000     0.0000000 
          10.            0.       20.0000       1.01377        5.4117        6.0108        4.9401        4.4233         0.090       34.0453     0.0334900     0.0000016     0.0000000     0.0000010     0.0000006     0.0000000     0.0000000     0.0000000     0.0000000     0.0000000 
          11.            0.       20.0000       1.01348        5.4112        6.0107        4.9395        4.4228         0.092       33.9989     0.0334890     0.0000016     0.0000000     0.0000010     0.0000006     0.0000000     0.0000000     0.0000000     0.0000000     0.0000000 
          12.            0.       19.0000       1.00933        5.4058        6.0096        4.9324        4.4147         0.095       33.8873     0.0335341     0.0000018     0.0000000     0.0000012     0.0000006     0.0000000     0.0000000     0.0000000     0.0000000     0.0000000 
          12.            0.       18.0000       1.00471        5.4002        6.0087        4.9247        4.4058         0.099       33.7482     0.0335872     0.0000020     0.0000000     0.0000014     0.0000006     0.0000000     0.0000000     0.0000000     0.0000000     0.0000000 
          12.            0.       17.0000       0.99970        5.3947        6.0083        4.9168        4.3963         0.104       33.5868     0.0336507     0.0000023     0.0000000     0.0000017     0.0000006     0.0000000     0.0000000     0.0000000     0.0000000     0.0000000 
          13.            0.       16.0000       0.99434        5.3894        6.0083        4.9087        4.3865         0.110       33.4060     0.0337273     0.0000026     0.0000000     0.0000020     0.0000006     0.0000000     0.0000000     0.0000000     0.0000000     0.0000000 
          14.            0.       15.0000       0.98871        5.3847        6.0090        4.9008        4.3765         0.117       33.2063     0.0338209     0.0000031     0.0000000     0.0000024     0.0000006     0.0000000     0.0000000     0.0000000     0.0000000     0.0000000 
          14.            0.       14.0000       0.98287        5.3809        6.0103        4.8933        4.3665         0.124       32.9873     0.0339355     0.0000036     0.0000000     0.0000030     0.0000006     0.0000000     0.0000000     0.0000000     0.0000000     0.0000000 
          14.            0.       13.0000       0.97694        5.3783        6.0123        4.8867        4.3570         0.133       32.7488     0.0340778     0.0000042     0.0000000     0.0000036     0.0000006     0.0000000     0.0000000     0.0000000     0.0000000     0.0000000 
          15.            0.       12.0000       0.97107        5.3773        6.0149        4.8814        4.3484         0.144       32.4911     0.0342555     0.0000050     0.0000000     0.0000044     0.0000006     0.0000000     0.0000000     0.0000000     0.0000000     0.0000000 
          16.            0.       11.0000       0.96546        5.3786        6.0181        4.8781        4.3413         0.156       32.2151     0.0344803     0.0000060     0.0000000     0.0000054     0.0000006     0.0000000     0.0000000     0.0000000     0.0000000     0.0000000 
          16.            0.       10.0000       0.96036        5.3828        6.0217        4.8776        4.3365         0.172       31.9223     0.0347688     0.0000073     0.0000000     0.0000066     0.0000007     0.0000000     0.0000000     0.0000000     0.0000000     0.0000000 
          16.            0.        9.0000       0.95614        5.3907        6.0257        4.8810        4.3352         0.192       31.6148     0.0351448     0.0000090     0.0000000     0.0000083     0.0000007     0.0000000     0.0000000     0.0000000     0.0000000     0.0000000 
          17.            0.        8.0000       0.95329        5.4032        6.0300        4.8896        4.3386         0.216       31.2923     0.0356460     0.0000113     0.0000000     0.0000105     0.0000007     0.0000000     0.0000000     0.0000000     0.0000000     0.0000000 
          18.            0.        7.0000       0.95250        5.4214        6.0346        4.9051        4.3487         0.247       30.9485     0.0363351     0.0000144     0.0000000     0.0000136     0.0000008     0.0000000     0.0000000     0.0000000     0.0000000     0.0000000 
          18.            0.        6.0000       0.95481        5.4462        6.0393        4.9295        4.3683         0.285       30.5606     0.0373100     0.0000190     0.0000000     0.0000181     0.0000009     0.0000000     0.0000000     0.0000000     0.0000000     0.0000000 
          18.            0.        5.0000       0.96176        5.4788        6.0441        4.9658        4.4015         0.327       30.0665     0.0387504     0.0000261     0.0000000     0.0000250     0.0000011     0.0000000     0.0000000     0.0000000     0.0000000     0.0000000 
          19.            0.        4.0000       0.97600        5.5203        6.0490        5.0183        4.4566         0.367       29.3283     0.0409897     0.0000380     0.0000000     0.0000365     0.0000015     0.0000000     0.0000000     0.0000000     0.0000000     0.0000000 
          20.            0.        3.0000       1.00278        5.5725        6.0537        5.0951        4.5514         0.382       28.0923     0.0447729     0.0000770     0.0000165     0.0000580     0.0000025     0.0000000     0.0000000     0.0000000     0.0000000     0.0000000 
          20.            0.        2.0000       1.05785        5.6340        6.0584        5.2000        4.7032         0.347       26.7708     0.0527335     0.0025505     0.0024354     0.0001089     0.0000062     0.0000000     0.0000000     0.0000000     0.0000000     0.0000000 
          20.            0.        2.0000       1.05238        5.6351        6.0586        5.2016        4.7052         0.305       26.1630     0.0524345     0.0024473     0.0023335     0.0001078     0.0000060     0.0000000     0.0000000     0.0000000     0.0000000     0.0000000 
          21.            0.        2.0000       1.04940        5.6363        6.0587        5.2039        4.7089         0.297       26.0941     0.0522391     0.0023916     0.0022786     0.0001072     0.0000059     0.0000000     0.0000000     0.0000000     0.0000000     0.0000000 
          22.            0.        2.0000       1.04683        5.6375        6.0587        5.2060        4.7124         0.295       26.1218     0.0520662     0.0023445     0.0022320     0.0001067     0.0000058     0.0000000     0.0000000     0.0000000     0.0000000     0.0000000 
          22.            0.        2.0000       1.04443        5.6385        6.0588        5.2081        4.7159         0.296       26.1808     0.0519029     0.0023009     0.0021890     0.0001062     0.0000057     0.0000000     0.0000000     0.0000000     0.0000000     0.0000000 
          22.            0.        2.0000       1.04211        5.6395        6.0588        5.2102        4.7194         0.297       26.2498     0.0517449     0.0022594     0.0021481     0.0001058     0.0000056     0.0000000     0.0000000     0.0000000     0.0000000     0.0000000 
          23.            0.        2.0000       1.03985        5.6405        6.0589        5.2122        4.7227         0.299       26.3217     0.0515904     0.0022194     0.0021086     0.0001053     0.0000055     0.0000000     0.0000000     0.0000000     0.0000000     0.0000000 
          24.            0.        2.0000       1.03763        5.6415        6.0589        5.2142        4.7260         0.301       26.3943     0.0514390     0.0021807     0.0020703     0.0001049     0.0000054     0.0000000     0.0000000     0.0000000     0.0000000     0.0000000 
          24.            0.        2.0000       1.03544        5.6425        6.0590        5.2161        4.7293         0.303       26.4668     0.0512904     0.0021431     0.0020332     0.0001045     0.0000054     0.0000000     0.0000000     0.0000000     0.0000000     0.0000000 
          24.            0.        2.0000       1.03330        5.6434        6.0591        5.2180        4.7325         0.305       26.5390     0.0511444     0.0021065     0.0019972     0.0001041     0.0000053     0.0000000     0.0000000     0.0000000     0.0000000     0.0000000 
          25.            0.        2.0000       1.03118        5.6444        6.0591        5.2199        4.7357         0.307       26.6109     0.0510010     0.0020710     0.0019621     0.0001037     0.0000052     0.0000000     0.0000000     0.0000000     0.0000000     0.0000000 
          26.            0.        2.0000       1.02911        5.6453        6.0592        5.2218        4.7388         0.309       26.6824     0.0508600     0.0020365     0.0019281     0.0001033     0.0000052     0.0000000     0.0000000     0.0000000     0.0000000     0.0000000 
          26.            0.        2.0000       1.02706        5.6462        6.0592        5.2236        4.7419         0.311       26.7535     0.0507215     0.0020029     0.0018950     0.0001029     0.0000051     0.0000000     0.0000000     0.0000000     0.0000000     0.0000000 
          26.            0.        2.0000       1.02505        5.6471        6.0592        5.2254        4.7449         0.313       26.8242     0.0505854     0.0019702     0.0018627     0.0001025     0.0000050     0.0000000     0.0000000     0.0000000     0.0000000     0.0000000 
          27.            0.        2.0000       1.02306        5.6480        6.0593        5.2271        4.7479         0.315       26.8946     0.0504516     0.0019385     0.0018314     0.0001021     0.0000050     0.0000000     0.0000000     0.0000000     0.0000000     0.0000000 
          28.            0.        2.0000       1.02111        5.6489        6.0593        5.2289        4.7508         0.317       26.9646     0.0503201     0.0019075     0.0018009     0.0001017     0.0000049     0.0000000     0.0000000     0.0000000     0.0000000     0.0000000 
          28.            0.        2.0000       1.01919        5.6497        6.0594        5.2306        4.7537         0.319       27.0343     0.0501907     0.0018774     0.0017712     0.0001014     0.0000048     0.0000000     0.0000000     0.0000000     0.0000000     0.0000000 
          28.            0.        2.0000       1.01730        5.6506        6.0594        5.2323        4.7565         0.321       27.1036     0.0500636     0.0018481     0.0017423     0.0001010     0.0000048     0.0000000     0.0000000     0.0000000     0.0000000     0.0000000 
          29.            0.        2.0000       1.01543        5.6514        6.0595        5.2339        4.7593         0.323       27.1726     0.0499386     0.0018195     0.0017142     0.0001006     0.0000047     0.0000000     0.0000000     0.0000000     0.0000000     0.0000000 
          30.            0.        2.0000       1.01359        5.6522        6.0595        5.2356        4.7620         0.325       27.2412     0.0498156     0.0017917     0.0016868     0.0001003     0.0000047     0.0000000     0.0000000     0.0000000     0.0000000     0.0000000 
          30.            0.        2.0000       1.01179        5.6530        6.0596        5.2372        4.7647         0.328       27.3096     0.0496947     0.0017646     0.0016601     0.0000999     0.0000046     0.0000000     0.0000000     0.0000000     0.0000000     0.0000000 
          30.            0.        2.0000       1.01000        5.6538        6.0596        5.2388        4.7674         0.330       27.3776     0.0495757     0.0017382     0.0016340     0.0000996     0.0000046     0.0000000     0.0000000     0.0000000     0.0000000     0.0000000 
          31.            0.        2.0000       1.00824        5.6546        6.0597        5.2403        4.7700         0.332       27.4454     0.0494585     0.0017125     0.0016087     0.0000993     0.0000045     0.0000000     0.0000000     0.0000000     0.0000000     0.0000000 
          32.            0.        2.0000       1.00651        5.6554        6.0597        5.2419        4.7726         0.334       27.5127     0.0493433     0.0016873     0.0015839     0.0000989     0.0000045     0.0000000     0.0000000     0.0000000     0.0000000     0.0000000 
          32.            0.        2.0000       1.00480        5.6561        6.0597        5.2434        4.7752         0.337       27.5799     0.0492298     0.0016629     0.0015598     0.0000986     0.0000044     0.0000000     0.0000000     0.0000000     0.0000000     0.0000000 
          32.            0.        2.0000       1.00312        5.6569        6.0598        5.2449        4.7777         0.339       27.6466     0.0491181     0.0016390     0.0015363     0.0000983     0.0000044     0.0000000     0.0000000     0.0000000     0.0000000     0.0000000 
          33.            0.        2.0000       1.00146        5.6576        6.0598        5.2463        4.7801         0.341       27.7131     0.0490081     0.0016157     0.0015134     0.0000980     0.0000043     0.0000000     0.0000000     0.0000000     0.0000000     0.0000000 
          34.            0.        2.0000       0.99982        5.6583        6.0599        5.2478        4.7826         0.344       27.7792     0.0488998     0.0015929     0.0014910     0.0000977     0.0000043     0.0000000     0.0000000     0.0000000     0.0000000     0.0000000 
          34.            0.        2.0000       0.99821        5.6590        6.0599        5.2492        4.7850         0.346       27.8450     0.0487931     0.0015707     0.0014691     0.0000974     0.0000042     0.0000000     0.0000000     0.0000000     0.0000000     0.0000000 
          34.            0.        2.0000       0.99661        5.6597        6.0599        5.2506        4.7873         0.349       27.9106     0.0486881     0.0015490     0.0014478     0.0000971     0.0000042     0.0000000     0.0000000     0.0000000     0.0000000     0.0000000 
          35.            0.        2.0000       0.99504        5.6604        6.0600        5.2520        4.7897         0.351       27.9758     0.0485846     0.0015278     0.0014269     0.0000968     0.0000041     0.0000000     0.0000000     0.0000000     0.0000000     0.0000000 
          36.            0.        2.0000       0.99349        5.6611        6.0600        5.2533        4.7920         0.354       28.0406     0.0484825     0.0015072     0.0014066     0.0000965     0.0000041     0.0000000     0.0000000     0.0000000     0.0000000     0.0000000 
          36.            0.        2.0000       0.99196        5.6618        6.0601        5.2547        4.7942         0.356       28.1052     0.0483820     0.0014870     0.0013867     0.0000962     0.0000040     0.0000000     0.0000000     0.0000000     0.0000000     0.0000000 
          36.            0.        2.0000       0.99045        5.6625        6.0601        5.2560        4.7965         0.359       28.1694     0.0482829     0.0014672     0.0013673     0.0000959     0.0000040     0.0000000     0.0000000     0.0000000     0.0000000     0.0000000 
          37.            0.        2.0000       0.98895        5.6631        6.0601        5.2573        4.7987         0.361       28.2333     0.0481852     0.0014479     0.0013483     0.0000956     0.0000040     0.0000000     0.0000000     0.0000000     0.0000000     0.0000000 
          38.            0.        2.0000       0.98748        5.6638        6.0602        5.2586        4.8009         0.364       28.2969     0.0480889     0.0014290     0.0013298     0.0000954     0.0000039     0.0000000     0.0000000     0.0000000     0.0000000     0.0000000 
          38.            0.        2.0000       0.98603        5.6644        6.0602        5.2598        4.8030         0.366       28.3602     0.0479940     0.0014106     0.0013116     0.0000951     0.0000039     0.0000000     0.0000000     0.0000000     0.0000000     0.0000000 
          38.            0.        2.0000       0.98459        5.6651        6.0602        5.2611        4.8051         0.369       28.4232     0.0479004     0.0013926     0.0012939     0.0000948     0.0000039     0.0000000     0.0000000     0.0000000     0.0000000     0.0000000 
          39.            0.        2.0000       0.98317        5.6657        6.0603        5.2623        4.8072         0.371       28.4858     0.0478080     0.0013749     0.0012765     0.0000946     0.0000038     0.0000000     0.0000000     0.0000000     0.0000000     0.0000000 
          40.            0.        2.0000       0.98177        5.6663        6.0603        5.2635        4.8092         0.374       28.5481     0.0477170     0.0013576     0.0012596     0.0000943     0.0000038     0.0000000     0.0000000     0.0000000     0.0000000     0.0000000 
          40.            0.        2.0000       0.98039        5.6669        6.0604        5.2647        4.8113         0.376       28.6102     0.0476271     0.0013407     0.0012430     0.0000940     0.0000037     0.0000000     0.0000000     0.0000000     0.0000000     0.0000000 
          40.            0.        2.0000       0.97902        5.6675        6.0604        5.2659        4.8133         0.379       28.6719     0.0475385     0.0013242     0.0012267     0.0000938     0.0000037     0.0000000     0.0000000     0.0000000     0.0000000     0.0000000 
          41.            0.        2.0000       0.97767        5.6681        6.0604        5.2671        4.8152         0.381       28.7333     0.0474511     0.0013080     0.0012108     0.0000935     0.0000037     0.0000000     0.0000000     0.0000000     0.0000000     0.0000000 
          42.            0.        2.0000       0.97633        5.6687        6.0605        5.2682        4.8172         0.384       28.7944     0.0473649     0.0012922     0.0011952     0.0000933     0.0000036     0.0000000     0.0000000     0.0000000     0.0000000     0.0000000 
          42.            0.        2.0000       0.97501        5.6693        6.0605        5.2694        4.8191         0.386       28.8552     0.0472798     0.0012767     0.0011800     0.0000931     0.0000036     0.0000000     0.0000000     0.0000000     0.0000000     0.0000000 
          42.            0.        2.0000       0.97371        5.6698        6.0605        5.2705        4.8210         0.389       28.9157     0.0471958     0.0012615     0.0011651     0.0000928     0.0000036     0.0000000     0.0000000     0.0000000     0.0000000     0.0000000 
          43.            0.        2.0000       0.97242        5.6704        6.0606        5.2716        4.8229         0.391       28.9759     0.0471129     0.0012466     0.0011504     0.0000926     0.0000036     0.0000000     0.0000000     0.0000000     0.0000000     0.0000000 
          44.            0.        2.0000       0.97115        5.6709        6.0606        5.2727        4.8247         0.394       29.0358     0.0470310     0.0012320     0.0011361     0.0000923     0.0000035     0.0000000     0.0000000     0.0000000     0.0000000     0.0000000 
          44.            0.        2.0000       0.96989        5.6715        6.0606        5.2738        4.8265         0.396       29.0954     0.0469503     0.0012177     0.0011221     0.0000921     0.0000035     0.0000000     0.0000000     0.0000000     0.0000000     0.0000000 
          44.            0.        2.0000       0.96864        5.6720        6.0607        5.2748        4.8283         0.398       29.1548     0.0468705     0.0012037     0.0011083     0.0000919     0.0000035     0.0000000     0.0000000     0.0000000     0.0000000     0.0000000 
          45.            0.        2.0000       0.96741        5.6726        6.0607        5.2759        4.8301         0.401       29.2138     0.0467918     0.0011900     0.0010949     0.0000917     0.0000034     0.0000000     0.0000000     0.0000000     0.0000000     0.0000000 
          46.            0.        2.0000       0.96620        5.6731        6.0607        5.2769        4.8318         0.403       29.2725     0.0467140     0.0011765     0.0010817     0.0000914     0.0000034     0.0000000     0.0000000     0.0000000     0.0000000     0.0000000 
          46.            0.        2.0000       0.96499        5.6736        6.0608        5.2779        4.8335         0.406       29.3309     0.0466373     0.0011633     0.0010687     0.0000912     0.0000034     0.0000000     0.0000000     0.0000000     0.0000000     0.0000000 
          46.            0.        2.0000       0.96380        5.6741        6.0608        5.2789        4.8352         0.408       29.3891     0.0465614     0.0011504     0.0010560     0.0000910     0.0000033     0.0000000     0.0000000     0.0000000     0.0000000     0.0000000 
          47.            0.        2.0000       0.96262        5.6747        6.0608        5.2799        4.8369         0.411       29.4470     0.0464866     0.0011377     0.0010436     0.0000908     0.0000033     0.0000000     0.0000000     0.0000000     0.0000000     0.0000000 
          48.            0.        2.0000       0.96146        5.6752        6.0608        5.2809        4.8385         0.413       29.5046     0.0464126     0.0011252     0.0010314     0.0000906     0.0000033     0.0000000     0.0000000     0.0000000     0.0000000     0.0000000 
          48.            0.        2.0000       0.96031        5.6757        6.0609        5.2819        4.8402         0.415       29.5619     0.0463395     0.0011130     0.0010194     0.0000904     0.0000033     0.0000000     0.0000000     0.0000000     0.0000000     0.0000000 
          48.            0.        2.0000       0.95917        5.6762        6.0609        5.2828        4.8418         0.418       29.6190     0.0462674     0.0011010     0.0010076     0.0000902     0.0000032     0.0000000     0.0000000     0.0000000     0.0000000     0.0000000 
          49.            0.        2.0000       0.95804        5.6766        6.0609        5.2838        4.8434         0.420       29.6758     0.0461961     0.0010893     0.0009961     0.0000899     0.0000032     0.0000000     0.0000000     0.0000000     0.0000000     0.0000000 
          50.            0.        2.0000       0.95692        5.6771        6.0610        5.2847        4.8449         0.422       29.7323     0.0461256     0.0010777     0.0009848     0.0000897     0.0000032     0.0000000     0.0000000     0.0000000     0.0000000     0.0000000 
          50.            0.        2.0000       0.95582        5.6776        6.0610        5.2856        4.8465         0.425       29.7885     0.0460560     0.0010664     0.0009737     0.0000895     0.0000032     0.0000000     0.0000000     0.0000000     0.0000000     0.0000000 
          50.            0.        2.0000       0.95472        5.6781        6.0610        5.2865        4.8480         0.427       29.8445     0.0459872     0.0010553     0.0009628     0.0000893     0.0000031     0.0000000     0.0000000     0.0000000     0.0000000     0.0000000 
          51.            0.        2.0000       0.95364        5.6785        6.0611        5.2874        4.8495         0.429       29.9002     0.0459193     0.0010444     0.0009521     0.0000891     0.0000031     0.0000000     0.0000000     0.0000000     0.0000000     0.0000000 
          52.            0.        2.0000       0.95257        5.6790        6.0611        5.2883        4.8510         0.432       29.9556     0.0458521     0.0010336     0.0009416     0.0000890     0.0000031     0.0000000     0.0000000     0.0000000     0.0000000     0.0000000 
          52.            0.        2.0000       0.95151        5.6794        6.0611        5.2892        4.8524         0.434       30.0108     0.0457857     0.0010231     0.0009313     0.0000888     0.0000031     0.0000000     0.0000000     0.0000000     0.0000000     0.0000000 
          52.            0.        2.0000       0.95046        5.6799        6.0611        5.2900        4.8539         0.436       30.0658     0.0457201     0.0010128     0.0009211     0.0000886     0.0000031     0.0000000     0.0000000     0.0000000     0.0000000     0.0000000 
          53.            0.        2.0000       0.94942        5.6803        6.0612        5.2909        4.8553         0.438       30.1205     0.0456552     0.0010026     0.0009112     0.0000884     0.0000030     0.0000000     0.0000000     0.0000000     0.0000000     0.0000000 
          54.            0.        2.0000       0.94839        5.6808        6.0612        5.2917        4.8567         0.441       30.1749     0.0455911     0.0009926     0.0009014     0.0000882     0.0000030     0.0000000     0.0000000     0.0000000     0.0000000     0.0000000 
          54.            0.        2.0000       0.94737        5.6812        6.0612        5.2925        4.8581         0.443       30.2291     0.0455277     0.0009828     0.0008918     0.0000880     0.0000030     0.0000000     0.0000000     0.0000000     0.0000000     0.0000000 
          54.            0.        2.0000       0.94636        5.6816        6.0613        5.2934        4.8594         0.445       30.2830     0.0454650     0.0009732     0.0008824     0.0000878     0.0000030     0.0000000     0.0000000     0.0000000     0.0000000     0.0000000 
          55.            0.        2.0000       0.94536        5.6821        6.0613        5.2942        4.8608         0.447       30.3367     0.0454030     0.0009637     0.0008731     0.0000877     0.0000030     0.0000000     0.0000000     0.0000000     0.0000000     0.0000000 
          56.            0.        2.0000       0.94437        5.6825        6.0613        5.2950        4.8621         0.449       30.3901     0.0453417     0.0009544     0.0008640     0.0000875     0.0000029     0.0000000     0.0000000     0.0000000     0.0000000     0.0000000 
          56.            0.        2.0000       0.94339        5.6829        6.0613        5.2957        4.8634         0.452       30.4433     0.0452811     0.0009452     0.0008550     0.0000873     0.0000029     0.0000000     0.0000000     0.0000000     0.0000000     0.0000000 
          56.            0.        2.0000       0.94242        5.6833        6.0614        5.2965        4.8647         0.454       30.4963     0.0452211     0.0009362     0.0008462     0.0000871     0.0000029     0.0000000     0.0000000     0.0000000     0.0000000     0.0000000 
          57.            0.        2.0000       0.94146        5.6837        6.0614        5.2973        4.8660         0.456       30.5490     0.0451618     0.0009274     0.0008375     0.0000870     0.0000029     0.0000000     0.0000000     0.0000000     0.0000000     0.0000000 
          58.            0.        2.0000       0.94051        5.6841        6.0614        5.2980        4.8672         0.458       30.6015     0.0451032     0.0009187     0.0008290     0.0000868     0.0000029     0.0000000     0.0000000     0.0000000     0.0000000     0.0000000 
          58.            0.        2.0000       0.93956        5.6845        6.0614        5.2988        4.8684         0.460       30.6537     0.0450452     0.0009101     0.0008207     0.0000866     0.0000028     0.0000000     0.0000000     0.0000000     0.0000000     0.0000000 
          58.            0.        2.0000       0.93863        5.6849        6.0615        5.2995        4.8697         0.462       30.7057     0.0449878     0.0009017     0.0008124     0.0000865     0.0000028     0.0000000     0.0000000     0.0000000     0.0000000     0.0000000 
          59.            0.        2.0000       0.93770        5.6853        6.0615        5.3002        4.8709         0.464       30.7575     0.0449311     0.0008934     0.0008043     0.0000863     0.0000028     0.0000000     0.0000000     0.0000000     0.0000000     0.0000000 
          60.            0.        2.0000       0.93678        5.6856        6.0615        5.3010        4.8721         0.466       30.8091     0.0448749     0.0008853     0.0007964     0.0000861     0.0000028     0.0000000     0.0000000     0.0000000     0.0000000     0.0000000 
          60.            0.        2.0000       0.93587        5.6860        6.0615        5.3017        4.8732         0.468       30.8604     0.0448193     0.0008773     0.0007885     0.0000860     0.0000028     0.0000000     0.0000000     0.0000000     0.0000000     0.0000000 
          60.            0.        2.0000       0.93497        5.6864        6.0616        5.3024        4.8744         0.470       30.9115     0.0447644     0.0008694     0.0007808     0.0000858     0.0000027     0.0000000     0.0000000     0.0000000     0.0000000     0.0000000 
          61.            0.        2.0000       0.93408        5.6868        6.0616        5.3031        4.8755         0.472       30.9624     0.0447100     0.0008616     0.0007732     0.0000856     0.0000027     0.0000000     0.0000000     0.0000000     0.0000000     0.0000000 
          62.            0.        2.0000       0.93319        5.6871        6.0616        5.3037        4.8766         0.474       31.0131     0.0446561     0.0008540     0.0007658     0.0000855     0.0000027     0.0000000     0.0000000     0.0000000     0.0000000     0.0000000 
          62.            0.        2.0000       0.93231        5.6875        6.0616        5.3044        4.8778         0.476       31.0635     0.0446029     0.0008464     0.0007584     0.0000853     0.0000027     0.0000000     0.0000000     0.0000000     0.0000000     0.0000000 
          62.            0.        2.0000       0.93144        5.6878        6.0617        5.3051        4.8788         0.478       31.1137     0.0445502     0.0008390     0.0007512     0.0000852     0.0000027     0.0000000     0.0000000     0.0000000     0.0000000     0.0000000 
          63.            0.        2.0000       0.93058        5.6882        6.0617        5.3057        4.8799         0.480       31.1637     0.0444980     0.0008318     0.0007441     0.0000850     0.0000027     0.0000000     0.0000000     0.0000000     0.0000000     0.0000000 
          64.            0.        2.0000       0.92972        5.6885        6.0617        5.3064        4.8810         0.482       31.2135     0.0444463     0.0008246     0.0007371     0.0000849     0.0000026     0.0000000     0.0000000     0.0000000     0.0000000     0.0000000 
          64.            0.        2.0000       0.92887        5.6889        6.0617        5.3070        4.8820         0.484       31.2631     0.0443952     0.0008175     0.0007302     0.0000847     0.0000026     0.0000000     0.0000000     0.0000000     0.0000000     0.0000000 
          64.            0.        2.0000       0.92803        5.6892        6.0618        5.3076        4.8831         0.486       31.3125     0.0443446     0.0008106     0.0007234     0.0000846     0.0000026     0.0000000     0.0000000     0.0000000     0.0000000     0.0000000 
          65.            0.        2.0000       0.92720        5.6895        6.0618        5.3083        4.8841         0.488       31.3617     0.0442945     0.0008037     0.0007167     0.0000844     0.0000026     0.0000000     0.0000000     0.0000000     0.0000000     0.0000000 
          66.            0.        2.0000       0.92637        5.6899        6.0618        5.3089        4.8851         0.490       31.4106     0.0442450     0.0007970     0.0007101     0.0000843     0.0000026     0.0000000     0.0000000     0.0000000     0.0000000     0.0000000 
          66.            0.        2.0000       0.92555        5.6902        6.0618        5.3095        4.8861         0.491       31.4594     0.0441958     0.0007903     0.0007036     0.0000841     0.0000026     0.0000000     0.0000000     0.0000000     0.0000000     0.0000000 
          66.            0.        2.0000       0.92474        5.6905        6.0619        5.3101        4.8871         0.493       31.5079     0.0441473     0.0007838     0.0006972     0.0000840     0.0000026     0.0000000     0.0000000     0.0000000     0.0000000     0.0000000 
          67.            0.        2.0000       0.92393        5.6909        6.0619        5.3107        4.8880         0.495       31.5563     0.0440991     0.0007773     0.0006909     0.0000838     0.0000025     0.0000000     0.0000000     0.0000000     0.0000000     0.0000000 
          68.            0.        2.0000       0.92313        5.6912        6.0619        5.3112        4.8890         0.497       31.6045     0.0440515     0.0007710     0.0006847     0.0000837     0.0000025     0.0000000     0.0000000     0.0000000     0.0000000     0.0000000 
          68.            0.        2.0000       0.92234        5.6915        6.0619        5.3118        4.8899         0.499       31.6525     0.0440043     0.0007647     0.0006786     0.0000836     0.0000025     0.0000000     0.0000000     0.0000000     0.0000000     0.0000000 
          68.            0.        2.0000       0.92155        5.6918        6.0620        5.3124        4.8908         0.500       31.7003     0.0439576     0.0007585     0.0006726     0.0000834     0.0000025     0.0000000     0.0000000     0.0000000     0.0000000     0.0000000 
          69.            0.        2.0000       0.92077        5.6921        6.0620        5.3129        4.8917         0.502       31.7478     0.0439113     0.0007524     0.0006667     0.0000833     0.0000025     0.0000000     0.0000000     0.0000000     0.0000000     0.0000000 
          70.            0.        2.0000       0.92000        5.6924        6.0620        5.3135        4.8926         0.504       31.7953     0.0438655     0.0007464     0.0006608     0.0000831     0.0000025     0.0000000     0.0000000     0.0000000     0.0000000     0.0000000 
          70.            0.        2.0000       0.91923        5.6927        6.0620        5.3140        4.8935         0.505       31.8425     0.0438202     0.0007405     0.0006551     0.0000830     0.0000025     0.0000000     0.0000000     0.0000000     0.0000000     0.0000000 
          70.            0.        2.0000       0.91847        5.6930        6.0621        5.3146        4.8944         0.507       31.8895     0.0437752     0.0007347     0.0006494     0.0000829     0.0000024     0.0000000     0.0000000     0.0000000     0.0000000     0.0000000 
          71.            0.        2.0000       0.91772        5.6933        6.0621        5.3151        4.8953         0.509       31.9364     0.0437307     0.0007290     0.0006438     0.0000827     0.0000024     0.0000000     0.0000000     0.0000000     0.0000000     0.0000000 
          72.            0.        2.0000       0.91697        5.6936        6.0621        5.3156        4.8961         0.510       31.9831     0.0436867     0.0007233     0.0006383     0.0000826     0.0000024     0.0000000     0.0000000     0.0000000     0.0000000     0.0000000 
          72.            0.        2.0000       0.91622        5.6939        6.0621        5.3162        4.8969         0.512       32.0296     0.0436431     0.0007177     0.0006328     0.0000825     0.0000024     0.0000000     0.0000000     0.0000000     0.0000000     0.0000000 
          72.            0.        2.0000       0.91548        5.6941        6.0621        5.3167        4.8978         0.513       32.0760     0.0435998     0.0007122     0.0006275     0.0000824     0.0000024     0.0000000     0.0000000     0.0000000     0.0000000     0.0000000 
          73.            0.        2.0000       0.91475        5.6944        6.0622        5.3172        4.8986         0.515       32.1221     0.0435570     0.0007068     0.0006222     0.0000822     0.0000024     0.0000000     0.0000000     0.0000000     0.0000000     0.0000000 
          74.            0.        2.0000       0.91403        5.6947        6.0622        5.3177        4.8994         0.517       32.1681     0.0435146     0.0007014     0.0006170     0.0000821     0.0000024     0.0000000     0.0000000     0.0000000     0.0000000     0.0000000 
          74.            0.        2.0000       0.91331        5.6950        6.0622        5.3182        4.9001         0.518       32.2140     0.0434726     0.0006962     0.0006118     0.0000820     0.0000024     0.0000000     0.0000000     0.0000000     0.0000000     0.0000000 
          74.            0.        2.0000       0.91259        5.6952        6.0622        5.3186        4.9009         0.520       32.2596     0.0434310     0.0006909     0.0006068     0.0000818     0.0000023     0.0000000     0.0000000     0.0000000     0.0000000     0.0000000 
          75.            0.        2.0000       0.91188        5.6955        6.0622        5.3191        4.9017         0.521       32.3052     0.0433897     0.0006858     0.0006018     0.0000817     0.0000023     0.0000000     0.0000000     0.0000000     0.0000000     0.0000000 
          76.            0.        2.0000       0.91118        5.6958        6.0623        5.3196        4.9024         0.523       32.3505     0.0433489     0.0006807     0.0005968     0.0000816     0.0000023     0.0000000     0.0000000     0.0000000     0.0000000     0.0000000 
          76.            0.        2.0000       0.91048        5.6960        6.0623        5.3200        4.9032         0.525       32.3958     0.0433084     0.0006758     0.0005920     0.0000815     0.0000023     0.0000000     0.0000000     0.0000000     0.0000000     0.0000000 
          76.            0.        2.0000       0.90978        5.6963        6.0623        5.3205        4.9039         0.526       32.4409     0.0432683     0.0006708     0.0005872     0.0000814     0.0000023     0.0000000     0.0000000     0.0000000     0.0000000     0.0000000 
          77.            0.        2.0000       0.90910        5.6965        6.0623        5.3210        4.9046         0.528       32.4861     0.0432286     0.0006660     0.0005824     0.0000812     0.0000023     0.0000000     0.0000000     0.0000000     0.0000000     0.0000000 
          78.            0.        2.0000       0.90842        5.6968        6.0623        5.3214        4.9053         0.530       32.5317     0.0431894     0.0006612     0.0005778     0.0000811     0.0000023     0.0000000     0.0000000     0.0000000     0.0000000     0.0000000 
          78.            0.        2.0000       0.90775        5.6970        6.0624        5.3219        4.9060         0.532       32.5788     0.0431509     0.0006566     0.0005733     0.0000810     0.0000023     0.0000000     0.0000000     0.0000000     0.0000000     0.0000000 
          78.            0.        2.0000       0.90712        5.6973        6.0624        5.3223        4.9068         0.534       32.6305     0.0431138     0.0006522     0.0005690     0.0000809     0.0000023     0.0000000     0.0000000     0.0000000     0.0000000     0.0000000 
          79.            0.        2.0000       0.90658        5.6976        6.0624        5.3228        4.9076         0.538       32.6961     0.0430801     0.0006484     0.0005653     0.0000808     0.0000022     0.0000000     0.0000000     0.0000000     0.0000000     0.0000000 
          80.            0.        2.0000       0.90629        5.6979        6.0624        5.3234        4.9087         0.547       32.8029     0.0430561     0.0006463     0.0005633     0.0000808     0.0000022     0.0000000     0.0000000     0.0000000     0.0000000     0.0000000 
          80.            0.        2.0000       0.91049        5.6966        6.0622        5.3224        4.9087         0.603       33.7168     0.0432549     0.0006753     0.0005915     0.0000815     0.0000023     0.0000000     0.0000000     0.0000000     0.0000000     0.0000000 
          80.            0.        3.0000       0.86476        5.6415        6.0571        5.2334        4.7796         0.641       35.6226     0.0362371     0.0000453     0.0000006     0.0000438     0.0000009     0.0000000     0.0000000     0.0000000     0.0000000     0.0000000 
          81.            0.        4.0000       0.84484        5.5976        6.0520        5.1716        4.7031         0.591       37.2001     0.0328374     0.0000284     0.0000000     0.0000279     0.0000006     0.0000000     0.0000000     0.0000000     0.0000000     0.0000000 
          82.            0.        5.0000       0.83519        5.5645        6.0474        5.1305        4.6590         0.519       38.2438     0.0308169     0.0000197     0.0000000     0.0000193     0.0000004     0.0000000     0.0000000     0.0000000     0.0000000     0.0000000 
          82.            0.        6.0000       0.83048        5.5396        6.0431        5.1026        4.6322         0.456       38.8550     0.0294908     0.0000144     0.0000000     0.0000141     0.0000003     0.0000000     0.0000000     0.0000000     0.0000000     0.0000000 
          82.            0.        7.0000       0.82835        5.5208        6.0393        5.0833        4.6151         0.406       39.1420     0.0285665     0.0000109     0.0000000     0.0000107     0.0000003     0.0000000     0.0000000     0.0000000     0.0000000     0.0000000 
          83.            0.        8.0000       0.82767        5.5065        6.0358        5.0697        4.6041         0.368       39.1957     0.0278941     0.0000085     0.0000000     0.0000082     0.0000003     0.0000000     0.0000000     0.0000000     0.0000000     0.0000000 
          84.            0.        9.0000       0.82786        5.4955        6.0325        5.0601        4.5970         0.339       39.0853     0.0273924     0.0000067     0.0000000     0.0000065     0.0000002     0.0000000     0.0000000     0.0000000     0.0000000     0.0000000 
          84.            0.       10.0000       0.82859        5.4871        6.0295        5.0534        4.5927         0.316       38.8609     0.0270100     0.0000054     0.0000000     0.0000051     0.0000002     0.0000000     0.0000000     0.0000000     0.0000000     0.0000000 
          84.            0.       11.0000       0.82965        5.4807        6.0267        5.0490        4.5904         0.297       38.5576     0.0267137     0.0000043     0.0000000     0.0000041     0.0000002     0.0000000     0.0000000     0.0000000     0.0000000     0.0000000 
          85.            0.       12.0000       0.83091        5.4759        6.0241        5.0461        4.5894         0.281       38.1994     0.0264819     0.0000035     0.0000000     0.0000033     0.0000002     0.0000000     0.0000000     0.0000000     0.0000000     0.0000000 
          86.            0.       13.0000       0.83224        5.4724        6.0218        5.0444        4.5894         0.267       37.8026     0.0262992     0.0000029     0.0000000     0.0000027     0.0000002     0.0000000     0.0000000     0.0000000     0.0000000     0.0000000 
          86.            0.       14.0000       0.83357        5.4697        6.0197        5.0435        4.5899         0.254       37.3785     0.0261538     0.0000024     0.0000000     0.0000022     0.0000002     0.0000000     0.0000000     0.0000000     0.0000000     0.0000000 
          86.            0.       15.0000       0.83481        5.4676        6.0179        5.0430        4.5906         0.244       36.9356     0.0260381     0.0000020     0.0000000     0.0000018     0.0000002     0.0000000     0.0000000     0.0000000     0.0000000     0.0000000 
          87.            0.       16.0000       0.83593        5.4659        6.0162        5.0427        4.5914         0.234       36.4808     0.0259452     0.0000017     0.0000000     0.0000015     0.0000002     0.0000000     0.0000000     0.0000000     0.0000000     0.0000000 
          88.            0.       17.0000       0.83690        5.4643        6.0147        5.0425        4.5921         0.226       36.0209     0.0258711     0.0000014     0.0000000     0.0000012     0.0000002     0.0000000     0.0000000     0.0000000     0.0000000     0.0000000 
          88.            0.       18.0000       0.83772        5.4628        6.0133        5.0422        4.5926         0.219       35.5665     0.0258120     0.0000012     0.0000000     0.0000010     0.0000002     0.0000000     0.0000000     0.0000000     0.0000000     0.0000000 
          88.            0.       19.0000       0.83849        5.4615        6.0122        5.0420        4.5932         0.212       35.1394     0.0257651     0.0000010     0.0000000     0.0000008     0.0000002     0.0000000     0.0000000     0.0000000     0.0000000     0.0000000 
          89.            0.       20.0000       0.83935        5.4607        6.0114        5.0424        4.5941         0.208       34.7579     0.0257279     0.0000009     0.0000000     0.0000007     0.0000002     0.0000000     0.0000000     0.0000000     0.0000000     0.0000000 
          90.            0.       20.0000       0.83841        5.4584        6.0107        5.0399        4.5915         0.206       34.5785     0.0257277     0.0000009     0.0000000     0.0000007     0.0000002     0.0000000     0.0000000     0.0000000     0.0000000     0.0000000 
          90.            0.       20.0000       0.83845        5.4584        6.0107        5.0399        4.5914         0.207       34.5909     0.0257304     0.0000009     0.0000000     0.0000007     0.0000002     0.0000000     0.0000000     0.0000000     0.0000000     0.0000000 
          90.            0.       20.0000       0.83847        5.4584        6.0107        5.0398        4.5912         0.209       34.5953     0.0257329     0.0000009     0.0000000     0.0000007     0.0000002     0.0000000     0.0000000     0.0000000     0.0000000     0.0000000 
          91.            0.       20.0000       0.83847        5.4584        6.0108        5.0397        4.5910         0.210       34.5972     0.0257354     0.0000009     0.0000000     0.0000007     0.0000002     0.0000000     0.0000000     0.0000000     0.0000000     0.0000000 
          92.            0.       20.0000       0.83848        5.4583        6.0107        5.0396        4.5908         0.211       34.5981     0.0257379     0.0000009     0.0000000     0.0000007     0.0000002     0.0000000     0.0000000     0.0000000     0.0000000     0.0000000 
          92.            0.       20.0000       0.83849        5.4583        6.0107        5.0395        4.5906         0.212       34.5988     0.0257405     0.0000009     0.0000000     0.0000007     0.0000002     0.0000000     0.0000000     0.0000000     0.0000000     0.0000000 
          92.            0.       20.0000       0.83849        5.4582        6.0107        5.0393        4.5903         0.213       34.5993     0.0257430     0.0000009     0.0000000     0.0000007     0.0000002     0.0000000     0.0000000     0.0000000     0.0000000     0.0000000 
          93.            0.       20.0000       0.83850        5.4582        6.0107        5.0392        4.5901         0.215       34.5999     0.0257456     0.0000009     0.0000000     0.0000007     0.0000002     0.0000000     0.0000000     0.0000000     0.0000000     0.0000000 
          94.            0.       20.0000       0.83850        5.4581        6.0107        5.0391        4.5899         0.216       34.6004     0.0257482     0.0000009     0.0000000     0.0000007     0.0000002     0.0000000     0.0000000     0.0000000     0.0000000     0.0000000 
          94.            0.       20.0000       0.83851        5.4581        6.0107        5.0390        4.5897         0.217       34.6010     0.0257508     0.0000009     0.0000000     0.0000007     0.0000002     0.0000000     0.0000000     0.0000000     0.0000000     0.0000000 
          94.            0.       20.0000       0.83851        5.4580        6.0107        5.0389        4.5895         0.218       34.6015     0.0257535     0.0000009     0.0000000     0.0000007     0.0000002     0.0000000     0.0000000     0.0000000     0.0000000     0.0000000 
          95.            0.       20.0000       0.83852        5.4580        6.0107        5.0387        4.5892         0.219       34.6021     0.0257561     0.0000009     0.0000000     0.0000007     0.0000002     0.0000000     0.0000000     0.0000000     0.0000000     0.0000000 
          96.            0.       20.0000       0.83853        5.4579        6.0107        5.0386        4.5890         0.221       34.6026     0.0257588     0.0000009     0.0000000     0.0000007     0.0000002     0.0000000     0.0000000     0.0000000     0.0000000     0.0000000 
          96.            0.       20.0000       0.83853        5.4579        6.0107        5.0385        4.5888         0.222       34.6032     0.0257614     0.0000009     0.0000000     0.0000007     0.0000002     0.0000000     0.0000000     0.0000000     0.0000000     0.0000000 
          96.            0.       20.0000       0.83854        5.4578        6.0107        5.0384        4.5886         0.223       34.6038     0.0257641     0.0000009     0.0000000     0.0000007     0.0000002     0.0000000     0.0000000     0.0000000     0.0000000     0.0000000 
          97.            0.       20.0000       0.83854        5.4578        6.0107        5.0383        4.5883         0.225       34.6044     0.0257668     0.0000009     0.0000000     0.0000007     0.0000002     0.0000000     0.0000000     0.0000000     0.0000000     0.0000000 
          98.            0.       20.0000       0.83855        5.4577        6.0107        5.0381        4.5881         0.226       34.6050     0.0257696     0.0000009     0.0000000     0.0000007     0.0000002     0.0000000     0.0000000     0.0000000     0.0000000     0.0000000 
          98.            0.       20.0000       0.83856        5.4577        6.0107        5.0380        4.5879         0.227       34.6056     0.0257723     0.0000009     0.0000000     0.0000007     0.0000002     0.0000000     0.0000000     0.0000000     0.0000000     0.0000000 
          98.            0.       20.0000       0.83856        5.4576        6.0107        5.0379        4.5876         0.229       34.6062     0.0257751     0.0000009     0.0000000     0.0000007     0.0000002     0.0000000     0.0000000     0.0000000     0.0000000     0.0000000 
          99.            0.       20.0000       0.83857        5.4576        6.0107        5.0378        4.5874         0.230       34.6068     0.0257778     0.0000009     0.0000000     0.0000007     0.0000002     0.0000000     0.0000000     0.0000000     0.0000000     0.0000000 
         100.            0.       20.0000       0.83857        5.4575        6.0107        5.0376        4.5872         0.231       34.6075     0.0257806     0.0000009     0.0000000     0.0000007     0.0000002     0.0000000     0.0000000     0.0000000     0.0000000     0.0000000 
         100.            0.       20.0000       0.83858        5.4574        6.0107        5.0375        4.5869         0.233       34.6081     0.0257834     0.0000009     0.0000000     0.0000007     0.0000002     0.0000000     0.0000000     0.0000000     0.0000000     0.0000000 
